125 106 163 135 162 124 122 146 136 163 136 117 157 141 158 151 120 159 183 135 121 104 138 139 129 
0 0 26 0 0 0 0 13 0 0 0 0 18 0 0 0 2 28 0 0 2 0 19 1 0 
0 0 0 0 0 0 0 0 0 0 9 13 9 11 15 0 0 0 0 0 0 0 0 0 0 
0 0 0 1 0 27 30 38 20 34 0 0 0 0 0 0 0 0 1 1 0 0 0 0 0 
0 0 0 0 17 0 0 0 0 12 0 0 0 0 17 0 1 0 0 10 0 0 0 0 19 
0 0 0 0 0 11 0 2 7 9 2 3 4 5 3 0 0 0 3 0 34 42 23 23 21 
0 56 0 0 0 0 32 0 1 0 0 43 0 0 0 0 34 0 0 0 0 41 0 0 0 
52 0 1 0 0 54 0 8 0 0 66 0 1 0 1 39 0 0 0 0 48 0 5 0 0 
0 2 0 15 0 0 1 0 20 0 0 0 0 20 0 0 0 0 20 0 0 2 0 19 0 
33 54 44 48 30 0 6 0 2 1 1 0 0 0 0 0 0 0 0 0 0 3 0 0 0 
0 1 0 0 0 0 0 0 4 0 2 2 2 1 9 24 22 24 22 28 0 0 0 0 0 
