144 132 179 130 167 157 132 164 154 184 155 122 155 145 179 168 139 159 172 144 155 134 152 144 148 
0 0 22 0 0 0 0 11 0 0 0 0 18 0 0 0 1 24 0 0 4 5 24 1 0 
0 9 0 20 0 0 8 0 20 0 0 4 0 22 0 0 0 0 26 0 0 7 0 26 0 
32 53 33 43 33 0 9 0 0 0 0 0 0 0 0 0 0 0 0 0 0 0 0 0 0 
34 0 0 0 0 42 0 0 0 0 50 0 0 0 0 28 0 0 0 0 35 0 0 0 0 
0 0 0 0 0 0 0 0 0 0 9 12 10 8 11 0 0 0 0 0 0 0 0 0 0 
0 0 0 0 0 17 21 31 16 26 0 0 0 0 0 0 0 0 0 0 0 0 0 0 0 
0 0 0 0 0 0 0 0 0 0 1 3 4 0 1 0 0 0 0 0 11 16 8 7 6 
0 0 0 0 9 0 0 0 0 9 0 0 0 0 10 0 0 0 0 7 0 0 0 0 15 
0 25 0 1 0 0 21 0 0 0 0 37 0 0 0 0 23 0 0 0 0 30 0 0 0 
0 0 0 5 0 0 0 1 0 0 1 0 4 3 2 18 16 28 31 23 0 0 1 4 0 
