28 37 0 1044 6675 75 9 213 
7297 3054 24 380 0 2236 35 2 
2533 1 0 3 0 15 0 9947 
0 0 4 4920 0 0 0 0 
7 5 0 0 7948 2 0 0 
0 1 0 0 10073 5 3 0 
1 1478 18 2 0 0 357 0 
0 0 0 0 0 0 1251 724 
0 1 0 0 0 2573 0 0 
2435 1 0 0 0 0 0 0 
0 0 0 0 0 64 305 1262 
0 52 0 0 4 1460 1167 0 
12 50 0 0 1473 0 0 1 
0 0 0 0 0 1127 0 0 
0 0 0 0 0 0 7342 1 
0 0 0 0 1 129 0 2205 
0 0 0 1844 874 29 1755 48 
0 0 0 0 8490 1 0 0 
0 0 0 0 0 0 117 1346 
6557 2 0 0 0 23 0 0 
1 0 0 5 17 5788 0 0 
0 155 74 1 0 128 3374 1740 
0 11 0 7 1 25 10770 0 
0 3271 1046 2066 13 2 43 1 
12 0 0 16 7 2594 0 5 
0 0 0 0 0 1643 0 0 
1 1 0 0 0 0 0 1406 
0 0 9 0 0 0 2369 1 
2 0 0 0 1 713 1 2 
0 0 0 1120 0 1060 1431 0 
0 0 0 23 13 6031 0 0 
0 0 0 27 1465 0 0 1 
0 0 8 13 0 324 621 0 
0 0 0 1 4667 4 0 0 
