36 43 1 890 6681 47 13 122 
7580 3055 16 0 3 2244 9 0 
7035 1 0 1 0 0 0 2897 
1 0 58 4959 2 4 0 3 
4 0 0 5 7952 3 0 0 
0 0 0 0 10036 7 4 0 
0 1759 0 0 0 0 2 0 
0 0 0 0 0 4 1233 739 
0 0 0 0 0 2583 0 0 
2250 0 0 0 1 0 6 0 
0 0 0 0 0 77 279 1268 
0 0 218 0 4 2433 23 7 
7 30 1 0 1473 0 0 0 
0 0 0 0 1 1126 0 0 
0 0 1 0 1 0 6686 1 
0 0 0 0 0 211 0 2098 
3 0 3 2211 456 13 1855 8 
0 0 0 2 8471 4 0 0 
0 0 0 0 0 0 1 1079 
6497 0 0 10 0 8 1 0 
0 0 0 6 19 5784 0 0 
0 59 63 0 0 140 3184 1989 
0 13 0 8 1 15 10788 0 
0 3458 835 2101 1 0 42 1 
9 0 0 0 1 2602 0 0 
0 0 0 0 0 1639 0 0 
5 0 0 0 0 0 0 1424 
0 0 20 7 21 10 2289 0 
0 0 0 0 0 739 0 3 
7 0 0 1442 0 1103 653 0 
0 1 29 51 15 6048 0 0 
0 1 0 33 1478 0 0 2 
0 0 1 2 37 183 929 2 
3 0 2 3 4778 3 0 0 
0 0 0 0 0 0 885 0 
0 1 1 0 0 0 0 3057 
3 0 0 1 1 47 355 0 
