41 94 0 0 33 7429 265 0 
4831 4911 40 4 2 2966 74 0 
0 0 0 0 0 7 9986 0 
0 0 0 0 0 5018 0 0 
0 0 0 0 0 7895 0 0 
2 0 0 0 68 202 9804 0 
32 4 0 0 0 1601 126 0 
0 0 6 2 0 1 0 1967 
0 0 0 34 0 2015 531 0 
1624 0 0 2 0 0 579 0 
0 0 0 0 0 1609 0 0 
0 2650 0 0 10 25 0 0 
0 1368 0 0 126 0 19 0 
0 0 3 0 0 1120 0 0 
0 0 0 0 0 60 6575 1 
1043 0 17 0 0 266 984 0 
0 0 0 0 0 1 4550 0 
0 0 0 0 107 8371 18 0 
0 0 1 0 0 0 1080 0 
2154 0 0 0 0 3808 18 507 
0 34 4 5523 232 21 0 0 
4506 150 0 1 16 0 0 730 
4 3227 228 1452 0 12 5889 0 
0 4021 1588 814 0 0 2 0 
0 0 0 0 0 2660 0 0 
0 849 0 5 0 784 0 0 
0 0 0 0 0 1430 0 0 
0 0 0 0 0 0 2345 0 
0 0 0 0 0 781 0 0 
2 2 2655 328 0 54 168 0 
0 0 0 0 0 6185 0 0 
0 562 512 404 35 0 2 0 
0 0 0 0 0 1170 1 0 
0 0 70 26 518 4169 10 0 
0 0 0 1 0 0 416 552 
0 0 0 0 0 0 3061 0 
0 0 1 10 0 379 1 0 
