70 53 0 916 6638 21 2 132 
7514 3103 2 16 0 2174 99 7 
5733 0 0 5 0 0 0 4112 
0 0 68 4942 12 6 1 0 
3 0 0 0 7915 4 0 1 
2 3 0 0 10015 15 3 0 
0 1758 0 0 0 0 1 1 
0 1 0 0 0 0 1205 769 
0 0 0 0 0 2582 0 0 
2319 0 0 1 0 0 0 1 
0 1 0 0 0 92 255 1276 
0 0 231 0 1 2305 141 0 
9 44 0 0 1452 0 5 0 
0 0 0 0 6 1120 1 0 
0 0 0 0 0 0 6683 1 
1 0 0 1 0 215 0 2089 
0 4 0 2303 537 3 1664 41 
0 0 0 0 8490 4 0 0 
0 0 0 0 0 0 1 1079 
6521 0 0 0 0 14 0 1 
0 0 0 11 20 5778 0 0 
0 97 58 2 5 175 3239 1867 
0 10 0 7 2 15 10804 0 
4 3165 885 2322 0 6 60 0 
0 0 11 0 15 2579 6 0 
0 0 0 0 0 1637 0 0 
3 0 0 0 0 0 0 1426 
0 0 28 0 0 0 2323 0 
0 0 0 0 0 741 0 1 
26 0 0 846 3 1135 1582 0 
0 0 22 16 0 6112 0 1 
0 0 0 37 1470 6 1 0 
10 1 0 0 46 479 617 0 
0 0 0 1 4809 6 0 0 
0 0 0 0 0 0 886 0 
0 0 0 0 0 0 0 3059 
