0 528 0 10 0 0 0 0 
4 0 0 0 474 52 0 0 
0 0 0 0 0 1023 0 0 
41 6 415 41 0 1 0 0 
1018 7 0 2 3 0 0 451 
505 2 0 0 0 2 24 0 
0 701 0 0 0 0 0 0 
1039 0 0 0 0 0 161 0 
0 0 566 2 0 2 4 7 
0 0 19 45 177 0 39 0 
0 0 0 0 0 489 2 0 
1 0 0 97 493 27 0 0 
0 1155 0 0 2 0 0 0 
0 0 11 0 347 0 7 10 
0 569 1 0 5 49 9 0 
30 322 281 0 107 0 0 601 
0 618 142 0 87 633 0 0 
557 12 437 94 0 0 0 0 
0 0 0 0 0 298 0 0 
6 12 0 0 714 0 0 0 
0 0 0 0 0 370 0 0 
0 17 0 0 0 0 996 7 
2 0 0 514 9 634 0 218 
0 0 0 0 0 331 1 0 
0 72 38 0 37 171 121 8 
53 15 0 318 0 5 21 0 
0 0 1253 61 0 0 0 0 
0 0 11 0 1 0 0 264 
1367 0 0 0 0 0 0 0 
328 0 5 1 0 30 16 0 
235 0 0 247 11 32 9 0 
0 1 0 5 13 250 1 0 
0 0 0 0 0 0 5 302 
4 0 0 0 0 0 377 0 
4 0 0 1 0 3 0 482 
0 240 0 0 10 0 0 1 
9 0 0 0 313 0 3 0 
3 0 0 0 0 846 0 0 
318 0 0 0 2 1 1 20 
0 0 0 0 0 379 0 0 
343 0 0 0 6 9 29 0 
0 18 12 0 0 0 1020 0 
0 7 5 0 0 0 860 5 
0 0 0 0 186 0 0 1 
0 0 0 0 0 0 0 789 
1065 28 0 33 0 50 100 0 
0 0 955 0 0 0 0 0 
0 0 0 278 0 0 0 0 
0 0 0 827 0 0 0 0 
13 0 0 0 0 6 464 0 
0 0 0 0 387 0 0 1 
0 52 0 83 102 0 63 24 
1 0 0 0 0 0 0 168 
0 447 0 10 0 8 0 0 
0 0 0 0 0 1196 0 0 
486 0 0 3 0 0 8 0 
0 0 223 0 0 0 0 0 
0 375 0 0 42 0 0 0 
112 0 263 25 0 3 0 0 
