6 490 82 0 16 0 1 0 
0 0 0 0 455 75 0 0 
0 0 0 0 0 1121 0 0 
10 0 2 0 0 0 388 114 
1146 0 0 0 0 0 0 342 
499 0 0 0 0 0 23 0 
0 667 0 0 0 0 0 0 
843 0 0 0 0 0 396 0 
0 0 581 0 0 0 0 0 
0 0 0 0 12 0 268 0 
0 0 0 0 0 412 2 0 
0 76 0 1 58 483 0 0 
25 1035 36 6 0 0 0 97 
2 0 0 50 34 0 265 0 
0 495 0 0 5 0 0 133 
23 180 737 0 0 0 0 373 
0 882 15 0 31 0 4 23 
508 0 95 197 294 0 4 0 
0 0 0 0 0 375 0 0 
0 0 0 0 719 1 12 0 
0 0 0 0 0 370 0 0 
25 0 0 0 0 43 922 2 
160 0 5 65 0 1063 0 0 
0 0 0 0 0 302 0 0 
7 1 2 36 178 152 0 6 
8 0 11 121 4 43 174 62 
0 1 1270 0 0 0 0 0 
0 0 0 0 0 0 0 266 
1361 0 0 0 0 0 0 0 
375 6 0 0 0 0 0 2 
519 0 0 15 0 0 0 0 
0 0 0 0 0 0 4 303 
0 0 0 0 0 0 276 0 
92 0 105 20 1 0 20 242 
0 189 0 62 0 0 0 0 
0 0 0 1 252 44 27 1 
37 108 0 0 53 48 207 163 
0 0 0 0 342 0 0 0 
0 0 0 0 0 380 0 0 
173 0 45 111 0 2 1 0 
1 10 0 2 0 0 1045 0 
0 0 1 25 0 0 743 86 
0 5 1 0 189 0 1 6 
1 0 0 0 0 0 0 611 
1313 0 0 0 6 0 1 0 
177 0 384 0 0 1 0 403 
1 1 0 276 0 0 0 0 
0 0 0 858 0 0 0 0 
0 3 0 0 0 1 588 0 
0 0 0 0 388 0 0 0 
0 0 0 151 0 0 0 173 
0 0 0 0 0 3 0 363 
2 448 9 0 1 0 0 0 
0 0 1 0 0 1192 0 0 
482 0 3 1 0 3 0 1 
0 0 223 0 0 0 0 0 
0 296 3 5 122 0 0 3 
0 0 38 42 0 0 0 337 
0 1 0 0 0 521 0 0 
81 9 89 0 37 331 0 0 
