7 572 0 0 0 4 0 0 
2 0 2 0 467 57 1 1 
0 1 0 1 0 1015 0 0 
254 1 387 89 7 0 2 1 
1117 0 4 0 6 0 0 369 
489 0 0 0 0 2 30 0 
0 693 0 0 0 1 0 0 
1068 0 6 0 2 0 147 1 
2 5 563 2 0 0 0 0 
0 0 0 265 4 0 10 1 
0 0 0 0 0 487 4 0 
0 58 0 11 548 1 0 0 
4 1090 0 8 0 28 0 40 
0 0 0 0 377 0 0 0 
0 472 1 0 120 4 0 36 
1 593 42 0 225 129 0 350 
2 577 24 0 276 424 2 174 
683 0 0 4 4 19 0 391 
0 0 0 0 0 298 0 0 
0 0 2 0 707 1 1 21 
0 0 0 0 0 370 0 0 
0 2 0 0 2 0 1062 0 
0 3 0 249 0 1129 0 0 
0 0 1 0 0 331 0 0 
23 51 0 1 173 199 0 0 
0 3 53 220 134 1 0 0 
0 0 1254 60 0 0 0 0 
0 0 0 3 0 0 0 273 
1365 0 0 0 0 0 0 0 
274 0 32 0 18 15 0 0 
39 3 0 31 228 233 0 0 
3 0 23 0 0 242 2 0 
0 0 0 0 0 0 14 293 
0 0 2 0 0 0 378 1 
0 0 0 1 27 0 13 449 
1 250 0 0 0 0 0 0 
0 0 9 42 244 0 30 0 
0 2 1 0 0 847 0 0 
129 45 0 0 1 8 0 159 
0 0 0 0 0 379 0 0 
118 43 205 0 0 0 2 0 
0 6 0 0 4 1 1034 0 
1 65 13 255 0 2 539 1 
0 0 0 7 175 0 3 2 
0 1 0 0 0 0 0 788 
1272 46 12 1 5 0 0 1 
0 0 790 2 307 23 0 0 
0 0 0 277 0 0 0 1 
0 3 52 778 3 0 0 0 
2 2 13 0 0 0 466 0 
0 0 0 0 388 0 0 0 
1 0 0 120 47 0 66 90 
0 0 1 0 0 1 0 167 
21 698 0 0 15 4 35 1 
0 0 0 0 0 1202 0 0 
459 0 0 0 13 0 0 10 
0 0 219 0 0 4 0 0 
