1 0 0 2 0 548 0 0 
60 0 20 14 410 25 0 1 
22 0 0 1 0 0 1 1104 
0 14 0 3 474 0 0 1 
0 0 0 0 0 0 0 1483 
0 0 0 0 0 0 544 0 
1 664 0 0 0 0 2 0 
0 0 0 0 1 1192 15 3 
0 0 0 0 0 0 0 581 
0 3 0 0 0 0 3 274 
0 0 0 0 0 0 513 1 
99 0 0 518 0 0 0 1 
0 0 0 0 0 1214 0 0 
0 0 1 0 14 178 112 42 
97 0 0 174 111 0 3 248 
0 5 0 0 0 1299 2 11 
0 0 0 0 0 955 0 0 
0 0 0 0 0 1429 0 0 
0 0 0 0 0 0 0 298 
16 0 261 18 0 12 425 0 
0 0 0 0 0 0 319 49 
0 0 0 0 0 1008 0 0 
0 0 0 0 0 1263 0 1 
56 0 17 1 0 271 0 37 
0 0 0 422 2 0 2 1 
0 4 54 917 296 0 0 0 
0 0 0 14 0 0 0 303 
1042 2 4 0 10 0 313 0 
0 0 0 0 0 398 0 0 
0 486 0 0 13 4 29 2 
0 1 1 0 0 142 162 1 
0 0 0 34 0 2 113 125 
441 0 0 22 0 17 0 0 
0 104 130 17 0 0 0 0 
283 0 0 0 40 0 0 2 
0 0 1 0 0 611 0 2 
0 0 342 0 0 0 0 0 
376 0 5 0 0 0 0 0 
0 4 11 0 1 8 951 69 
0 0 0 0 877 0 0 0 
0 0 0 0 0 202 0 0 
3 13 0 0 0 1 0 595 
0 2 0 67 0 1224 37 0 
0 0 0 6 959 0 0 0 
9 0 222 0 0 0 45 2 
0 0 9 835 11 0 3 0 
0 0 0 29 0 0 266 278 
0 0 2 0 102 0 284 0 
0 0 0 2 0 322 0 0 
0 1 12 0 1 0 3 300 
0 45 0 0 1 443 0 0 
1 28 5 0 5 0 6 1115 
10 0 175 0 1 20 0 287 
0 0 221 2 0 0 0 0 
18 90 0 0 75 245 1 0 
91 0 0 0 324 0 2 0 
0 0 0 0 0 522 0 0 
0 0 3 1 4 535 0 1 
9 39 0 0 2 0 0 277 
