0 0 0 0 2 572 1 0 
44 0 54 2 172 152 1 105 
5 25 0 4 36 27 0 1026 
5 3 0 0 477 4 0 1 
0 0 0 0 0 0 0 1473 
0 0 0 0 0 0 536 0 
3 663 0 0 0 1 0 0 
0 0 0 0 2 1193 25 0 
0 0 0 0 0 0 0 581 
0 0 58 19 2 20 3 178 
0 0 2 0 0 0 492 0 
46 4 0 564 3 0 0 1 
11 5 0 0 2 1156 10 0 
0 1 0 0 241 94 21 0 
1 0 1 17 108 178 25 303 
0 0 0 124 1 1188 0 1 
0 0 0 0 0 954 1 0 
0 0 0 0 0 1097 0 0 
0 0 0 0 0 1 0 297 
0 0 0 522 40 0 153 17 
0 4 2 61 0 5 299 0 
0 0 0 0 0 1022 0 0 
0 0 0 0 0 1398 0 0 
0 0 0 0 24 0 0 213 
59 1 0 3 68 270 31 14 
15 0 1 401 0 0 0 0 
0 0 31 1057 218 6 0 2 
0 0 0 11 0 0 0 265 
1148 0 0 0 0 0 220 0 
0 0 0 0 0 378 0 0 
1 261 2 1 0 259 0 10 
0 0 0 2 1 174 130 0 
2 2 0 60 0 0 102 223 
155 0 0 0 1 0 1 334 
0 128 101 21 1 0 0 0 
303 0 1 0 21 0 0 0 
0 0 0 0 0 613 0 0 
155 0 168 0 7 0 12 0 
10 1 0 41 163 161 1 0 
0 0 0 1 0 335 0 1 
13 0 0 0 0 10 1016 0 
0 0 0 0 873 0 0 0 
0 5 0 0 6 184 0 7 
0 0 3 2 0 0 1 783 
12 0 0 0 14 1252 21 0 
0 0 0 2 960 2 0 1 
0 60 0 207 0 0 11 0 
197 0 0 312 0 54 223 41 
1 1 84 45 331 0 8 13 
20 195 12 0 160 0 1 0 
2 0 0 0 0 319 3 0 
48 69 0 0 0 3 49 0 
0 34 0 0 0 413 0 0 
5 0 2 2 6 0 0 1176 
0 118 6 0 1 191 45 144 
3 0 217 2 0 0 1 0 
0 62 0 1 94 255 0 0 
0 0 3 0 400 0 8 0 
0 0 0 0 0 504 0 0 
2 0 0 0 0 522 7 0 
