206 255 57 50 23 49 22 19 
0 0 0 0 722 21 0 0 
0 0 0 0 0 972 0 0 
128 125 187 6 108 36 116 129 
1049 0 0 0 0 0 0 452 
348 0 0 0 1 0 7 0 
0 468 0 0 0 0 0 0 
0 0 0 0 4 1278 0 0 
644 0 0 0 0 0 285 830 
33 0 448 2 0 0 0 61 
0 4 5 0 70 5 48 148 
0 0 0 0 0 480 24 0 
30 256 49 73 110 1 25 60 
136 428 50 205 17 0 206 126 
59 52 0 19 204 48 3 0 
68 274 58 94 34 51 0 54 
120 210 86 244 262 221 165 39 
14 44 129 107 88 170 24 8 
61 203 27 57 261 200 95 24 
250 381 16 188 38 13 98 109 
0 0 0 0 0 300 0 0 
0 6 11 0 702 0 0 13 
7 188 14 0 13 0 4 0 
0 0 0 0 0 379 0 0 
59 18 0 7 23 88 1230 7 
60 2 119 126 149 849 107 85 
0 0 0 0 0 332 0 0 
0 260 141 0 28 49 90 48 
300 0 67 0 0 0 2 41 
0 0 1443 155 0 2 0 0 
1 5 0 0 0 9 0 196 
1428 0 0 0 0 0 0 0 
114 92 1 35 0 7 8 46 
0 5 80 34 250 0 164 1 
0 0 0 0 0 1 1 649 
0 3 46 1019 0 0 0 0 
0 0 0 8 0 261 1 0 
0 0 0 0 0 0 4 491 
0 0 0 1 0 2 866 0 
267 0 0 6 69 22 0 86 
3 246 0 16 0 0 0 0 
122 13 149 28 2 0 0 16 
1 0 0 0 0 743 0 0 
25 147 25 55 61 1 19 10 
0 1 0 0 0 356 0 0 
91 40 0 78 46 45 33 0 
253 14 0 0 3 134 694 0 
184 167 194 7 37 62 10 184 
0 0 0 0 137 62 0 0 
1 0 0 1 0 0 0 212 
589 920 115 56 2 154 28 89 
187 188 243 5 170 64 41 161 
