0 2 0 0 0 552 0 0 
61 14 45 0 61 98 21 230 
1 23 61 0 0 0 0 938 
1 4 0 0 480 0 1 2 
0 0 0 0 0 0 0 1473 
0 0 0 0 0 0 535 0 
31 620 0 0 0 0 16 0 
0 0 0 5 0 1175 19 0 
0 0 0 0 0 0 0 581 
0 95 92 10 3 1 0 79 
0 0 0 0 0 0 495 0 
67 3 0 548 0 0 0 0 
37 0 0 0 1 1162 0 0 
0 0 7 0 183 185 0 0 
0 0 0 0 13 206 130 284 
4 0 0 17 0 1323 0 0 
0 0 1 0 0 1479 0 0 
0 0 0 0 0 1099 0 0 
0 0 0 0 0 1 0 297 
0 2 1 469 25 1 175 59 
0 0 0 252 0 24 93 1 
0 0 0 0 0 1017 0 0 
0 0 0 0 0 1373 0 0 
1 2 10 0 0 11 0 308 
13 3 13 176 72 170 0 0 
21 1 91 301 0 0 0 1 
0 0 36 1035 243 0 0 0 
1 0 0 11 0 0 0 264 
1192 4 2 11 0 1 157 0 
0 0 0 0 0 374 0 0 
0 84 0 18 0 432 0 0 
0 0 4 0 0 128 175 0 
0 1 6 0 0 0 138 232 
88 0 0 12 0 0 0 390 
0 113 116 22 0 0 0 0 
302 0 0 0 19 0 0 4 
0 0 0 0 0 614 0 0 
82 0 173 4 0 0 60 23 
50 1 0 0 277 49 1 1 
0 2 0 0 0 365 0 0 
11 0 1 55 1 7 975 0 
0 0 0 0 875 0 0 0 
0 0 0 3 0 182 2 0 
2 0 7 0 1 0 6 773 
24 0 0 0 0 1278 0 0 
0 0 1 0 964 0 0 0 
2 0 0 264 8 0 4 0 
0 0 6 290 2 136 393 0 
48 16 185 57 177 0 0 0 
0 168 1 1 119 0 0 99 
0 0 0 0 0 324 0 0 
23 102 18 3 1 0 22 0 
0 37 0 0 0 410 0 0 
32 3 6 0 0 30 19 1106 
0 0 0 0 0 191 15 299 
0 0 223 0 0 0 0 0 
0 54 4 4 71 279 0 0 
47 0 0 0 309 4 0 51 
0 0 0 0 0 504 0 0 
