0 0 0 0 0 554 0 0 
41 0 25 0 156 180 0 128 
5 89 0 4 21 0 0 904 
0 0 0 0 482 1 7 0 
0 0 0 0 0 0 0 1476 
0 0 0 0 0 0 503 0 
20 647 0 0 0 0 0 0 
4 0 0 0 0 1131 91 1 
0 0 0 0 0 1 0 580 
3 1 117 15 0 41 0 103 
0 0 0 0 1 0 490 0 
54 8 0 552 0 3 0 1 
7 0 1 0 0 1164 32 0 
0 0 0 0 163 188 7 0 
0 0 0 0 47 330 64 192 
8 0 0 37 0 1276 0 0 
0 0 0 0 1 1487 0 0 
0 0 0 0 0 1090 0 0 
0 0 0 0 0 1 1 296 
5 0 0 491 37 0 199 0 
8 0 0 136 0 0 219 7 
0 0 0 0 0 1045 0 0 
0 0 0 0 0 1369 0 0 
17 24 0 4 30 0 0 257 
63 0 0 23 95 217 49 0 
63 0 0 353 0 0 1 0 
0 1 22 1004 282 0 0 0 
0 0 0 10 0 0 0 268 
1189 0 0 13 3 0 163 0 
0 0 0 1 0 360 0 1 
0 226 0 0 0 298 10 0 
0 0 0 0 0 141 162 4 
0 4 5 23 0 0 229 131 
121 0 0 0 1 0 0 359 
0 116 109 26 0 0 0 0 
294 0 0 0 31 0 0 0 
0 0 0 0 4 609 0 0 
50 0 248 0 0 0 40 4 
29 0 0 0 160 189 0 0 
0 0 0 0 0 386 0 0 
9 0 0 27 0 0 1002 1 
0 0 0 0 873 0 0 0 
0 0 0 0 4 198 0 0 
33 0 0 0 4 0 4 758 
25 0 0 0 2 1244 23 1 
3 1 0 0 952 0 9 0 
0 14 1 257 3 2 0 1 
77 0 0 285 0 128 331 6 
0 12 114 20 337 0 0 0 
14 148 0 0 175 0 42 9 
0 0 0 0 1 323 0 0 
104 37 13 0 0 0 15 0 
0 30 0 0 5 412 0 0 
44 0 1 0 0 0 0 1151 
0 46 1 7 0 210 18 218 
1 0 226 0 0 0 1 0 
0 41 0 0 61 310 0 0 
0 8 0 1 392 0 1 9 
0 0 0 0 0 504 0 0 
