0 0 0 0 0 607 0 0 
28 0 37 0 87 228 0 150 
0 11 1 0 8 45 0 954 
0 0 2 0 475 9 0 4 
0 0 0 0 2 0 0 1475 
0 0 0 0 0 0 532 0 
30 613 0 0 3 7 14 0 
0 0 0 0 0 1191 26 1 
0 0 1 0 0 0 0 580 
0 23 86 0 0 63 0 108 
6 0 0 0 0 0 491 0 
35 0 2 581 0 0 0 0 
8 0 0 1 0 1133 26 0 
0 0 0 0 110 249 0 0 
0 0 0 18 35 236 183 161 
2 0 0 1 2 1307 1 0 
0 0 0 0 0 1481 0 0 
0 0 0 0 0 1103 0 0 
0 0 0 2 0 1 0 295 
0 0 0 460 121 0 138 13 
0 3 0 123 0 3 241 0 
0 0 0 0 0 1022 1 0 
0 0 15 1 0 1352 0 3 
1 35 4 0 8 7 0 277 
99 28 0 95 47 165 12 1 
87 0 15 293 19 0 0 1 
0 0 42 978 292 0 1 1 
0 0 0 10 0 0 0 266 
1178 0 0 16 6 1 166 0 
0 0 0 0 0 359 0 0 
0 200 0 37 0 297 0 0 
0 1 4 0 0 159 143 0 
3 0 3 0 2 0 141 226 
98 0 0 0 0 0 0 393 
0 116 104 31 0 0 0 0 
292 0 0 0 33 0 0 0 
3 0 0 0 0 612 0 0 
55 0 159 8 0 0 120 0 
55 0 1 1 170 148 3 0 
2 0 0 0 0 384 0 0 
0 1 0 79 0 0 961 13 
0 0 0 0 873 0 0 0 
0 0 0 0 2 197 2 1 
0 0 3 0 0 5 20 761 
15 0 0 1 0 1271 0 11 
1 0 0 0 954 0 0 10 
0 0 0 266 12 0 0 0 
4 0 0 292 0 129 401 1 
18 39 96 11 319 0 0 0 
0 171 0 0 145 0 0 72 
0 0 0 0 0 324 0 0 
58 56 5 7 2 0 41 0 
0 32 2 1 0 393 0 0 
20 2 15 1 0 31 13 1118 
0 0 0 0 0 176 0 325 
0 0 223 0 0 0 0 0 
1 96 0 9 51 255 0 0 
24 0 0 0 384 3 0 0 
0 0 0 0 0 504 0 0 
