1 568 1 0 0 3 0 3 
0 0 1 0 472 57 0 0 
1 0 0 0 0 1086 0 0 
0 0 5 0 0 1 365 132 
1069 0 0 1 1 0 0 418 
492 0 0 0 0 0 33 0 
0 666 0 0 0 1 0 0 
991 0 0 1 8 0 201 0 
0 12 556 6 7 0 0 0 
0 0 0 1 0 2 277 0 
0 0 0 0 0 495 7 0 
0 84 6 0 0 505 23 0 
0 1015 0 25 9 0 0 152 
10 1 0 0 53 1 284 0 
0 411 44 3 0 0 97 78 
0 68 625 9 20 1 38 548 
17 601 87 123 49 5 73 0 
377 0 12 537 170 0 0 8 
0 0 0 0 0 298 0 0 
0 0 0 0 728 1 3 0 
0 0 0 0 0 367 0 0 
2 0 3 0 0 0 1022 0 
44 0 0 0 34 1216 0 0 
0 0 0 0 0 343 0 0 
76 9 0 19 0 278 0 0 
30 19 185 0 0 0 117 76 
0 0 1271 0 0 0 0 0 
0 0 0 0 0 0 0 315 
1364 0 0 0 0 0 0 0 
271 14 79 0 6 19 0 12 
259 0 97 2 102 63 0 11 
0 2 0 0 0 0 9 296 
0 1 0 4 0 0 274 0 
0 4 126 0 0 2 36 312 
1 247 0 1 0 0 2 0 
29 0 0 26 263 0 0 7 
1 254 21 0 0 0 39 299 
0 0 48 0 281 5 8 0 
0 1 0 0 0 381 0 0 
138 0 28 164 0 2 0 0 
0 4 0 0 0 0 1048 0 
5 0 0 4 5 0 770 82 
3 1 0 6 191 0 1 0 
0 0 1 0 0 0 0 611 
1169 0 36 0 35 57 0 0 
256 199 89 213 17 0 17 174 
0 0 0 277 0 1 0 0 
1 0 0 853 4 0 0 0 
4 1 0 5 0 156 418 2 
0 0 0 0 388 0 0 0 
9 0 13 283 0 19 0 0 
0 0 2 0 0 0 0 315 
0 471 0 6 1 0 0 0 
0 0 0 0 0 1185 0 0 
480 0 1 8 0 0 0 0 
0 0 223 0 0 0 0 0 
0 352 5 2 35 33 2 0 
0 0 165 1 3 0 0 248 
0 0 0 0 0 522 0 0 
34 0 223 0 0 275 0 13 
