1 0 0 0 1 573 0 0 
0 129 0 0 400 1 0 0 
0 3 0 1 0 0 15 1097 
0 0 0 91 325 7 0 33 
0 0 0 0 0 0 0 1483 
0 1 0 0 0 0 523 0 
0 662 5 0 0 0 0 0 
0 0 0 0 0 1136 71 0 
0 0 0 0 0 0 0 581 
0 0 3 0 0 24 5 248 
1 21 4 0 0 0 502 0 
36 0 0 582 0 0 0 0 
0 0 0 0 0 1201 0 0 
0 0 0 7 0 0 332 4 
0 0 0 190 169 2 58 214 
0 0 267 0 6 1003 0 31 
0 0 0 0 0 955 0 0 
0 0 0 0 0 1434 1 0 
0 0 0 0 0 0 6 292 
1 7 0 63 201 0 459 1 
140 0 0 35 0 28 129 36 
0 0 0 0 0 1051 0 0 
1 0 3 0 0 1207 0 0 
0 140 9 3 0 230 0 0 
451 0 0 0 0 0 1 3 
0 0 44 953 274 0 0 0 
0 0 0 11 0 0 0 306 
602 0 0 0 3 0 87 0 
0 0 0 0 0 384 0 0 
0 114 165 0 2 0 252 1 
0 3 0 1 0 162 141 0 
0 0 0 46 1 0 82 130 
223 0 0 0 2 47 207 1 
1 118 120 12 0 0 0 0 
290 1 0 4 30 0 0 0 
0 0 0 0 0 612 0 0 
0 0 291 16 5 28 2 0 
196 0 0 64 0 0 121 0 
0 16 2 1 42 0 987 0 
0 0 0 0 928 0 0 1 
0 0 0 0 0 201 0 1 
0 0 0 2 0 3 0 607 
0 1 0 0 0 1290 22 0 
0 0 0 0 889 33 0 27 
0 0 0 165 95 0 0 0 
41 3 0 792 4 0 36 0 
52 20 185 3 5 1 18 289 
0 0 77 45 1 1 220 44 
0 1 0 0 0 321 1 1 
1 0 0 6 0 0 14 296 
0 29 0 0 0 432 0 4 
12 0 8 0 13 0 0 975 
12 100 123 2 87 0 28 141 
0 0 223 0 0 0 0 0 
3 81 0 0 65 275 2 3 
105 0 8 0 2 0 302 0 
0 0 0 0 0 545 0 0 
0 0 0 1 0 568 0 4 
0 0 147 14 2 5 0 323 
481 46 0 38 0 0 119 0 
