37 478 0 0 1 0 0 13 
0 0 1 3 464 76 0 0 
0 0 0 0 0 1021 0 0 
340 0 289 112 0 0 0 0 
1054 1 0 2 9 0 3 427 
499 0 0 0 0 0 29 0 
0 720 0 0 0 0 0 0 
1052 0 2 1 0 16 134 15 
0 0 569 3 0 0 0 0 
0 2 0 254 19 0 0 6 
0 0 0 0 0 489 3 0 
0 138 16 0 443 1 19 1 
3 960 0 27 0 21 7 136 
0 9 1 2 361 4 0 0 
0 488 0 0 89 0 0 56 
0 652 22 0 109 174 0 381 
0 735 75 0 110 402 22 139 
471 3 6 0 0 52 0 568 
0 0 0 0 0 298 0 0 
0 0 0 0 723 9 0 0 
0 0 0 0 0 370 0 0 
0 0 0 0 0 0 1070 0 
5 11 0 271 3 1092 0 0 
0 0 0 0 0 332 0 0 
0 143 24 0 126 154 0 0 
18 0 66 237 74 0 15 0 
0 0 1253 60 0 0 0 1 
0 0 0 0 0 0 0 276 
1358 0 0 0 0 0 0 0 
272 0 37 0 43 0 8 13 
143 41 0 33 66 250 0 1 
0 0 0 5 0 265 0 0 
0 0 0 0 0 0 14 293 
1 0 0 0 0 0 390 0 
2 0 2 0 10 0 0 476 
0 250 0 0 0 0 1 0 
0 7 63 49 133 0 57 16 
0 0 0 0 0 850 0 0 
142 80 0 0 0 9 11 100 
0 0 0 0 0 378 1 0 
228 55 95 9 0 0 0 0 
0 3 0 0 0 39 1003 0 
0 111 2 94 0 77 592 0 
1 0 1 0 183 1 0 1 
0 0 0 0 0 0 0 789 
1189 60 0 2 14 12 0 6 
0 1 740 35 296 35 0 1 
0 0 0 277 1 0 0 0 
0 2 44 789 0 0 0 0 
6 0 0 2 0 0 464 0 
1 0 0 0 387 0 0 0 
3 5 0 58 1 0 174 83 
0 0 0 0 0 0 0 169 
12 790 0 0 1 0 15 0 
0 0 0 0 1 1197 0 0 
470 0 0 3 5 2 0 2 
0 0 223 0 0 0 0 0 
