5 595 0 1 0 0 0 7 
1 0 0 0 468 59 2 0 
0 0 0 0 0 1116 0 0 
0 16 0 0 0 0 320 120 
1109 1 0 0 0 0 0 375 
505 0 0 0 0 0 27 0 
0 666 0 0 0 0 1 0 
912 0 0 0 0 0 284 0 
4 0 563 6 0 0 8 0 
267 6 0 0 4 0 2 1 
0 0 0 0 0 507 6 0 
47 0 0 0 9 403 159 0 
1 1108 0 0 0 1 27 56 
0 137 0 0 21 13 92 80 
10 1 451 0 4 0 40 127 
0 40 433 0 0 30 0 807 
0 669 0 256 0 3 27 0 
0 2 318 1110 0 0 0 0 
0 0 0 0 0 301 0 0 
0 0 0 0 731 0 0 1 
0 0 0 0 0 369 0 0 
0 0 0 0 0 0 1055 0 
1 0 0 0 0 1233 0 0 
67 2 71 6 0 226 3 7 
0 16 0 1 0 373 41 24 
0 0 1271 0 0 0 0 0 
0 0 0 0 0 0 0 315 
691 0 0 0 0 0 0 0 
119 103 10 15 3 0 116 18 
28 0 32 1 182 2 279 10 
0 0 0 0 0 0 8 299 
0 0 0 0 0 0 272 0 
0 0 0 0 0 0 0 480 
0 241 0 3 0 6 1 0 
11 0 0 110 180 24 0 0 
0 0 0 0 104 0 231 277 
0 0 0 0 43 299 0 0 
0 3 0 0 0 376 1 0 
25 0 11 22 0 5 962 22 
0 2 22 51 22 0 749 60 
0 0 0 0 202 0 0 0 
0 0 0 0 0 0 0 612 
1175 74 14 1 7 0 45 0 
118 30 0 44 19 22 523 216 
0 0 0 260 0 0 0 0 
0 5 0 870 0 1 0 0 
4 56 0 0 0 0 488 25 
0 0 0 0 388 0 0 0 
89 0 1 116 0 0 118 0 
1 0 0 0 0 0 0 316 
0 419 1 0 0 1 7 12 
0 0 0 0 0 1093 0 0 
482 0 11 0 0 0 0 0 
0 0 223 0 0 0 0 0 
2 342 28 13 44 0 0 0 
0 0 2 1 9 60 0 345 
0 0 0 0 0 521 1 0 
451 121 0 0 0 0 0 0 
0 0 0 0 0 406 0 0 
684 0 0 0 0 0 0 0 
