579 899 193 298 205 205 43 281 
0 0 0 2 852 42 0 0 
0 0 0 0 0 1107 0 0 
206 190 249 59 577 93 239 236 
1039 15 3 4 1 4 0 469 
295 0 0 0 0 0 11 0 
0 469 0 0 0 0 0 0 
0 0 0 0 2 1323 0 0 
482 30 18 27 47 2 369 1032 
49 27 128 56 78 1 0 205 
15 11 1 29 100 50 64 10 
0 0 0 0 0 569 1 0 
196 140 113 152 136 92 50 65 
153 326 179 88 128 7 110 174 
121 25 39 44 104 46 2 6 
44 135 59 60 38 155 34 135 
178 385 147 319 224 185 271 66 
24 70 85 105 95 144 67 25 
80 98 82 169 77 94 48 71 
254 253 63 99 76 62 124 100 
0 0 0 0 0 375 0 0 
20 94 2 3 510 28 35 40 
68 43 0 26 0 20 10 56 
0 0 0 0 0 379 0 0 
53 135 76 28 58 158 761 143 
142 141 80 190 215 460 294 86 
159 13 20 22 38 184 739 50 
21 189 14 12 66 144 88 82 
138 58 93 0 17 0 21 83 
0 1 1432 165 0 1 0 0 
156 132 128 125 89 238 32 105 
1461 0 0 1 0 0 0 0 
44 100 29 52 19 64 10 76 
46 20 85 135 126 51 70 1 
0 2 0 0 0 38 1 774 
0 0 62 1000 6 0 0 0 
8 8 33 48 0 162 0 0 
0 0 0 0 0 0 11 483 
0 0 0 0 0 131 0 0 
5 20 12 0 1 17 865 0 
177 42 8 9 104 28 31 55 
0 202 0 0 0 61 0 2 
71 0 102 21 128 2 0 6 
45 29 18 18 14 392 97 0 
