0 556 0 6 0 0 0 0 
1 0 0 0 448 81 0 0 
0 0 2 0 0 1121 0 0 
0 0 15 0 1 1 323 147 
1125 2 0 0 0 0 0 368 
508 0 0 0 0 0 24 0 
0 667 0 0 0 0 0 0 
858 0 0 0 34 0 315 0 
0 7 572 0 0 0 2 0 
0 2 0 0 0 0 274 4 
0 0 0 0 0 506 8 0 
0 118 0 1 0 425 74 0 
0 1024 0 11 22 0 0 141 
0 0 1 1 10 0 335 1 
0 367 34 2 0 0 182 48 
0 127 537 1 0 0 75 569 
8 529 92 233 79 2 11 1 
335 0 0 668 74 0 0 26 
0 0 0 0 0 300 0 0 
0 0 0 0 718 13 1 0 
0 0 0 0 0 367 0 0 
0 0 0 0 0 0 1009 0 
26 0 0 0 71 1162 5 0 
87 0 0 9 1 263 3 19 
1 13 81 0 6 16 176 134 
0 0 1271 0 0 0 0 0 
0 0 2 0 0 0 0 314 
1371 0 0 0 0 0 0 0 
268 0 92 0 0 0 0 0 
188 0 98 0 99 115 34 0 
0 0 0 0 0 0 6 301 
0 0 0 1 0 0 277 0 
0 1 31 0 0 0 11 437 
1 249 0 1 0 0 0 0 
67 0 0 0 258 0 0 0 
2 227 10 14 0 1 22 338 
0 0 28 0 299 0 4 11 
0 0 0 0 1 381 0 0 
205 1 8 165 0 0 0 0 
0 0 0 0 0 0 1039 9 
0 0 0 1 0 0 822 59 
9 0 0 0 193 0 0 0 
0 0 0 0 1 3 0 608 
1193 5 18 6 60 39 0 0 
368 213 123 141 0 1 5 114 
1 0 0 275 0 1 1 0 
3 0 0 855 0 0 0 0 
0 0 0 1 0 160 399 11 
0 0 0 0 388 0 0 0 
11 1 21 278 7 6 0 0 
0 0 1 0 8 2 0 306 
0 494 0 0 0 0 0 2 
0 0 0 0 0 1187 0 0 
481 1 0 1 0 0 0 0 
3 0 220 0 0 0 0 0 
0 347 8 0 42 32 0 0 
1 1 131 3 0 0 0 281 
0 0 0 0 0 522 0 0 
44 1 197 0 0 294 0 12 
0 0 0 0 0 306 0 0 
