154 421 0 18 18 23 0 0 
0 0 0 1 465 64 0 0 
0 0 0 0 0 1000 0 0 
117 37 558 0 2 25 2 0 
1031 0 23 0 0 0 10 431 
504 0 0 0 0 0 30 0 
0 484 0 0 0 0 0 0 
1583 0 4 0 0 0 106 0 
0 0 570 0 0 0 0 4 
41 70 41 105 5 1 0 17 
0 0 0 0 0 488 2 0 
0 278 11 0 329 0 0 0 
176 943 0 33 0 0 0 24 
0 0 1 0 190 85 94 9 
67 381 2 0 166 5 1 11 
0 653 42 143 286 68 8 177 
0 955 21 38 194 171 1 61 
162 1 0 0 0 0 10 936 
0 0 0 0 0 298 0 0 
0 0 0 0 726 0 0 6 
0 217 0 1 4 0 0 0 
0 0 0 0 0 370 0 0 
0 0 0 3 0 0 1084 0 
5 0 0 7 41 1261 0 21 
0 0 0 0 0 332 0 0 
0 0 20 24 341 55 0 7 
400 0 1 8 0 0 0 0 
0 0 1487 48 0 0 0 2 
0 0 0 0 0 0 0 278 
1364 0 0 0 0 0 0 0 
39 0 31 29 78 0 31 96 
391 6 1 0 0 0 130 6 
9 0 5 2 3 166 20 65 
0 0 1 1 0 0 9 296 
0 0 0 0 1 3 389 0 
5 6 110 0 0 0 1 356 
0 249 0 0 2 0 0 0 
57 0 0 0 260 2 11 0 
0 0 0 0 0 891 0 0 
268 0 0 0 5 0 0 69 
0 0 0 1 0 378 0 0 
296 35 0 0 12 23 0 1 
0 0 0 0 0 9 1025 0 
0 67 2 147 23 2 635 0 
0 0 2 0 185 0 0 0 
0 0 0 0 0 0 0 813 
835 432 15 26 0 1 15 0 
5 8 631 57 225 120 1 75 
0 0 0 278 0 0 0 0 
0 0 57 766 0 8 3 0 
0 2 3 4 0 0 462 1 
0 0 0 0 388 0 0 0 
77 0 4 9 0 11 222 1 
0 0 0 1 0 0 0 151 
0 728 3 0 0 0 10 0 
0 0 0 0 0 1220 0 0 
