0 532 0 0 0 0 0 1 
0 0 0 0 440 90 0 0 
0 0 0 0 0 1009 0 0 
1 45 201 35 0 2 176 42 
1035 0 0 2 0 0 0 436 
507 0 1 0 0 0 32 0 
0 667 0 0 0 0 0 0 
969 0 0 0 0 2 233 0 
2 0 574 3 2 0 0 0 
0 0 8 63 209 0 0 0 
0 0 0 0 0 487 6 0 
0 6 107 418 76 3 0 8 
0 1146 0 0 30 23 0 15 
76 0 0 0 272 8 0 0 
0 614 19 0 0 0 0 0 
6 76 780 8 16 0 0 429 
14 462 254 0 4 247 0 0 
701 47 220 0 0 112 17 1 
0 0 0 0 0 298 0 0 
0 4 14 0 712 0 0 2 
0 0 0 0 0 370 0 0 
4 2 0 0 0 4 1028 0 
231 38 1 428 4 405 1 286 
0 0 0 0 0 332 0 0 
0 2 1 0 6 290 132 16 
43 18 16 166 14 70 0 90 
0 5 1234 75 0 0 0 0 
0 2 0 0 0 0 0 274 
1361 0 0 0 0 0 0 0 
284 0 6 0 0 29 39 0 
428 0 1 66 0 14 25 0 
0 0 0 0 1 0 12 294 
0 0 1 1 0 0 388 0 
0 0 28 118 0 50 0 284 
0 250 0 0 0 0 1 0 
7 1 0 0 302 0 15 0 
0 2 0 0 12 603 0 0 
136 129 0 77 0 0 0 0 
0 0 0 0 0 379 0 0 
76 1 158 0 3 66 35 0 
17 0 0 0 0 0 1021 0 
0 30 0 0 1 0 828 2 
0 0 0 0 199 0 0 3 
0 0 0 2 0 0 0 797 
1190 0 5 0 0 97 29 0 
270 0 634 4 0 57 0 0 
0 0 0 278 0 0 0 0 
0 4 0 823 0 0 0 0 
0 17 24 8 0 0 434 0 
0 0 0 0 388 0 0 0 
0 25 0 174 123 2 0 0 
0 0 0 0 0 0 0 169 
0 441 0 11 0 7 0 0 
0 0 2 0 0 1207 1 0 
501 0 0 0 0 4 0 0 
0 0 223 0 0 0 0 0 
0 303 4 1 30 2 0 72 
124 0 286 0 0 0 1 0 
0 0 0 0 0 504 0 0 
39 204 37 1 22 200 0 0 
