0 533 0 1 1 0 2 0 
0 0 0 0 462 68 0 0 
0 0 0 0 0 1024 0 0 
31 0 443 30 0 0 0 0 
1069 1 2 0 0 6 0 403 
507 0 0 0 1 1 30 0 
1 699 0 0 0 0 0 0 
1019 0 0 0 0 0 221 0 
0 0 573 0 0 0 1 7 
0 0 14 44 193 0 29 0 
0 0 0 0 0 486 5 0 
8 0 0 121 473 16 0 0 
0 1142 0 0 16 0 0 0 
0 1 6 0 362 0 0 6 
2 600 6 0 0 21 4 0 
21 366 264 0 105 0 0 584 
0 715 119 0 78 568 0 0 
608 28 377 88 0 1 0 0 
0 0 0 0 0 298 0 0 
13 5 0 2 711 1 0 0 
0 0 0 0 0 370 0 0 
0 27 2 0 0 0 931 18 
3 5 0 481 6 661 0 222 
1 0 0 0 0 331 0 0 
0 46 23 2 20 194 151 11 
26 27 0 346 0 3 10 0 
0 0 1252 62 0 0 0 0 
0 0 2 0 0 1 0 273 
1358 0 0 1 0 0 0 0 
298 0 0 0 0 45 6 12 
251 0 0 246 12 4 21 0 
0 0 0 2 1 266 0 1 
0 0 0 0 0 0 5 302 
0 0 0 0 0 0 381 0 
3 0 0 1 0 11 0 475 
0 239 0 0 8 0 0 4 
6 0 0 3 312 0 2 2 
3 0 0 0 0 846 0 0 
318 0 1 0 0 0 1 22 
0 0 0 0 0 379 0 0 
336 0 4 0 2 0 27 1 
0 11 12 0 0 0 1027 0 
0 13 6 2 0 0 856 0 
1 2 0 0 180 0 0 4 
5 0 0 0 0 1 0 783 
1104 17 0 61 1 36 96 0 
0 0 953 0 1 0 0 1 
0 0 0 278 0 0 0 0 
0 0 1 826 0 0 0 0 
6 1 0 0 0 10 465 1 
0 0 0 1 387 0 0 0 
0 35 0 78 113 0 70 28 
1 0 0 0 0 0 0 168 
0 461 0 0 0 5 4 0 
0 0 0 0 0 1195 0 0 
492 0 0 0 0 0 5 0 
0 0 223 0 0 0 0 0 
0 404 0 0 8 0 0 0 
75 0 308 13 6 0 1 0 
