1 1 0 0 9 608 0 0 
0 0 54 19 452 3 2 0 
10 8 0 27 0 0 1 1076 
0 0 4 0 457 1 6 17 
0 0 0 0 0 0 1 1478 
0 0 0 0 0 0 528 0 
0 641 0 0 0 2 24 0 
0 0 0 0 0 1148 66 0 
0 0 0 0 0 0 0 581 
9 3 5 2 0 0 0 261 
0 0 0 0 0 0 437 0 
72 0 0 546 0 0 0 0 
0 5 0 4 0 1183 0 0 
0 0 1 0 0 103 243 0 
15 0 1 227 51 1 0 338 
0 0 2 0 0 1302 2 6 
0 0 0 3 0 953 0 0 
0 0 0 0 0 1434 0 0 
0 0 0 0 0 0 103 272 
27 9 198 0 4 0 494 0 
0 0 0 0 0 0 344 23 
0 0 0 0 0 1017 0 0 
0 0 0 1 0 1258 0 1 
100 0 0 0 0 233 0 49 
9 0 1 382 2 28 0 7 
0 0 32 899 338 0 1 0 
0 0 0 11 0 0 0 306 
1110 9 0 4 0 0 248 0 
1 0 0 0 0 380 0 0 
0 435 0 13 0 0 85 1 
0 1 0 0 0 144 162 0 
0 0 0 54 0 0 96 130 
353 0 7 10 1 98 10 1 
0 114 119 18 0 0 0 0 
305 0 1 0 18 0 0 1 
0 0 0 0 0 614 0 0 
0 6 336 0 0 0 0 0 
382 0 0 0 0 0 0 0 
0 0 0 3 0 5 975 58 
0 0 0 0 885 0 0 0 
0 0 0 0 0 198 4 0 
0 0 0 0 0 0 0 612 
0 1 0 5 0 1341 0 0 
0 0 0 0 965 0 0 0 
37 0 123 4 0 5 109 0 
0 0 0 845 0 12 1 0 
0 0 94 0 2 0 82 395 
0 1 12 0 2 0 373 0 
0 0 0 0 0 324 0 0 
48 1 0 0 0 1 0 267 
0 34 0 0 0 403 0 7 
0 0 14 0 0 35 1 1114 
0 0 133 0 1 3 0 360 
0 1 215 0 0 3 0 4 
0 118 0 3 28 279 0 1 
105 0 0 0 290 0 20 2 
0 1 0 0 0 521 0 0 
0 0 0 1 1 535 0 8 
0 0 0 21 0 1 0 307 
