0 4 2 0 9 633 0 0 
0 0 130 33 163 105 250 56 
0 0 0 15 28 6 1 927 
4 0 31 50 590 0 106 0 
0 0 0 0 0 0 0 1520 
0 0 0 0 0 0 357 0 
0 424 0 6 0 34 7 0 
0 109 21 210 0 164 8 758 
2 1 0 0 0 1145 595 1 
0 2 0 0 1 0 0 541 
165 12 7 55 28 0 0 14 
0 0 0 0 1 1 488 0 
47 0 0 569 0 1 0 1 
31 17 2 93 0 1046 0 0 
78 0 0 83 207 0 13 2 
113 110 113 48 23 91 21 114 
111 29 32 0 4 1268 8 7 
0 0 0 0 0 584 0 0 
0 4 17 0 0 778 20 0 
0 0 0 0 0 1100 0 0 
0 2 0 0 1 0 0 295 
148 86 0 66 0 274 0 158 
162 3 0 0 60 0 0 2 
0 25 0 0 179 43 0 130 
0 0 0 0 0 1433 0 0 
0 0 0 0 0 1479 0 18 
0 1 0 0 0 60 271 0 
58 59 25 347 0 21 49 58 
20 40 0 7 17 0 69 257 
3 2 180 1125 289 0 0 0 
0 0 0 15 0 0 0 208 
1118 0 0 0 0 41 268 1 
2 0 0 0 0 306 0 0 
0 201 32 131 71 1 23 75 
1 0 0 0 0 0 0 627 
0 166 150 87 19 180 3 192 
0 0 0 1 0 268 1 0 
10 0 0 0 0 174 166 139 
0 0 0 0 0 0 417 467 
5 178 0 69 0 61 11 125 
0 99 115 37 0 0 0 0 
294 0 0 0 36 0 0 0 
0 0 0 0 0 732 0 0 
0 1 76 248 0 0 17 0 
0 73 14 0 107 9 10 147 
0 0 7 0 0 350 0 0 
16 0 0 84 5 1 970 15 
0 0 0 0 858 0 0 0 
2 2 1 0 3 182 0 1 
0 0 9 0 0 129 10 66 
12 348 24 0 171 1421 0 0 
100 7 73 117 591 5 170 37 
2 56 25 115 15 32 9 17 
