0 539 0 0 0 4 8 11 
0 0 0 1 469 60 0 0 
0 0 0 0 0 1111 1 0 
208 31 494 10 67 3 0 4 
1120 0 0 0 0 1 0 374 
503 0 0 0 0 0 22 0 
0 698 0 0 0 0 1 0 
1014 0 0 0 2 0 202 1 
3 2 576 0 0 0 0 0 
1 0 19 249 11 0 0 0 
0 0 0 0 0 489 1 0 
3 13 14 0 588 0 0 0 
0 1089 5 1 0 60 0 0 
0 1 0 1 370 0 2 2 
0 387 0 0 115 131 0 0 
0 337 180 2 98 5 19 694 
0 482 0 4 268 548 0 180 
692 1 4 122 0 0 2 284 
0 0 0 0 0 298 0 0 
0 0 0 0 725 0 0 7 
0 0 0 0 0 364 0 0 
0 0 0 1 0 0 1017 0 
2 0 0 476 2 887 0 13 
0 0 0 1 0 236 0 0 
1 172 2 0 20 150 101 1 
0 1 3 341 63 0 0 3 
0 1 1239 72 0 2 0 0 
0 0 0 0 0 0 0 276 
1358 0 1 0 0 0 0 0 
234 3 0 6 21 116 0 0 
30 0 0 258 46 194 2 4 
0 0 15 0 0 249 1 5 
0 0 0 0 0 0 10 297 
0 0 0 0 0 0 380 2 
0 3 45 2 0 0 0 440 
0 248 0 3 0 0 0 0 
0 0 0 22 291 6 6 0 
0 0 2 0 0 847 0 0 
43 0 2 7 0 0 0 290 
0 0 0 0 0 385 0 0 
348 20 0 10 0 9 0 0 
0 0 0 0 0 0 1048 0 
0 0 0 148 0 0 726 1 
0 0 1 0 182 4 0 0 
0 0 0 0 0 0 0 789 
1056 163 0 0 0 57 0 0 
0 22 805 2 206 1 3 8 
0 0 0 278 0 0 0 0 
0 0 8 819 0 0 0 0 
37 0 1 4 0 0 439 2 
0 0 0 0 388 0 0 0 
3 2 63 43 79 0 42 92 
0 0 1 0 0 0 0 168 
0 814 0 0 1 0 41 3 
0 0 0 1 0 1201 0 0 
483 0 0 0 0 0 0 0 
0 1 222 0 0 0 0 0 
