0 0 0 0 0 610 0 6 
5 0 104 7 224 95 32 63 
6 0 0 4 73 0 0 903 
15 20 0 0 698 0 0 8 
0 0 0 0 0 0 0 1495 
0 0 0 0 0 0 533 0 
16 536 0 0 95 73 0 0 
0 2 0 0 0 1586 106 0 
0 0 0 0 0 0 0 574 
90 30 18 0 2 1 0 139 
1 0 0 0 6 1 484 0 
48 0 0 546 0 0 0 24 
0 24 7 0 15 1126 1 0 
0 20 40 132 0 37 90 58 
1 0 0 0 0 48 59 525 
0 98 1 0 0 1247 0 0 
0 1 0 0 0 1475 2 0 
0 0 0 0 0 1104 0 0 
0 0 0 0 0 0 6 294 
30 67 0 11 0 0 20 604 
0 0 0 311 34 0 0 25 
0 1 0 0 0 1081 0 0 
0 0 0 0 0 1315 0 0 
0 5 0 0 0 0 242 85 
0 0 1 366 0 54 26 0 
0 7 23 143 0 0 0 236 
0 0 204 1025 308 0 0 0 
0 0 0 12 0 0 0 266 
1191 0 0 3 3 0 167 0 
0 0 0 0 0 304 0 0 
0 68 0 429 4 2 0 31 
0 0 0 0 0 292 0 0 
0 0 0 3 0 160 144 0 
0 2 0 0 0 0 187 200 
7 16 0 0 39 0 8 432 
0 100 129 21 0 0 1 0 
305 0 0 0 24 0 0 1 
0 0 0 0 0 887 0 1 
4 28 47 74 30 2 157 0 
0 15 2 0 232 130 0 0 
0 5 1 0 1 363 0 0 
0 0 22 92 0 1 920 0 
0 0 0 0 876 0 0 0 
0 0 0 0 0 187 0 0 
6 0 0 1 5 0 2 775 
0 67 95 0 1 1156 2 0 
0 0 0 2 1110 10 0 0 
0 3 0 258 0 2 14 1 
0 0 324 181 43 3 193 90 
0 0 33 0 24 0 8 407 
0 232 84 0 22 2 31 17 
0 0 0 0 0 323 0 1 
50 0 1 1 0 98 0 2 
0 213 4 3 129 405 0 0 
0 0 0 6 8 7 2 1211 
