4 2 0 0 0 598 4 0 
0 0 0 0 398 1 110 21 
0 2 87 0 0 3 0 926 
0 2 5 0 505 0 5 0 
0 0 0 0 0 0 0 1485 
0 0 0 0 0 0 538 0 
0 602 0 0 2 96 2 0 
0 5 0 0 0 1143 32 0 
0 1 0 0 0 0 0 580 
3 0 119 69 67 0 21 1 
0 0 0 1 1 0 488 0 
64 0 0 554 0 0 0 0 
22 13 0 4 3 1146 0 0 
0 36 0 3 0 310 0 0 
0 63 20 99 166 30 0 255 
3 2 0 0 6 1323 0 0 
0 0 0 0 0 955 0 0 
0 0 0 0 0 1099 0 0 
0 0 0 0 0 0 1 297 
0 0 198 110 20 257 147 0 
0 1 0 0 36 0 331 0 
0 0 0 0 0 1028 0 0 
0 0 0 0 0 1328 0 0 
0 0 90 0 0 0 0 307 
0 12 1 0 0 368 0 1 
0 0 26 149 0 2 0 245 
0 0 68 913 290 0 0 0 
0 0 0 12 0 0 0 254 
1185 0 0 0 0 0 175 3 
0 0 0 0 0 376 3 0 
3 520 8 0 3 0 0 0 
0 0 0 0 0 176 131 0 
0 0 0 51 0 0 95 131 
346 79 0 5 0 18 2 30 
0 118 114 19 0 0 0 0 
294 0 0 0 31 0 0 0 
0 0 1 0 0 614 0 0 
0 0 264 0 0 0 13 65 
174 1 3 22 0 1 0 181 
0 0 1 0 1 332 0 0 
0 0 0 18 18 0 1024 0 
0 0 0 0 852 0 0 0 
0 0 0 0 3 199 0 0 
2 1 0 0 0 1 7 735 
89 0 5 24 0 1206 0 0 
0 0 0 0 965 0 0 0 
202 0 42 0 7 0 0 27 
1 0 0 778 6 0 56 17 
0 5 0 7 0 0 382 197 
0 60 0 0 296 0 32 0 
0 0 0 0 0 324 0 0 
1 0 0 0 0 0 35 196 
0 21 0 0 0 382 0 0 
5 4 0 23 0 0 0 1170 
0 0 26 0 59 0 0 408 
0 0 222 0 0 0 0 1 
0 99 12 0 75 235 0 8 
237 0 0 43 132 0 5 0 
0 0 0 0 0 504 0 0 
0 0 0 0 0 532 1 0 
