0 0 0 0 7 570 0 0 
0 0 8 12 497 8 5 0 
14 0 3 0 7 0 0 1100 
0 0 28 2 470 0 0 17 
0 0 0 0 0 0 0 1483 
0 0 1 0 1 0 541 0 
0 667 0 0 0 0 0 0 
2 0 0 0 0 1184 49 0 
0 1 0 1 0 0 0 579 
0 0 4 9 0 1 0 266 
0 0 0 0 0 0 516 0 
54 0 0 551 0 6 7 0 
0 0 0 1 0 1186 0 0 
0 0 2 0 0 6 319 19 
0 0 0 119 60 2 0 452 
0 0 1 0 0 1303 0 4 
0 1 0 0 0 954 0 0 
0 0 0 0 0 1438 0 0 
0 0 0 0 0 0 6 292 
68 0 377 0 1 0 284 2 
4 0 2 18 0 2 338 3 
0 0 0 0 0 989 0 0 
1 0 0 0 0 1219 9 0 
35 12 0 0 0 174 2 159 
122 0 2 243 0 71 0 0 
0 0 28 928 313 0 0 1 
0 0 0 11 0 0 0 306 
1205 4 0 0 0 3 151 1 
0 0 0 0 1 426 0 0 
1 275 27 49 0 0 182 0 
0 0 1 1 2 154 147 2 
0 0 0 37 0 0 100 141 
300 1 0 0 0 86 18 75 
0 103 125 21 1 0 0 1 
301 0 0 0 24 0 0 0 
0 0 1 0 0 613 0 0 
0 0 289 0 0 1 44 8 
334 0 0 1 2 24 21 0 
0 0 0 54 6 0 981 0 
0 0 0 0 853 0 0 0 
0 0 0 0 0 199 1 2 
0 0 0 0 0 0 0 612 
0 0 0 19 0 1280 1 0 
0 0 2 2 958 0 1 2 
5 0 169 0 5 0 99 0 
0 0 0 848 0 0 0 10 
14 0 58 63 51 0 76 311 
0 0 0 2 7 0 369 10 
0 0 1 0 4 319 0 0 
0 7 2 4 3 17 0 284 
0 16 0 0 0 474 0 0 
0 1 104 2 18 20 13 1004 
0 45 74 0 0 16 0 359 
0 0 221 0 2 0 0 0 
0 84 0 17 80 248 0 0 
117 0 0 0 299 1 0 0 
0 0 0 0 0 545 0 0 
0 9 3 0 0 532 2 0 
13 0 0 0 67 25 0 224 
