0 0 0 0 4 557 0 0 
1 0 12 14 495 1 7 0 
11 0 0 0 8 0 1 1096 
0 0 21 0 468 0 0 16 
0 0 0 0 0 0 0 1483 
0 0 0 0 0 0 558 0 
0 667 0 0 0 0 0 0 
6 0 1 0 0 1163 33 1 
0 0 0 1 0 0 0 580 
0 0 5 5 0 0 0 270 
0 0 0 0 0 0 438 0 
55 0 0 557 0 1 5 0 
0 0 0 2 0 1173 0 0 
0 0 1 0 0 13 316 16 
4 0 0 135 66 0 0 428 
0 0 0 0 0 1309 0 0 
0 0 0 0 0 954 1 0 
0 0 0 0 0 1438 0 0 
0 1 0 0 0 0 105 269 
47 0 361 0 6 0 317 1 
4 0 5 21 0 8 324 6 
0 0 0 0 0 1007 0 0 
7 3 0 0 0 1238 7 0 
24 20 0 0 0 193 0 145 
128 0 0 238 0 69 0 0 
0 0 32 930 307 0 1 0 
0 0 0 13 0 0 0 304 
1228 2 0 0 0 2 131 0 
0 0 0 0 0 421 0 0 
2 282 33 39 0 1 177 0 
0 0 0 0 1 142 163 1 
1 0 0 31 0 1 124 122 
284 2 0 0 0 84 23 87 
0 106 107 38 0 0 0 0 
293 1 0 0 31 0 0 0 
0 0 2 0 0 611 0 1 
0 0 307 0 0 4 30 1 
344 0 0 0 7 27 3 0 
0 0 0 49 6 2 983 0 
0 0 0 0 865 0 0 0 
0 0 0 0 0 200 0 2 
0 0 0 0 0 0 0 612 
0 0 1 8 0 1297 0 0 
1 0 1 0 959 0 2 2 
4 0 137 0 14 0 123 0 
0 0 0 850 0 4 0 4 
14 3 61 74 35 0 65 321 
0 0 0 1 1 0 376 10 
0 0 0 0 0 323 0 1 
0 17 2 1 0 20 1 276 
0 12 0 0 2 503 0 1 
0 0 100 5 42 20 15 988 
0 39 91 0 0 20 0 344 
0 0 215 0 1 7 0 0 
0 111 0 15 82 217 4 0 
94 0 0 0 321 2 0 0 
0 0 1 0 0 521 0 0 
0 9 0 0 0 533 3 0 
20 0 0 0 52 23 0 234 
