124 420 2 0 46 0 0 39 
0 1 0 0 462 75 0 6 
0 0 0 0 0 1000 0 0 
223 0 518 0 0 0 0 0 
1002 0 10 0 0 0 0 482 
499 0 1 0 0 0 21 0 
0 500 0 0 0 0 0 0 
1553 0 0 0 0 1 162 0 
0 0 566 0 0 6 0 2 
25 102 74 56 23 0 0 0 
0 0 0 0 0 487 4 0 
0 250 37 0 254 0 77 0 
113 954 0 19 16 0 1 69 
0 0 1 0 236 16 100 24 
3 576 0 5 39 8 2 0 
0 625 28 109 185 228 1 209 
13 920 8 31 73 334 0 59 
183 0 0 15 1 0 34 871 
0 0 0 0 0 299 0 0 
0 0 1 0 728 1 2 0 
0 212 2 1 0 4 0 1 
0 0 0 0 0 370 0 0 
0 0 1 0 0 0 1077 1 
0 0 0 20 0 1246 0 50 
0 0 0 0 0 332 0 0 
0 5 95 0 204 107 33 3 
381 11 0 15 2 0 0 0 
0 0 1485 51 0 0 0 0 
0 1 0 2 0 0 0 275 
1364 0 0 0 0 0 0 0 
35 3 2 52 174 0 20 18 
287 33 0 0 9 6 199 0 
23 0 2 1 0 266 0 0 
0 0 0 0 0 0 16 291 
0 0 0 0 0 0 391 0 
17 14 49 0 3 0 7 402 
0 251 0 0 0 0 0 0 
28 0 0 0 280 0 22 0 
1 0 0 3 0 884 0 0 
211 4 30 0 0 5 4 88 
0 0 1 0 0 378 0 0 
348 5 2 1 8 1 0 0 
0 0 0 3 0 28 1001 0 
0 89 0 141 6 0 636 5 
0 2 1 0 182 2 0 0 
1 0 0 3 0 0 0 795 
1017 243 45 0 4 0 0 0 
11 16 629 36 319 83 0 14 
0 0 0 277 0 0 0 1 
0 0 32 801 0 1 0 0 
2 2 1 0 0 10 456 1 
0 0 0 0 388 0 0 0 
5 0 0 5 2 45 267 0 
0 0 0 0 0 0 0 152 
0 749 3 0 0 0 0 2 
0 0 0 0 0 1220 0 0 
