0 562 2 1 0 2 1 0 
0 4 3 0 471 51 1 0 
0 2 0 1 0 1109 0 0 
0 50 245 66 0 0 117 8 
995 0 5 0 0 0 1 472 
499 0 0 0 0 0 39 0 
1 666 0 0 0 0 0 0 
1008 0 0 9 0 0 205 0 
0 0 576 1 0 3 1 0 
0 0 0 16 264 0 0 0 
0 0 1 0 0 488 2 0 
0 0 58 452 105 0 1 2 
5 1157 0 0 3 0 0 0 
67 1 0 0 290 0 0 0 
0 588 33 0 0 10 0 2 
5 67 805 28 2 0 1 405 
4 375 242 0 46 288 0 0 
893 33 116 0 1 33 18 0 
0 0 0 0 0 298 0 0 
0 9 0 1 721 0 0 1 
0 0 0 0 0 368 0 0 
17 0 0 0 0 0 1002 0 
241 88 11 327 0 540 0 191 
0 0 0 0 0 237 0 0 
0 0 0 18 16 276 136 0 
88 45 0 167 48 1 0 68 
0 0 1233 75 0 1 0 0 
0 0 0 0 0 1 0 275 
1368 0 0 0 0 0 0 0 
262 0 0 0 0 57 58 0 
338 0 0 97 12 7 80 0 
4 0 0 1 2 0 8 292 
0 0 0 0 0 0 392 0 
0 0 2 82 0 10 0 386 
0 251 0 0 0 0 0 0 
0 3 0 0 296 0 26 0 
0 1 4 0 0 600 0 8 
239 67 0 33 3 0 0 0 
0 0 0 0 0 381 0 0 
163 3 21 3 6 116 44 0 
0 0 3 2 0 16 1017 0 
2 0 0 0 0 0 875 0 
2 0 0 0 199 1 0 0 
0 0 0 1 0 0 0 798 
1102 0 0 6 0 100 71 0 
224 0 700 0 0 22 2 17 
0 0 0 278 0 0 0 0 
0 4 0 822 0 0 0 1 
1 0 28 12 0 14 428 0 
0 0 0 0 385 3 0 0 
8 115 0 156 26 0 1 18 
0 0 0 0 0 0 2 167 
0 410 1 0 9 55 0 0 
0 0 0 0 0 1202 0 0 
497 0 4 0 0 2 2 0 
0 0 228 0 0 0 0 0 
0 342 0 0 64 1 1 4 
62 2 327 1 19 0 0 0 
0 0 0 0 0 504 0 0 
1 286 70 1 14 116 2 44 
