76 457 9 36 9 0 16 17 
0 0 0 0 478 59 0 0 
0 0 0 0 0 1034 0 0 
204 25 200 52 29 1 123 122 
1073 0 1 1 0 0 0 419 
355 0 0 0 0 0 10 0 
0 450 0 0 0 0 0 0 
1 0 0 0 21 1180 0 0 
1391 5 1 0 0 7 344 0 
5 0 569 1 5 0 0 0 
0 4 133 0 26 0 70 47 
0 0 0 0 0 486 8 0 
15 425 0 17 115 0 46 0 
165 879 1 0 19 0 74 0 
0 6 0 0 370 1 0 0 
0 45 0 262 319 0 6 1 
0 346 231 53 444 161 69 114 
49 165 119 195 0 50 4 2 
0 143 37 231 72 221 149 15 
45 28 0 559 0 145 0 326 
0 0 0 0 0 298 0 0 
0 0 0 2 730 0 0 0 
0 248 0 0 0 0 0 0 
0 0 0 0 0 379 0 0 
4 0 20 0 1 2 1381 0 
0 2 6 319 49 890 95 0 
0 0 0 0 0 332 0 0 
0 8 75 0 549 0 0 0 
344 7 0 0 1 7 0 51 
0 0 1466 59 0 0 0 1 
0 0 0 0 0 0 0 278 
1414 0 0 0 0 0 0 0 
0 107 0 18 84 3 64 28 
0 0 0 31 261 1 241 0 
0 0 15 0 0 235 40 2 
1 0 0 0 0 0 16 442 
0 4 0 0 2 1 389 0 
228 0 55 1 0 6 16 139 
0 243 0 1 7 0 0 0 
0 203 116 10 0 0 1 0 
0 0 0 2 0 861 7 0 
121 205 7 0 0 5 0 4 
0 0 2 0 0 368 0 0 
269 9 0 65 3 0 2 0 
0 0 1 0 1 0 1089 0 
248 210 111 252 0 1 23 20 
4 0 0 0 162 14 0 0 
0 0 0 2 0 0 0 844 
759 1177 16 82 5 0 34 0 
0 97 398 3 36 599 0 1 
0 0 0 278 0 0 0 0 
0 8 4 816 0 0 0 0 
0 0 0 0 0 0 472 0 
0 0 0 0 185 0 0 0 
