136 328 52 62 42 61 18 19 
0 0 0 0 725 17 0 0 
0 0 0 0 0 970 0 0 
162 148 165 0 78 16 101 111 
1081 0 0 0 0 0 0 424 
337 0 0 0 0 0 8 0 
0 466 0 0 0 0 0 0 
0 0 0 1 2 1273 2 0 
717 0 0 0 9 0 380 635 
15 0 495 6 0 1 0 27 
9 0 0 1 52 5 57 156 
0 0 0 0 0 488 1 0 
23 278 39 116 62 0 69 31 
112 462 14 124 53 34 252 98 
57 34 0 16 199 55 24 0 
16 259 117 118 36 29 0 58 
136 260 54 217 255 266 133 25 
15 61 124 117 55 208 4 0 
69 134 39 61 201 191 141 83 
132 563 36 161 29 18 63 94 
0 0 0 0 0 298 0 0 
0 2 0 0 688 2 0 40 
2 151 43 9 11 3 7 0 
0 0 0 0 0 378 0 0 
14 14 1 0 32 43 1346 0 
58 1 52 128 85 980 66 100 
1 0 0 0 0 331 0 0 
0 193 206 0 47 28 102 41 
330 0 59 0 0 4 2 15 
0 0 1436 164 0 0 0 0 
0 0 0 0 0 1 0 220 
1437 2 0 0 0 0 0 0 
90 86 0 62 1 31 16 20 
5 2 81 21 241 0 184 0 
0 1 0 0 0 0 0 627 
0 0 61 766 0 9 0 1 
7 0 0 14 0 249 0 0 
0 0 0 0 0 0 5 500 
2 0 0 0 1 7 875 1 
288 2 1 4 46 2 0 106 
9 232 0 10 0 0 0 0 
174 0 118 15 0 2 6 15 
0 3 0 0 0 741 0 0 
13 193 4 68 36 0 17 12 
0 0 0 0 0 358 0 0 
68 61 0 92 54 47 17 0 
253 19 0 0 4 72 748 0 
169 251 199 17 34 78 5 121 
0 0 0 0 137 60 0 2 
0 0 0 0 0 0 0 214 
604 1026 70 68 5 111 15 66 
238 205 210 3 128 68 9 228 
0 0 0 231 0 0 0 0 
