0 0 3 0 0 633 0 0 
0 0 43 0 163 180 0 144 
0 0 1 35 45 3 0 910 
4 0 0 1 742 4 0 4 
0 0 0 0 0 0 0 1495 
0 0 0 0 0 0 540 0 
18 422 0 0 12 33 1 0 
0 0 0 0 0 1639 52 3 
0 0 0 0 0 0 0 575 
89 6 157 0 10 3 0 15 
1 0 0 1 0 0 488 0 
61 0 0 540 0 1 0 16 
0 158 0 0 2 1035 0 1 
0 16 0 271 17 30 22 21 
0 0 0 1 2 0 76 554 
0 18 0 0 0 1359 0 0 
0 1 0 0 0 1443 0 0 
0 0 0 1 0 1105 0 0 
0 0 0 0 0 0 0 298 
4 238 2 0 0 0 0 488 
19 67 0 7 103 26 0 0 
0 1 3 348 18 0 0 0 
0 0 0 0 0 1082 0 0 
0 0 0 0 0 1337 0 0 
0 20 1 4 4 0 228 75 
0 0 13 400 0 15 11 8 
0 0 81 172 6 0 0 150 
0 0 199 1046 288 3 1 0 
0 0 0 10 0 0 0 268 
1137 6 2 0 0 2 217 0 
0 0 0 0 0 304 0 0 
0 9 1 507 0 8 2 7 
0 0 0 0 0 270 0 0 
0 0 0 0 0 153 154 0 
0 0 0 1 0 0 175 217 
0 4 0 12 0 0 0 486 
0 105 126 20 0 0 0 0 
285 1 0 0 42 1 0 1 
0 0 1 0 0 888 0 0 
0 18 74 235 3 1 11 0 
0 1 0 0 223 126 29 0 
0 0 0 0 0 368 0 0 
3 0 0 134 1 0 895 0 
0 0 0 0 876 0 0 0 
0 4 0 0 0 182 0 1 
0 0 0 1 0 0 1 787 
0 102 73 0 0 1119 7 0 
18 20 0 50 1012 1 0 7 
0 0 0 274 0 4 0 0 
0 122 329 36 40 0 193 113 
5 0 36 2 1 0 49 379 
0 107 234 0 15 0 16 16 
0 0 0 0 1 323 0 0 
27 2 2 22 0 99 0 0 
0 251 0 5 155 324 0 5 
0 0 0 25 35 0 1 1165 
