0 555 0 0 1 0 0 0 
1 0 0 0 466 62 1 0 
0 0 0 0 0 1030 0 0 
94 3 303 83 0 0 5 0 
1105 0 2 0 2 0 0 364 
505 0 0 0 0 0 35 0 
0 683 0 0 0 0 1 0 
1006 0 0 0 0 8 188 0 
0 0 581 0 0 0 0 0 
0 0 0 1 279 0 0 0 
0 0 0 0 0 489 5 0 
35 0 4 147 385 47 0 0 
14 1153 0 0 0 0 0 0 
77 0 15 0 283 0 0 0 
0 557 32 0 17 27 0 0 
1 286 248 0 0 0 0 803 
2 496 158 0 36 789 0 0 
698 114 288 0 0 0 0 3 
0 0 0 0 0 298 0 0 
1 0 0 0 730 0 1 0 
0 0 0 0 0 370 0 0 
0 0 0 0 0 0 1017 0 
12 0 0 722 0 380 6 256 
0 0 0 0 0 332 0 0 
0 0 0 0 9 202 204 32 
60 18 0 312 2 1 15 5 
1 0 1239 69 0 0 0 0 
0 0 2 0 0 0 0 274 
1356 0 0 2 1 0 0 0 
193 0 0 0 0 102 62 0 
145 0 0 369 2 0 18 0 
0 1 0 0 2 267 0 0 
0 0 0 0 0 0 6 301 
0 0 0 0 0 0 378 0 
0 0 1 2 0 5 0 482 
0 250 1 0 0 0 0 0 
1 0 31 0 290 0 3 0 
0 5 0 0 0 840 0 3 
317 16 0 0 9 0 0 0 
0 0 0 0 0 379 0 0 
275 19 0 0 0 0 58 16 
0 22 2 0 1 2 987 37 
0 0 0 0 1 0 865 9 
0 0 0 0 184 0 0 3 
0 0 2 1 0 0 0 786 
1106 5 0 4 0 5 198 0 
0 4 956 0 0 3 2 0 
0 0 3 275 0 0 0 0 
2 0 0 825 0 0 0 0 
0 0 0 2 0 1 480 0 
0 0 0 0 388 0 0 0 
0 77 24 117 98 0 4 4 
0 0 0 0 0 0 0 169 
4 454 0 0 0 2 0 0 
0 0 0 0 0 1189 0 0 
481 0 22 0 0 2 0 0 
0 0 228 0 0 0 0 0 
2 402 0 6 0 2 0 0 
86 0 303 0 4 1 0 17 
