0 521 0 1 0 1 12 0 
0 1 0 0 462 74 0 0 
0 0 0 0 0 1017 0 0 
118 2 267 116 0 0 0 0 
1127 0 0 0 2 0 0 358 
498 0 0 0 0 0 28 0 
0 667 0 0 0 0 0 0 
1020 0 0 13 22 0 201 0 
4 1 575 0 0 1 0 0 
2 8 0 214 53 0 0 3 
0 0 0 0 0 408 8 1 
0 0 3 11 584 0 20 0 
0 1174 0 1 1 13 0 1 
0 1 0 0 370 0 0 4 
0 400 0 0 141 79 13 0 
0 327 323 12 65 44 0 566 
1 619 70 0 159 538 0 95 
742 10 151 155 0 36 0 10 
0 0 0 0 0 375 0 0 
0 2 0 0 719 4 3 4 
0 0 0 0 0 368 0 0 
0 0 0 0 0 0 976 0 
6 14 6 686 0 587 1 86 
0 0 0 0 0 332 0 0 
5 95 5 0 0 175 167 0 
0 0 0 353 59 0 0 0 
0 0 1248 66 0 0 0 0 
0 0 0 0 3 0 0 273 
1361 0 0 0 0 0 0 0 
227 15 0 0 0 126 2 0 
163 0 1 127 39 43 161 0 
0 0 0 0 0 239 27 4 
0 0 0 0 0 0 8 299 
2 0 1 0 0 0 369 5 
0 0 26 0 1 0 1 452 
0 223 3 0 14 10 1 0 
0 1 12 0 310 2 0 0 
0 0 6 0 0 842 0 0 
145 0 44 0 5 14 0 134 
0 0 0 0 0 381 0 0 
328 42 0 0 0 0 2 15 
0 0 0 0 17 6 1026 0 
0 0 43 0 0 0 835 0 
0 0 1 0 176 0 3 0 
0 0 0 0 0 0 0 799 
1025 219 0 0 0 11 19 6 
2 0 883 0 69 0 0 1 
0 1 1 276 0 0 0 0 
0 0 3 824 0 0 0 0 
30 0 18 0 0 0 435 0 
0 0 0 0 388 0 0 0 
0 4 45 43 170 0 5 57 
0 2 0 0 0 0 0 167 
0 466 3 0 0 0 3 0 
0 0 0 0 0 1203 0 0 
487 1 0 1 0 0 2 0 
0 0 221 0 0 2 0 0 
3 404 3 1 0 0 1 0 
43 0 340 17 0 0 0 3 
