159 331 0 15 29 0 2 7 
0 0 0 0 468 69 0 0 
0 0 0 0 1 993 0 0 
230 39 167 65 54 0 125 43 
1132 0 8 1 0 3 1 349 
357 0 0 0 0 0 7 0 
0 476 0 0 0 0 0 0 
0 0 0 0 12 1221 1 0 
1341 0 1 6 0 22 398 3 
0 1 568 0 0 0 1 10 
0 1 188 0 15 0 62 14 
0 0 0 0 0 478 25 0 
27 389 0 40 156 0 6 0 
227 863 0 0 0 9 92 0 
9 0 0 0 361 1 6 0 
2 119 2 311 180 19 0 0 
0 347 258 84 289 207 103 113 
85 172 77 237 0 13 0 0 
4 112 28 229 143 183 181 2 
145 9 0 496 7 170 0 277 
0 0 0 0 0 299 0 0 
3 1 5 0 721 0 2 0 
0 207 11 0 1 0 0 1 
0 0 0 0 0 379 0 0 
7 0 0 0 50 0 1337 0 
0 18 0 270 77 893 87 0 
0 0 0 0 0 332 0 0 
40 8 119 0 441 7 0 0 
313 0 0 46 0 0 9 42 
0 0 1473 54 0 0 0 0 
0 0 0 0 0 0 0 278 
1412 0 0 0 0 0 0 0 
0 120 3 0 65 0 116 0 
0 0 0 61 301 28 141 3 
0 0 8 0 0 236 47 1 
0 0 0 0 0 0 13 446 
0 3 0 0 0 12 392 0 
169 1 87 9 15 0 41 124 
0 222 0 0 27 0 0 2 
0 180 142 8 0 0 0 0 
1 0 0 0 0 886 0 0 
142 173 0 15 0 7 3 0 
0 1 0 1 0 368 0 0 
261 0 0 34 26 0 1 22 
6 0 0 8 0 1 1055 0 
197 202 213 262 0 0 13 10 
0 1 0 0 179 0 0 0 
0 0 0 0 0 0 0 845 
828 1146 14 16 33 0 15 48 
2 38 502 0 8 584 0 0 
0 0 0 278 0 0 0 0 
0 4 6 818 0 0 0 0 
8 0 0 0 0 6 458 0 
0 0 0 0 210 0 0 0 
