1 566 1 5 4 0 3 0 
0 2 0 0 469 59 0 0 
0 0 0 0 0 1016 0 0 
187 0 415 90 53 3 1 0 
1112 0 0 0 1 0 8 375 
489 0 0 0 0 0 29 0 
0 693 0 0 0 0 0 0 
997 1 3 0 0 0 206 17 
0 0 565 0 4 2 0 0 
0 0 0 266 0 1 13 0 
0 0 0 0 0 489 2 0 
13 47 0 6 551 0 1 0 
3 1119 0 15 0 26 0 31 
21 0 0 2 353 0 1 0 
0 416 23 9 166 5 0 14 
0 389 197 0 179 294 0 279 
0 595 7 0 154 447 0 275 
707 0 0 9 0 0 0 388 
0 0 0 0 0 298 0 0 
1 0 0 0 721 0 0 10 
0 0 0 0 0 370 0 0 
1 0 0 0 0 0 1065 0 
0 1 0 369 0 1006 4 0 
1 1 0 0 0 330 0 0 
0 107 1 0 105 216 17 0 
1 0 53 272 85 0 0 0 
0 0 1253 56 2 0 0 2 
0 0 0 0 0 0 0 276 
1365 0 0 0 0 0 0 0 
321 0 0 0 16 35 5 0 
81 0 0 74 133 242 1 3 
0 0 31 0 0 239 0 0 
0 0 0 1 0 1 5 300 
0 0 0 1 0 0 380 0 
0 0 7 0 7 0 7 469 
0 250 0 0 0 0 0 1 
0 0 2 72 240 0 11 0 
1 2 0 0 0 845 2 0 
155 59 0 0 0 0 0 128 
0 0 0 0 0 379 0 0 
227 5 80 55 0 0 0 0 
11 0 0 0 0 0 1033 2 
0 18 2 254 0 0 599 5 
0 0 1 0 186 0 0 0 
0 0 0 0 0 0 0 789 
1169 84 40 2 0 0 0 5 
13 0 719 4 369 8 0 0 
0 0 0 278 0 0 0 0 
0 0 50 783 0 0 4 0 
5 0 5 4 0 0 469 0 
0 0 0 1 387 0 0 0 
0 3 0 59 103 0 53 106 
0 4 0 0 0 0 0 165 
1 700 2 0 1 0 54 0 
0 0 0 0 0 1202 0 1 
470 0 0 0 9 3 0 0 
0 0 223 0 0 0 0 0 
