257 0 0 0 0 0 0 510 396 0 1162 0 
0 393 0 0 0 0 0 0 0 0 0 0 
0 0 0 0 0 0 0 9 0 2457 0 0 
464 2 0 0 0 0 0 0 0 0 0 0 
0 0 0 0 2 0 0 220 0 983 470 0 
0 0 0 0 0 0 747 18 0 0 0 0 
437 0 0 0 0 0 2 3 1507 0 0 0 
0 0 0 96 0 242 0 327 487 3 121 229 
0 0 0 0 0 0 311 0 16 0 0 0 
0 0 0 1 0 371 0 0 0 0 0 0 
280 0 186 0 0 0 0 0 0 0 1 0 
0 1 0 0 0 758 0 0 216 0 0 0 
149 291 20 0 0 0 2 19 46 703 0 637 
0 9 0 320 30 0 472 0 6 0 0 8 
0 0 0 0 762 0 0 0 0 0 0 0 
0 1 0 0 81 1519 1 0 199 0 0 0 
1 0 0 0 1289 0 0 0 0 3 118 0 
0 0 0 2 270 0 0 0 2 0 103 1 
0 43 18 0 0 0 68 13 0 3 160 0 
0 0 406 741 0 0 0 0 0 0 0 0 
0 1 0 1 821 0 0 3 0 0 0 0 
0 0 0 0 304 9 0 131 10 552 200 0 
0 0 0 276 233 0 0 1 0 0 0 0 
64 0 0 0 0 0 799 0 0 0 0 0 
0 430 316 0 0 0 0 0 0 0 0 0 
0 38 0 0 0 0 0 0 52 701 0 519 
0 0 0 470 10 2 0 0 4 0 9 0 
0 0 0 187 2 3 60 6 0 0 0 0 
0 0 0 0 0 0 13 0 83 0 654 49 
0 0 0 0 111 0 102 478 0 0 0 0 
0 0 1 0 0 0 0 0 329 0 0 1 
0 0 0 0 0 0 249 0 0 0 12 1 
