150 0 0 2 228 0 1533 888 255 0 1759 69 
0 869 351 0 0 0 0 0 103 703 0 557 
0 0 0 0 0 0 0 80 0 2419 0 0 
425 0 0 0 0 0 0 0 0 0 0 0 
0 0 0 0 1 0 0 253 0 970 488 0 
0 0 0 0 0 0 771 16 0 0 0 0 
293 2 15 0 44 46 127 20 1258 21 54 110 
62 96 201 454 53 137 139 87 140 138 4 0 
0 0 0 0 0 0 311 0 16 0 0 0 
0 0 0 103 0 347 0 0 0 0 0 0 
346 0 121 0 0 0 0 0 0 0 0 0 
0 0 0 0 0 800 0 0 175 0 0 0 
206 354 14 284 366 205 72 188 0 0 9 165 
7 1 68 660 67 60 0 56 127 141 65 3 
0 0 0 0 757 0 0 0 5 0 0 0 
0 0 0 0 98 1517 0 0 190 0 0 0 
0 0 0 0 1512 0 0 0 0 0 86 0 
0 0 0 2 269 0 0 0 0 0 107 0 
0 26 0 0 42 21 6 26 0 0 0 184 
61 0 308 687 97 6 0 0 1 2 0 0 
3 1 35 25 657 15 1 50 0 24 15 0 
0 0 123 0 0 13 0 327 2 325 309 67 
0 0 0 415 348 0 0 0 0 0 5 0 
