0 0 0 0 2 1656 1642 316 0 94 474 697 
1 22 0 753 103 0 0 18 1559 0 0 140 
0 0 0 1 0 0 0 2286 0 215 3 0 
0 0 0 0 30 394 0 0 0 0 0 1 
0 0 0 3 0 0 1502 199 0 0 0 8 
4 23 0 0 2 438 301 0 0 7 0 0 
0 0 0 0 254 1580 0 0 0 0 0 156 
0 0 0 0 1 1510 0 0 0 0 0 0 
0 0 0 0 0 0 0 79 248 0 0 0 
0 0 0 0 0 451 0 0 0 0 0 0 
0 467 0 0 0 0 0 0 0 0 0 0 
30 7 0 79 0 34 0 0 810 0 15 0 
8 0 0 0 0 241 0 0 0 0 1 1612 
1 0 0 0 0 1254 0 0 0 0 0 0 
53 0 144 14 466 0 28 11 0 0 46 0 
1 0 0 0 54 1317 94 338 0 0 0 0 
3 0 0 0 1584 0 0 2 9 0 0 0 
0 0 0 0 0 9 9 0 27 333 0 0 
0 0 0 0 0 0 0 303 1 0 1 0 
95 0 0 0 1066 0 0 0 0 0 0 1 
0 0 9 817 0 0 0 0 0 0 0 0 
0 0 0 0 0 0 1163 0 0 0 0 0 
0 0 0 722 46 0 0 0 0 0 0 0 
