0 0 0 1 0 933 1155 192 0 53 0 0 
0 46 6 139 209 0 0 0 0 0 0 0 
0 3 0 0 0 0 0 2209 0 256 0 0 
0 0 0 0 37 457 0 0 0 0 0 0 
3 2 0 0 0 0 1486 164 1 0 0 0 
0 0 0 0 0 408 336 0 3 18 0 0 
0 0 0 0 389 1395 0 0 0 0 0 138 
0 0 0 0 1 1503 0 0 0 1 0 0 
0 0 0 0 0 0 0 85 242 0 0 0 
0 0 0 0 0 372 0 0 0 0 0 0 
0 448 4 0 0 0 0 0 0 0 6 9 
2 7 0 0 0 0 1 1 940 0 24 0 
0 0 0 0 0 288 0 0 0 0 0 1577 
0 0 0 0 0 844 0 0 0 0 0 0 
0 0 38 4 717 2 0 0 0 0 1 0 
0 0 0 0 95 1240 84 382 0 0 0 0 
0 0 0 0 1410 0 0 1 0 0 0 0 
1 1 0 0 0 0 0 0 12 346 17 1 
0 0 0 0 0 0 0 305 0 0 0 0 
92 0 0 0 1053 0 0 0 0 2 0 0 
0 12 0 813 0 0 0 0 0 0 1 0 
0 0 0 0 0 0 1207 0 0 0 0 0 
0 0 0 475 33 0 2 0 0 0 0 0 
0 10 25 45 3 0 140 634 13 0 42 0 
0 0 0 746 0 0 0 0 0 0 0 0 
0 1 0 0 0 0 0 0 1502 0 0 133 
0 0 0 0 0 495 0 0 0 0 0 0 
0 0 0 240 0 0 18 0 0 0 0 0 
0 0 0 0 0 146 0 0 1 0 372 500 
0 0 0 0 0 0 0 684 0 0 7 0 
