147 0 4 0 0 0 0 516 436 0 1233 3 
0 406 0 0 0 0 0 0 0 0 0 0 
0 0 0 0 0 0 0 12 0 2456 0 0 
499 0 0 0 0 0 0 2 0 0 1 0 
0 0 0 0 0 0 0 205 0 989 465 0 
0 0 0 1 0 0 744 20 0 0 0 0 
439 0 0 5 14 0 14 0 1441 2 0 0 
0 0 0 218 0 0 0 448 728 0 110 0 
0 0 0 0 0 0 311 0 16 0 0 0 
0 0 0 0 0 372 0 0 0 0 0 0 
285 0 181 0 0 0 1 0 0 0 0 0 
0 0 0 0 0 798 0 0 177 0 0 0 
50 394 0 0 0 0 6 72 0 397 19 927 
0 0 97 386 0 0 361 0 0 0 0 0 
1 0 0 0 761 0 0 0 0 0 0 0 
0 0 0 0 89 1514 0 0 198 0 0 0 
0 0 0 19 1242 0 0 0 3 0 147 0 
0 0 0 0 257 0 0 0 0 0 121 0 
0 0 0 0 3 0 0 0 97 0 205 0 
0 0 329 811 0 6 0 0 0 0 0 1 
11 0 0 0 785 0 0 0 0 5 0 25 
0 1 0 1 200 3 0 435 46 518 0 0 
0 0 0 260 248 0 0 0 0 2 0 0 
53 0 0 0 0 0 853 1 0 0 0 0 
0 441 305 0 0 0 0 0 0 0 0 0 
0 19 0 0 0 0 0 0 109 859 0 643 
0 0 0 486 0 0 0 0 0 0 9 0 
0 0 0 219 1 0 0 11 0 27 0 0 
0 0 0 0 0 0 197 0 63 0 715 44 
0 0 0 0 97 0 111 483 0 0 0 0 
