0 0 1 0 0 946 1164 157 0 67 0 0 
0 46 0 132 221 0 0 0 2 0 0 0 
0 0 0 0 0 0 2 2171 0 295 0 0 
0 0 0 0 37 465 0 0 0 0 0 0 
0 0 0 0 0 0 1482 173 0 0 2 0 
0 0 0 0 0 510 241 13 0 0 0 1 
0 0 1 0 470 1226 1 0 0 0 0 217 
0 0 1 5 0 1493 0 5 0 0 0 0 
0 0 0 0 0 0 0 75 252 0 0 0 
0 0 0 0 0 372 0 0 0 0 0 0 
0 464 0 0 0 3 0 0 0 0 0 0 
0 16 0 0 0 0 17 5 923 1 0 13 
0 1 5 0 0 229 0 0 0 1 0 1629 
0 0 0 0 0 844 0 0 0 0 0 0 
0 0 16 0 717 0 0 0 0 0 3 26 
0 0 0 0 56 1179 82 480 2 0 0 2 
0 0 0 0 1410 0 0 0 0 0 1 0 
0 0 2 0 0 0 1 0 2 373 0 0 
0 0 5 1 0 0 1 298 0 0 0 0 
103 0 0 0 1044 0 0 0 0 0 0 0 
0 0 0 826 0 0 0 0 0 0 0 0 
0 0 0 0 0 0 1210 0 0 0 0 0 
0 12 0 476 21 0 0 0 1 0 0 0 
0 0 0 84 0 0 94 584 0 0 139 6 
1 0 0 745 0 0 0 0 0 0 0 0 
0 0 0 0 0 0 0 0 1513 0 0 122 
0 0 0 0 0 495 0 0 0 0 0 0 
0 0 0 255 3 0 0 0 0 0 0 0 
2 0 0 0 0 148 0 3 0 0 375 494 
0 1 0 0 0 0 0 687 0 0 0 0 
