289 3 0 0 31 0 11 572 420 0 1005 0 
0 411 0 0 0 0 0 0 0 0 0 0 
0 1 0 0 0 0 0 10 0 2453 0 0 
501 0 0 0 0 0 0 0 0 1 0 0 
0 4 4 0 3 2 0 213 0 969 483 0 
0 0 0 0 0 0 744 20 1 0 0 0 
200 0 0 0 0 0 0 0 1711 0 0 0 
0 0 0 202 0 427 4 353 269 0 125 126 
0 0 0 0 0 0 311 0 16 0 0 0 
0 0 0 0 0 372 0 0 0 0 0 0 
259 0 208 0 0 0 0 0 0 0 0 0 
0 0 0 0 0 773 0 0 202 0 0 0 
211 145 45 25 0 0 0 6 0 578 0 857 
0 0 0 321 24 0 493 0 4 0 4 0 
0 0 0 0 762 0 0 0 0 0 0 0 
0 0 0 0 74 1546 0 0 181 0 0 0 
12 0 0 1 1320 2 0 2 0 0 74 0 
0 0 0 0 270 0 1 0 0 0 107 0 
0 0 0 0 4 0 0 0 0 0 300 1 
2 0 349 796 0 0 0 0 0 0 0 0 
0 0 2 0 780 0 0 0 0 0 1 43 
0 0 0 4 209 60 0 5 0 717 206 0 
0 0 0 263 247 0 0 0 0 0 0 0 
63 0 0 0 0 0 798 0 0 0 0 0 
0 449 297 0 0 0 0 0 0 0 0 0 
0 11 0 0 0 0 0 0 57 711 0 513 
0 1 0 494 0 0 0 0 0 0 0 0 
0 13 1 240 0 0 0 0 0 4 0 0 
1 0 0 0 0 0 74 0 56 0 663 50 
0 0 0 0 112 0 106 473 0 0 0 0 
0 0 0 0 1 0 0 0 330 0 0 0 
0 0 0 0 3 0 171 36 0 0 0 7 
