0 0 0 0 0 1230 1524 263 0 80 393 485 
0 20 0 113 191 0 0 0 25 0 0 0 
11 3 0 0 0 1 0 2249 0 246 0 0 
0 0 0 0 34 359 0 0 0 0 0 0 
0 0 0 0 0 0 1511 203 0 0 0 0 
6 2 0 40 0 353 363 0 1 0 0 0 
0 0 8 0 310 1607 0 0 1 0 0 97 
0 0 0 0 0 1508 3 0 0 0 0 0 
0 0 0 0 0 0 0 88 239 0 0 0 
0 0 0 0 0 370 0 2 0 0 0 0 
0 466 1 0 0 0 0 0 0 0 0 0 
6 0 0 18 0 0 0 0 951 0 0 0 
1 0 0 0 0 216 0 0 0 0 0 1646 
0 0 0 1 0 1339 0 0 0 0 0 0 
49 8 70 0 625 0 0 0 1 0 9 0 
0 0 0 0 41 1299 90 378 0 0 0 3 
0 0 0 0 1411 0 0 0 0 0 0 0 
2 0 0 1 0 0 0 0 0 375 0 0 
1 0 0 0 0 1 0 303 0 0 0 0 
84 0 0 0 1062 0 0 0 0 0 0 0 
0 0 0 812 0 0 14 0 0 0 0 0 
0 1 5 0 0 0 1158 0 0 0 0 0 
0 0 0 732 32 0 1 3 0 0 0 0 
0 0 0 2 0 245 253 278 0 1 41 87 
0 16 0 772 22 0 2 0 0 0 0 0 
0 0 0 0 0 0 0 0 1504 0 0 120 
