0 0 0 0 0 963 1127 177 0 59 3 0 
0 58 0 125 213 2 0 0 0 0 0 1 
1 0 0 0 2 0 0 2263 0 200 0 0 
0 0 0 0 39 463 0 0 0 0 0 0 
0 0 2 0 0 0 1491 179 0 0 0 0 
18 18 0 1 0 388 338 0 2 0 0 0 
0 0 0 0 383 1329 0 0 5 0 0 195 
0 0 0 0 0 1505 0 0 0 0 0 0 
0 0 0 0 0 0 0 79 248 0 0 0 
0 0 0 0 0 372 0 0 0 0 0 0 
0 444 0 0 0 0 0 0 2 0 21 0 
0 1 0 0 1 0 7 1 956 9 0 0 
0 0 0 0 0 350 0 0 0 0 0 1517 
0 0 0 0 0 845 0 0 0 0 0 1 
9 0 0 2 669 0 0 43 0 0 0 39 
0 0 0 0 80 1274 94 350 0 0 3 0 
0 3 0 0 1408 0 0 0 0 0 0 0 
5 0 0 0 24 0 0 0 0 349 0 0 
1 0 0 0 0 0 0 298 0 0 6 0 
83 0 0 0 1062 0 0 0 1 1 0 0 
0 0 0 826 0 0 0 0 0 0 0 0 
0 0 0 0 0 0 1206 0 0 0 0 0 
1 0 0 490 18 0 0 0 1 0 0 0 
151 27 0 0 0 0 0 651 2 31 0 0 
0 0 0 743 3 0 0 0 0 0 0 0 
0 0 0 0 0 0 0 0 1179 0 0 125 
0 0 0 0 0 495 0 0 0 0 0 0 
0 7 0 250 1 0 0 0 0 0 0 0 
0 0 0 0 0 117 0 2 0 0 280 400 
0 4 0 0 0 0 0 652 0 0 26 9 
0 0 0 0 0 0 0 0 331 0 0 0 
0 0 2 0 6 11 0 37 0 0 62 144 
