181 0 0 0 180 0 1546 1033 223 0 1594 117 
0 823 357 0 0 0 0 0 103 753 0 546 
0 0 0 0 0 0 0 94 0 2413 0 0 
428 0 0 0 0 0 0 0 0 0 1 0 
0 0 0 0 0 0 3 281 0 957 471 3 
0 0 0 0 0 0 753 22 0 0 0 0 
521 0 29 0 0 76 63 0 1182 42 46 26 
0 11 97 382 87 227 254 71 290 86 7 0 
0 0 0 0 0 0 311 0 16 0 0 0 
0 0 0 101 0 349 0 0 0 0 0 0 
307 0 159 0 0 1 0 0 0 0 0 0 
0 0 0 0 0 768 0 1 206 0 0 0 
81 214 13 449 206 380 184 225 5 4 0 102 
0 0 143 885 89 0 0 3 118 7 10 0 
0 0 0 0 762 0 0 0 0 0 0 0 
0 0 0 0 86 1515 0 0 217 0 0 0 
0 0 0 0 1481 0 1 0 0 0 116 0 
0 0 6 0 263 0 0 0 0 0 108 1 
6 1 0 0 2 58 5 56 7 1 0 169 
0 0 356 713 92 1 0 0 0 0 0 0 
0 0 1 0 678 10 0 0 0 126 11 0 
0 0 30 0 57 0 0 404 0 114 502 58 
0 0 0 428 340 0 0 0 0 0 0 0 
