172 0 0 0 0 0 12 505 477 0 1169 0 
0 371 0 0 0 0 1 0 0 0 0 1 
0 0 0 0 1 0 0 26 0 2441 0 0 
502 0 0 0 0 0 0 0 0 0 0 0 
0 0 0 2 0 0 0 200 5 850 603 1 
0 0 0 0 0 0 747 18 0 0 0 0 
410 4 0 10 0 0 0 7 1476 0 0 7 
0 0 0 391 13 0 0 358 700 3 40 0 
0 0 0 0 0 0 311 0 16 0 0 0 
0 0 0 0 0 372 0 0 0 0 0 0 
359 0 103 4 0 0 1 0 0 0 0 0 
0 0 0 0 0 772 0 0 203 0 0 0 
22 182 0 0 0 281 174 0 0 86 0 1120 
0 0 0 332 78 0 427 7 0 0 0 0 
0 0 0 0 761 0 0 0 1 0 0 0 
0 0 0 0 77 1522 0 0 202 0 0 0 
0 0 1 0 1317 6 0 0 0 0 84 3 
0 0 0 0 287 0 4 0 0 0 87 0 
0 0 3 73 1 0 1 0 0 0 227 0 
0 0 304 842 0 0 0 1 0 0 0 0 
0 23 2 12 743 0 1 3 10 0 0 32 
36 5 0 0 94 0 5 681 87 297 0 0 
0 0 0 282 228 0 0 0 0 0 0 0 
53 0 0 1 0 0 850 0 0 4 0 0 
0 427 319 0 0 0 0 0 0 0 0 0 
0 63 0 0 0 0 0 0 109 846 0 645 
0 0 0 494 0 1 0 0 0 0 0 0 
1 0 0 252 0 0 5 0 0 0 0 0 
1 0 0 0 1 0 166 91 68 0 683 52 
0 0 0 0 139 0 100 409 0 0 0 0 
