162 0 0 0 223 0 1498 833 266 0 1768 126 
0 839 352 0 1 0 0 0 98 701 0 591 
0 1 0 0 0 0 0 86 1 2418 0 0 
426 0 0 0 0 0 0 0 0 0 0 1 
0 0 0 0 0 0 0 219 0 1005 491 0 
0 0 0 0 2 0 752 21 0 0 0 0 
436 0 29 0 0 32 40 0 1359 12 37 43 
4 34 217 330 61 229 212 94 249 77 4 0 
0 0 0 0 0 0 311 0 16 0 0 0 
0 0 0 105 0 345 0 0 0 0 0 0 
297 0 170 0 0 0 0 0 0 0 0 0 
0 0 0 0 0 783 0 0 192 0 0 0 
103 244 6 393 200 347 136 342 0 0 0 92 
0 0 41 935 90 0 0 12 141 25 11 0 
1 0 0 0 761 0 0 0 0 0 0 0 
0 0 0 0 81 1522 0 0 215 0 0 0 
2 2 0 3 1448 0 0 0 0 0 143 0 
0 0 0 0 261 0 0 1 0 0 116 0 
4 0 0 0 18 17 32 47 22 17 0 148 
0 0 294 755 113 0 0 0 0 0 0 0 
1 0 12 0 697 3 0 0 0 76 37 0 
0 6 67 0 24 0 0 405 0 200 394 68 
0 0 0 404 364 0 0 0 0 0 0 0 
