336 0 0 0 1 0 6 504 461 0 1019 0 
0 406 0 0 0 0 0 0 0 1 0 0 
0 0 0 0 0 0 0 8 0 2457 0 0 
501 0 0 0 0 0 0 0 0 0 1 0 
0 0 0 0 1 0 0 233 0 924 509 0 
0 0 0 0 0 0 745 20 0 0 0 0 
450 3 0 0 0 0 0 4 1449 6 0 0 
1 0 0 132 0 230 4 253 709 0 83 93 
0 0 0 0 0 0 311 0 16 0 0 0 
0 0 0 0 0 362 0 0 3 0 0 0 
323 0 144 0 0 0 0 0 0 0 0 0 
0 0 0 0 0 791 1 0 183 0 0 0 
183 218 0 0 0 12 0 52 0 641 0 761 
21 0 30 156 172 3 273 190 1 0 0 0 
0 0 0 0 760 0 0 2 0 0 0 0 
0 0 0 0 73 1518 0 0 216 1 0 0 
1 0 1 1 1295 0 0 0 0 0 113 0 
0 0 0 2 273 0 0 0 0 0 102 1 
0 2 6 0 0 25 17 2 0 1 249 3 
0 2 376 766 0 0 0 0 1 0 0 2 
0 0 0 0 763 0 0 0 60 0 0 3 
0 1 0 125 198 1 0 175 4 514 194 0 
1 0 0 253 253 0 0 3 0 0 0 0 
71 1 0 0 0 0 833 0 0 0 0 0 
0 458 288 0 0 0 0 0 0 0 0 0 
0 16 1 0 0 0 0 0 66 705 0 508 
1 0 0 491 3 0 0 0 0 0 0 0 
0 0 13 197 0 0 43 0 0 5 0 0 
0 0 0 0 0 0 223 1 67 0 683 45 
0 0 0 0 107 0 97 488 0 0 0 0 
0 0 0 0 0 3 0 0 300 28 0 0 
