333 350 319 316 335 579 600 405 378 345 434 405 
107 122 76 508 147 87 92 122 986 90 98 185 
189 182 184 218 167 189 196 515 194 269 200 179 
107 73 65 89 401 188 86 91 79 75 77 75 
144 155 152 150 152 138 1083 218 123 144 140 143 
99 96 93 90 102 97 132 78 118 98 102 111 
160 158 151 142 231 394 138 158 140 120 143 160 
115 133 103 120 104 525 126 119 115 102 136 124 
12 7 5 6 4 8 5 68 183 7 15 7 
26 31 30 32 39 145 31 25 24 21 28 30 
31 90 31 33 39 32 24 40 33 31 26 34 
85 75 87 79 86 62 82 75 83 64 70 91 
159 157 144 145 169 166 138 145 180 171 157 286 
0 0 0 0 0 1054 0 0 0 0 0 0 
66 61 62 58 63 75 59 59 65 57 82 55 
87 97 99 83 107 343 95 168 93 94 84 78 
149 156 142 246 422 123 142 148 160 154 150 152 
28 35 33 30 24 29 30 16 31 62 35 25 
76 84 82 154 83 97 101 151 77 88 77 91 
