238 281 284 255 242 832 882 386 294 321 456 466 
22 54 31 652 114 26 28 47 1454 26 35 152 
155 109 154 140 114 128 132 1032 168 223 133 113 
0 0 0 0 39 198 0 0 0 0 0 0 
79 70 80 68 93 51 1882 189 62 64 74 64 
80 101 86 52 87 80 136 54 88 52 77 92 
135 131 98 103 300 673 78 99 118 91 108 140 
72 97 75 63 75 780 84 86 77 86 66 79 
2 0 0 1 0 1 3 82 235 1 1 1 
10 37 21 27 8 235 19 28 22 12 17 15 
24 150 40 18 34 26 14 31 24 34 28 44 
93 78 73 81 99 51 95 37 104 86 48 71 
126 100 138 133 103 169 130 85 123 139 118 499 
0 0 0 0 0 1151 0 0 0 0 0 0 
84 55 48 47 87 86 51 51 72 22 80 79 
83 76 82 52 66 617 109 229 69 94 88 46 
125 101 124 325 754 81 103 120 125 80 100 206 
25 35 20 34 14 25 38 14 27 95 26 25 
55 68 48 236 73 69 101 179 74 89 64 86 
135 55 36 75 670 35 40 50 78 52 33 36 
