0 0 0 0 0 1405 1356 340 0 54 282 513 
0 15 0 149 172 0 0 0 0 0 0 0 
0 0 0 0 0 0 0 2324 0 189 0 0 
0 0 0 0 33 395 0 0 0 1 0 0 
0 0 0 0 0 0 1461 234 0 0 0 0 
0 0 0 114 7 303 330 8 0 0 3 0 
0 0 0 0 265 1605 11 2 0 0 0 104 
2 0 0 0 0 1509 0 0 0 0 0 0 
0 0 0 0 0 0 0 83 244 0 0 0 
0 0 2 0 1 369 0 0 0 0 0 0 
2 461 0 0 0 0 4 0 0 0 0 0 
29 0 0 78 0 0 0 0 853 0 4 11 
3 0 0 0 0 240 0 0 3 2 0 1616 
0 0 0 0 0 844 0 0 0 0 0 0 
145 39 0 0 568 7 0 1 2 0 0 0 
0 0 0 0 82 1270 55 403 0 0 1 0 
0 0 0 0 1409 0 1 0 1 0 0 0 
0 0 0 0 9 0 0 0 21 348 0 0 
0 0 0 0 0 0 0 301 0 0 4 0 
89 0 0 0 1054 0 0 3 0 0 0 0 
0 0 0 792 0 0 34 0 0 0 0 0 
0 0 0 0 0 0 1180 0 0 0 1 0 
0 0 0 738 30 0 0 0 0 0 0 0 
0 0 0 0 0 255 286 363 1 0 12 15 
0 19 0 781 12 0 0 0 0 0 0 0 
0 0 0 0 0 0 0 0 1517 0 1 118 
0 0 0 0 0 495 0 0 0 0 0 0 
