0 0 0 0 0 0 19937 21 
0 0 0 0 0 0 300 20926 
0 0 7102 0 14 51 0 1 
0 17 0 0 781 0 398 23 
0 0 10173 0 0 0 8 3 
0 9258 2 0 0 0 0 1 
0 0 0 0 0 0 11092 0 
0 0 0 0 0 0 2445 0 
0 0 0 0 0 0 28126 26 
0 0 0 0 0 0 0 11308 
0 0 4072 550 135 0 91 402 
0 20501 0 0 3 185 0 1181 
0 2 0 0 0 1 0 2005 
0 0 0 0 336 0 839 66 
0 0 3357 0 0 0 1 0 
101 414 0 0 1 68 2385 2869 
2360 0 0 6 0 0 0 0 
0 0 0 0 0 0 5737 0 
0 1 9 28 0 1 8526 0 
0 0 0 0 0 0 14099 0 
0 5421 0 0 0 0 0 0 
0 0 0 0 0 59 550 1172 
0 0 0 0 0 0 78 12376 
0 0 2 0 0 0 9914 5 
0 0 0 0 171 0 623 0 
0 2187 0 0 0 0 0 0 
0 0 0 978 531 0 0 0 
0 1067 14 6 0 0 0 0 
0 0 43 0 20 2 6371 1117 
0 0 8 0 0 0 1534 3 
0 0 0 0 1650 0 0 0 
0 0 0 0 0 1 25 8840 
0 0 0 0 2264 0 1 0 
0 0 1573 0 60 1 80 0 
0 0 0 867 1627 0 0 1230 
0 1 3 0 275 0 0 0 
0 5988 0 0 0 0 19 30 
0 2 132 308 0 0 0 182 
0 1 0 0 0 0 0 6649 
0 0 0 0 0 0 4397 0 
11 20 6160 631 1486 9 2737 912 
0 947 14 10 0 0 574 0 
0 2111 19 12 1 0 3 2 
0 0 0 0 1 0 4940 0 
0 0 139 0 0 0 100 0 
0 4577 2667 1 0 0 2739 0 
0 0 0 0 0 0 6305 0 
0 0 0 0 0 0 0 4111 
0 0 241 0 0 0 163 70 
0 0 0 0 2 616 0 64 
0 0 0 0 0 0 0 2853 
0 8 0 0 0 0 0 4088 
0 0 0 9 0 10 9 870 
0 0 0 0 0 0 362 156 
0 49 0 0 0 0 0 433 
0 0 1 0 0 0 5130 0 
0 0 0 0 0 852 0 0 
0 0 2 0 0 0 157 1571 
0 456 7 0 0 0 124 0 
10 0 0 1 67 0 2799 0 
116 864 0 0 1 0 0 1329 
0 0 121 0 0 29 1561 0 
0 0 345 1 0 1 0 1 
4 0 1291 32 10 0 522 25 
0 0 0 0 0 0 364 0 
569 0 1 4 0 0 3 0 
0 1 0 1 0 1 0 1380 
58 0 2 0 0 1 273 518 
0 386 0 1 0 0 0 152 
0 509 74 0 0 1 29 564 
5 0 5 0 0 0 2 291 
0 742 0 0 0 0 100 73 
0 0 7 0 7 0 1 270 
0 1 0 0 8 0 0 540 
1 102 2053 0 10 0 17 0 
1 1679 0 3 7 35 2 0 
0 0 1435 21 0 0 81 4 
0 0 0 0 0 0 1162 0 
1 0 0 0 0 0 130 285 
0 0 460 0 0 1 0 0 
0 0 4409 0 0 1 43 0 
0 0 0 0 0 0 4826 11 
0 0 0 0 0 0 16420 108 
0 0 0 0 0 7 0 5066 
2 0 92 0 0 2 71 240 
0 0 0 0 0 8 2236 0 
0 0 2428 0 3 0 0 0 
0 0 273 3 1 0 196 5 
0 0 1 0 0 0 535 45 
0 0 0 0 3 0 365 116 
0 0 0 0 0 19 3265 0 
1419 0 0 1 0 0 0 0 
0 0 0 0 0 0 1894 7 
0 3 0 5 0 0 2000 0 
0 0 0 0 0 1 2413 0 
0 634 1 0 0 6 0 19 
0 0 0 1 0 0 3 222 
2 131 0 0 81 4 966 65 
0 0 0 0 1007 84 0 0 
0 0 122 0 0 471 146 2 
0 0 0 0 0 361 0 0 
0 391 1766 2 27 0 0 0 
0 0 721 2 0 0 0 0 
0 0 0 0 0 0 0 4122 
0 0 0 0 1090 0 0 1 
0 2 0 0 1 1 33 3450 
0 2 0 18 0 3 550 9 
0 0 80 193 0 108 0 0 
2 165 16 0 0 0 559 0 
0 2 0 3 449 0 9 2 
1 0 1 0 0 209 515 7100 
0 0 0 0 0 0 0 388 
0 0 20 9 0 0 1708 0 
0 0 0 0 0 0 252 480 
249 0 0 4 0 0 0 0 
35 2891 0 0 0 0 0 13 
0 0 0 0 11 175 1 0 
0 0 0 0 2 0 1782 0 
0 28 0 1075 0 0 0 0 
0 0 5796 13 0 0 0 0 
0 0 0 0 11 0 4771 83 
0 0 0 0 2 0 600 0 
2 1 0 0 0 0 0 299 
0 0 0 0 0 0 557 0 
0 0 0 0 0 0 0 660 
0 0 5025 0 0 0 1 0 
0 0 0 0 0 0 6993 320 
0 0 4844 0 0 1 0 0 
0 0 0 0 1007 0 0 0 
1139 307 1 1 27 0 3 798 
0 0 0 0 0 0 2218 0 
0 0 0 0 0 0 0 4494 
0 0 0 0 0 0 0 5051 
0 1734 21 0 0 0 55 222 
0 0 0 0 0 0 1687 0 
0 0 0 0 0 0 3837 0 
0 5080 1 3 6 3 1 4025 
0 0 2940 0 0 0 0 0 
0 0 1 0 0 0 7717 0 
