0 0 0 0 0 0 20111 61 
0 0 0 0 0 0 274 21010 
0 0 7202 2 6 34 0 1 
14 0 23 0 438 0 762 0 
16 0 10132 0 9 0 0 0 
2 9193 0 0 0 0 0 0 
1 0 0 0 4 0 11009 0 
0 0 0 1 0 0 2427 0 
0 0 0 0 0 0 27896 0 
1 0 0 0 0 0 0 11212 
0 0 3661 617 190 6 66 632 
0 20071 72 3 1 436 4 1320 
0 0 1 2 0 0 0 1982 
1 1 0 0 307 0 870 55 
0 0 3421 0 0 0 0 0 
128 310 0 0 0 61 2510 2861 
2382 0 1 0 0 0 0 0 
0 0 2 0 0 0 5575 0 
0 0 12 31 3 0 8455 0 
0 0 0 0 0 0 14161 0 
0 5419 0 0 0 0 0 0 
0 0 0 0 2 1 770 1004 
0 1 0 0 0 0 92 12284 
0 2 0 0 0 0 9908 10 
0 0 0 0 175 0 619 0 
2 2185 0 0 0 0 0 0 
0 0 0 972 537 0 0 0 
0 1127 0 0 1 1 0 0 
0 0 35 1 12 0 6649 1011 
0 0 0 0 0 0 1545 0 
0 0 0 1 1659 2 0 1 
0 0 0 0 0 0 25 8789 
0 0 0 0 2274 0 1 0 
0 15 1571 5 65 0 122 2 
0 1 0 910 1384 1 1 1427 
0 0 1 0 278 0 0 0 
0 5975 0 0 0 0 22 34 
0 0 88 325 0 0 0 211 
0 0 0 0 0 0 0 6650 
0 0 0 0 0 0 4403 0 
0 0 6199 374 1799 5 2850 766 
10 1109 48 0 0 0 368 1 
0 2144 0 0 0 0 5 4 
0 0 0 0 0 0 4953 0 
0 0 150 0 1 0 88 0 
0 5380 2082 0 1 4 2518 0 
0 0 0 0 4 0 6360 0 
0 1 0 0 0 1 3 4097 
0 0 286 0 0 0 125 63 
0 0 0 0 0 575 0 107 
0 0 0 1 0 0 0 2824 
0 9 0 0 0 0 0 4141 
0 2 0 0 0 0 0 901 
0 0 0 0 0 6 300 208 
1 27 0 0 1 0 0 449 
1 0 0 1 0 0 5080 0 
0 0 0 1 0 851 0 0 
0 0 1 0 0 0 167 1590 
0 461 0 0 0 0 126 0 
1 0 1 0 29 0 2871 0 
161 824 0 3 0 0 0 1317 
0 0 68 0 0 0 1628 10 
0 0 341 2 0 0 5 0 
0 3 1493 0 0 2 276 0 
2 0 3 0 0 0 359 0 
573 0 1 0 0 0 0 0 
0 0 1 0 1 0 0 1364 
41 1 5 0 0 0 381 424 
5 371 0 2 2 0 0 159 
0 463 159 1 0 0 0 554 
5 0 1 0 0 27 0 270 
0 577 0 3 0 0 262 73 
0 0 22 0 0 0 0 263 
2 0 0 1 0 1 0 545 
0 3 2117 0 0 1 49 0 
0 1684 0 6 0 9 36 0 
0 3 1391 0 1 0 160 0 
0 0 0 7 0 0 1165 0 
0 0 0 0 0 0 146 270 
0 0 449 1 0 10 1 0 
1 0 4383 0 0 0 51 0 
0 1 0 0 0 0 4826 18 
0 0 0 0 0 0 16594 141 
0 0 0 0 0 0 0 5085 
43 0 204 33 0 125 0 2 
0 0 0 0 0 7 2304 0 
0 0 2422 0 3 0 0 0 
0 0 251 0 0 0 227 0 
0 1 0 0 0 0 555 37 
0 0 0 10 0 1 341 141 
1 0 0 0 0 18 3265 0 
1403 0 0 2 0 1 0 0 
0 0 0 0 0 0 1894 7 
0 0 0 0 4 0 2006 0 
0 0 0 0 0 0 2409 0 
0 624 0 0 0 25 0 11 
0 0 2 0 0 0 0 224 
0 114 0 0 56 0 1005 74 
0 0 0 0 1048 79 0 0 
0 0 116 0 0 401 224 0 
0 0 0 0 0 361 0 0 
0 552 1616 19 0 0 0 5 
0 0 728 0 0 0 0 0 
0 0 0 0 1 0 0 4179 
0 0 0 0 1083 0 0 4 
0 0 0 0 0 0 38 3427 
1 0 0 0 1 0 595 0 
0 0 91 187 0 103 0 0 
0 197 0 0 0 0 545 0 
0 0 0 0 465 0 0 0 
0 0 0 0 0 202 421 7207 
0 0 0 0 0 0 0 388 
3 0 0 0 0 0 1715 0 
0 0 0 0 0 0 258 471 
248 0 0 5 0 0 0 0 
0 2928 0 0 0 0 1 0 
0 0 0 0 0 186 0 1 
0 0 0 0 2 1 1761 0 
0 0 1 1100 0 0 0 2 
0 0 5759 16 0 0 0 0 
0 1 0 0 12 0 4645 93 
0 0 0 0 3 0 618 0 
0 0 8 0 0 0 0 294 
0 0 0 0 0 0 557 0 
0 0 0 1 0 0 0 659 
0 0 5100 0 4 0 0 4 
0 0 0 1 0 0 7510 385 
0 0 4708 0 2 0 0 0 
0 0 0 1 929 0 0 0 
936 376 0 10 0 9 0 945 
0 0 0 0 0 0 2164 0 
0 0 0 0 0 0 0 4465 
0 0 0 0 0 0 0 5091 
0 1625 0 0 0 0 27 418 
0 0 0 0 0 0 1680 0 
0 0 0 0 0 0 3827 0 
0 0 0 0 1 0 7147 1 
0 5475 0 0 53 27 0 3578 
0 0 3024 0 0 0 0 0 
