0 0 0 0 0 0 20015 58 
0 0 0 0 1 0 294 20986 
0 0 7146 0 6 81 0 0 
21 1 0 0 561 0 665 0 
1 0 10126 4 0 2 0 10 
0 9192 0 0 0 0 1 0 
0 0 0 0 0 0 11030 0 
0 3 0 0 0 0 2499 0 
0 1 0 0 1 0 28232 0 
0 0 0 0 0 0 0 11227 
11 0 3797 620 186 2 101 452 
0 19916 73 19 0 441 11 1313 
0 2 0 0 0 0 0 1979 
0 0 0 0 333 1 828 37 
0 0 3428 0 0 0 0 0 
88 297 0 4 0 63 2458 2972 
2387 0 0 0 0 0 0 0 
0 0 0 0 0 0 5548 0 
0 0 7 39 0 0 8456 0 
0 0 0 0 2 0 14147 0 
0 5429 0 0 0 0 0 0 
0 9 1 2 0 0 712 1053 
0 0 0 0 0 0 90 12290 
0 0 0 0 0 0 9899 10 
0 7 1 0 154 0 632 0 
0 2185 0 0 0 0 2 0 
1 0 0 982 526 0 0 0 
0 1132 0 1 0 3 0 0 
0 0 0 1 2 0 6737 1033 
0 0 0 0 5 0 1534 0 
1 0 1 1 1660 0 0 0 
0 0 0 0 0 0 23 8807 
0 0 0 0 2279 0 0 0 
1 0 1566 7 61 0 140 5 
14 14 4 1114 1457 0 4 1117 
1 0 7 0 271 0 0 0 
0 5973 0 0 0 0 22 36 
0 11 131 305 0 0 0 177 
0 0 1 0 0 0 0 6649 
0 0 0 0 0 0 4347 0 
1 0 6383 650 1651 0 2565 732 
0 994 47 2 0 0 497 1 
0 2150 0 0 0 3 0 0 
0 0 0 0 0 0 4925 0 
0 0 144 0 0 1 94 0 
14 5187 2675 0 0 0 2106 0 
1 0 0 0 2 0 6394 0 
0 0 0 0 0 0 0 4093 
0 9 245 0 0 0 160 60 
0 0 3 0 0 592 0 87 
0 0 0 0 0 0 0 2845 
0 9 0 0 2 2 0 4131 
0 0 0 0 0 0 0 925 
10 2 0 0 0 0 269 237 
0 34 0 0 0 0 2 442 
0 0 0 0 0 0 5132 0 
16 1 0 0 0 835 0 0 
0 0 0 0 0 0 146 1592 
0 478 5 17 1 0 92 0 
0 0 10 1 45 0 2836 0 
122 1095 0 0 0 0 0 1083 
0 0 31 0 0 0 1676 0 
0 0 340 0 8 0 0 0 
0 0 1418 0 0 9 398 0 
0 2 0 0 0 0 362 0 
548 0 0 0 4 6 0 12 
0 0 0 0 0 0 0 1366 
50 0 0 0 0 0 303 499 
0 380 0 0 0 0 0 159 
0 573 280 0 0 0 0 324 
3 0 0 0 2 0 0 298 
6 677 0 1 0 0 107 124 
0 0 1 0 21 0 0 263 
0 18 2 0 0 0 0 529 
0 27 2104 0 0 0 67 0 
3 1712 0 0 0 17 1 0 
0 0 1358 1 6 1 188 0 
0 0 0 0 3 0 1165 0 
3 0 0 0 0 0 148 265 
0 0 451 7 0 3 0 0 
0 1 4460 0 0 4 48 0 
0 0 0 2 0 0 4825 14 
0 0 0 0 0 0 16344 164 
0 0 0 0 0 0 0 5063 
45 0 261 0 3 97 0 1 
0 0 0 0 0 11 2275 0 
1 0 2422 0 0 0 1 1 
0 0 245 0 0 0 221 12 
0 0 0 0 0 0 543 50 
0 0 0 0 0 1 290 202 
0 1 0 0 0 12 3271 0 
1402 0 0 0 0 4 0 0 
0 0 0 0 0 0 1899 6 
0 0 0 0 14 0 1996 0 
0 0 0 6 0 9 2391 3 
0 613 29 9 3 4 0 2 
0 0 1 0 0 3 0 222 
0 114 0 0 41 0 1035 59 
0 0 0 1 1050 75 0 1 
0 2 86 0 0 453 200 0 
1 0 0 0 0 360 0 0 
1 495 1687 2 0 0 0 1 
0 0 727 0 1 0 0 0 
0 0 1 0 0 0 1 4157 
0 0 0 0 1087 0 0 0 
0 0 0 0 2 0 30 3468 
21 0 0 0 0 0 569 0 
0 0 81 168 0 132 0 0 
4 270 11 4 2 3 444 4 
0 0 0 1 461 0 3 0 
0 0 0 0 0 220 325 7285 
0 0 0 0 0 0 0 388 
0 0 1 0 0 0 1717 0 
0 0 0 0 0 0 254 475 
231 0 0 13 0 1 8 0 
0 2915 0 0 0 6 0 1 
18 0 11 1 6 146 0 5 
0 0 0 0 2 0 1767 0 
37 0 1 1065 0 0 0 0 
0 0 5706 18 0 0 0 1 
0 0 0 0 21 0 4627 88 
0 0 0 0 0 0 614 0 
0 0 0 0 0 2 0 300 
0 0 0 0 0 0 557 0 
0 0 0 0 0 4 0 656 
0 0 5111 0 0 0 0 0 
0 0 0 0 0 0 7476 353 
0 0 4719 0 0 0 0 0 
0 0 0 1 925 0 0 0 
759 491 2 0 7 0 0 1017 
0 0 0 0 0 0 2131 0 
0 0 0 0 0 0 0 4469 
0 0 0 0 0 0 0 5057 
0 1702 0 16 0 7 40 428 
0 0 0 0 0 0 1675 0 
0 0 0 0 0 0 3827 0 
0 0 0 0 0 0 7212 2 
79 5592 0 12 0 0 0 3458 
0 0 2945 0 0 0 0 0 
