0 0 0 0 0 0 20132 61 
0 0 0 0 0 0 282 21006 
0 8 7183 0 30 34 0 0 
19 0 0 0 436 10 783 0 
0 0 10063 4 0 0 0 0 
0 9270 0 1 0 0 0 2 
0 0 0 0 0 1 11022 0 
0 0 0 0 0 0 2480 0 
0 0 0 0 0 0 28049 11 
0 0 0 0 0 0 0 11105 
0 0 3827 684 109 0 80 497 
0 20324 0 29 0 575 0 968 
0 0 0 1 0 1 0 1983 
1 0 0 1 321 0 847 65 
0 0 3441 0 0 0 0 0 
71 248 3 0 0 43 2562 2965 
2379 0 0 1 0 0 0 0 
1 0 0 0 0 0 5580 0 
0 1 11 34 0 0 8454 0 
0 0 0 0 0 1 14102 0 
0 5429 0 0 0 0 0 0 
21 0 0 7 0 2 521 1276 
0 0 0 0 0 0 108 12266 
0 0 0 0 0 0 9625 9 
0 0 4 0 212 0 570 0 
0 2187 0 0 0 0 0 0 
0 0 0 978 531 0 0 0 
1 1085 0 0 0 0 0 0 
0 1 78 46 9 0 6753 892 
0 0 0 0 0 5 1534 0 
0 0 0 0 1663 0 0 0 
0 0 0 0 0 1 20 8809 
0 0 0 0 2336 0 4 0 
0 2 1583 3 89 1 105 0 
6 7 14 964 1479 0 1 1253 
1 4 0 0 274 0 0 0 
0 5972 0 1 0 0 17 34 
0 4 141 332 0 0 0 147 
0 0 0 0 0 0 0 6650 
0 1 0 1 0 0 4343 0 
0 0 6446 680 1618 2 2228 1104 
0 871 22 65 0 0 543 1 
22 2130 0 1 0 0 0 0 
0 0 0 0 0 0 4966 0 
0 1 147 0 1 0 84 1 
0 5269 2511 0 0 0 2228 8 
0 0 0 0 7 0 6412 0 
0 0 0 0 0 0 0 4227 
0 0 238 0 0 0 189 47 
3 0 0 0 0 603 0 76 
0 0 0 0 0 0 0 2854 
0 5 0 0 0 0 0 4138 
6 0 0 1 0 0 0 896 
0 0 6 2 0 0 265 245 
1 27 0 2 0 0 0 448 
0 4 0 0 0 0 5139 0 
0 0 3 0 3 846 0 0 
0 0 0 0 0 0 129 1600 
0 424 0 0 0 0 163 0 
0 0 0 0 16 0 2855 0 
191 996 0 0 0 0 7 1111 
0 0 52 0 0 0 1654 0 
0 0 348 0 0 0 0 0 
16 2 1257 11 10 0 538 19 
0 0 0 0 0 0 364 0 
565 0 12 0 0 0 0 0 
3 0 0 0 0 0 0 1381 
48 0 0 0 1 0 361 442 
1 365 0 0 0 0 0 173 
0 455 109 2 12 1 0 598 
1 0 0 0 0 0 0 302 
0 816 4 0 0 0 67 28 
0 0 0 0 0 0 0 285 
3 0 0 0 19 0 0 527 
2 34 2012 13 0 130 0 0 
0 1627 0 24 0 75 0 0 
3 0 1397 0 0 2 133 33 
0 0 0 0 1 5 1163 0 
0 0 0 2 0 0 124 290 
0 0 458 0 0 1 0 2 
0 0 4376 0 0 0 34 0 
0 0 0 0 0 0 4824 13 
0 0 0 0 0 0 16476 121 
0 0 0 3 0 0 0 5082 
69 3 65 171 0 0 80 19 
0 0 0 0 0 6 2205 0 
8 1 2397 0 0 0 0 0 
0 0 237 0 0 0 241 0 
1 3 0 0 0 0 557 32 
0 1 0 0 0 0 587 119 
0 0 0 0 0 18 3254 0 
1406 0 0 0 0 0 0 0 
0 0 0 0 0 0 1889 6 
0 0 11 0 18 0 1981 0 
0 0 0 0 0 0 2421 0 
0 648 0 4 1 0 6 1 
0 0 0 0 3 0 0 223 
0 189 0 0 54 0 935 77 
0 4 0 0 1032 85 0 0 
0 0 70 0 0 449 222 0 
0 0 0 1 0 360 0 0 
5 367 1770 0 0 10 18 0 
1 0 726 0 0 0 0 1 
0 0 0 0 0 0 0 4180 
0 0 0 0 1087 0 0 0 
0 0 1 0 0 0 39 3451 
0 1 1 1 3 0 574 0 
0 0 83 189 0 109 0 0 
0 242 0 0 4 2 494 0 
0 0 2 7 448 0 5 3 
0 0 3 0 0 149 463 7165 
0 0 0 0 0 0 0 388 
0 6 0 0 0 9 1709 0 
0 0 0 0 0 0 268 440 
252 0 1 0 0 0 0 0 
10 2899 0 0 0 0 7 0 
12 0 6 0 0 166 2 1 
0 0 0 0 0 0 1752 0 
0 0 7 1084 4 0 8 0 
0 0 5797 15 0 0 0 0 
0 0 0 1 8 0 4502 100 
0 0 0 0 0 0 623 0 
2 2 0 1 0 0 23 274 
0 0 0 0 0 0 557 0 
0 0 0 0 1 0 0 659 
3 0 5113 0 0 0 0 0 
0 0 0 0 0 0 7552 331 
0 0 4809 2 0 0 0 0 
0 0 0 0 858 0 0 0 
869 477 132 5 74 0 0 727 
0 0 0 1 0 0 2263 2 
0 0 0 0 0 0 0 4447 
0 0 0 0 0 0 0 5059 
0 1600 5 0 0 0 36 435 
0 0 0 0 0 0 1684 0 
0 0 0 0 0 0 3848 0 
0 0 0 0 0 0 7188 0 
0 5870 0 0 0 0 0 3271 
0 0 2775 0 0 0 0 0 
