56 1471 0 9 0 99 0 1 0 0 0 69 
0 0 0 0 0 0 0 177 32 0 0 0 
0 0 0 0 0 224 0 0 0 0 0 0 
0 0 0 0 109 0 0 0 1 0 0 0 
0 0 0 0 0 0 48 263 0 18 0 0 
0 0 0 0 0 0 0 0 0 279 0 0 
0 68 78 193 27 0 0 0 0 0 0 0 
0 0 0 105 43 0 0 0 0 0 0 0 
0 233 0 0 0 9 0 0 1 0 0 0 
0 0 0 0 3 0 0 11 547 2 0 0 
74 0 0 0 0 0 0 0 0 0 1 0 
0 0 101 0 0 0 0 0 0 0 0 0 
0 0 218 11 0 0 0 0 0 0 0 0 
0 0 0 4 234 0 0 0 0 0 0 0 
0 0 0 0 1 0 87 162 0 0 0 1 
0 0 0 0 0 1 0 0 0 0 102 0 
0 0 0 0 0 0 0 0 0 47 154 0 
0 0 0 0 0 0 43 0 0 0 0 0 
0 0 0 0 0 0 0 100 0 0 0 0 
0 0 0 0 0 57 0 0 0 0 0 0 
71 0 1 0 0 0 0 0 0 2 0 0 
0 0 5 9 0 0 41 0 0 0 20 15 
0 0 327 0 0 0 0 0 0 0 0 0 
0 0 1 1 0 404 0 1 0 0 0 0 
42 323 1 0 8 0 0 16 0 0 0 1 
0 0 0 0 0 0 0 0 60 0 0 0 
0 2 0 0 0 0 144 0 1 0 0 0 
0 0 0 0 0 0 0 34 2 0 0 0 
0 0 0 0 0 40 676 4 0 0 0 0 
0 0 0 0 0 0 0 0 0 59 0 0 
0 0 0 0 0 0 0 0 34 0 0 0 
0 0 0 0 0 0 0 0 0 0 0 24 
0 0 0 0 1 0 603 0 0 1 0 0 
605 30 18 0 1 0 0 0 14 0 0 0 
2 0 159 0 4 22 0 0 0 0 0 0 
0 0 0 0 0 0 56 0 0 0 0 0 
0 0 0 4 1 0 0 0 0 0 21 21 
0 44 0 0 0 0 0 0 0 0 0 0 
0 0 0 0 86 0 4 0 0 0 0 0 
29 2 0 0 0 0 0 0 0 0 0 0 
12 0 0 0 25 10 0 0 0 0 0 1 
0 0 0 0 0 177 0 0 0 0 0 0 
0 0 0 0 0 0 134 0 0 0 0 0 
6 0 0 0 0 0 0 0 0 29 0 0 
0 0 0 0 66 0 0 0 0 0 0 0 
0 101 0 0 0 1 0 0 0 0 0 0 
0 0 0 0 0 0 0 0 0 0 15 0 
0 185 0 0 0 0 0 0 0 0 0 0 
34 0 0 0 0 0 1 0 11 0 0 0 
