0 1570 0 0 0 14 2 0 3 0 0 6 
0 0 0 0 0 0 1 178 22 0 0 0 
0 0 0 0 0 219 0 0 0 0 0 0 
0 0 0 0 108 0 0 0 0 0 0 0 
1 0 0 0 5 0 22 251 1 0 0 0 
0 1 0 0 0 0 0 0 0 211 0 0 
0 53 71 164 44 0 1 0 2 0 0 0 
0 0 0 75 50 0 0 0 0 0 0 0 
0 217 0 0 0 13 0 0 0 0 0 0 
0 0 0 3 0 0 0 28 468 0 0 0 
80 0 0 0 0 0 1 0 0 0 0 0 
0 0 102 0 0 0 0 0 0 0 0 0 
0 0 213 17 0 0 0 0 0 0 0 0 
0 0 0 5 232 0 0 0 0 0 0 0 
0 0 0 0 0 0 38 36 0 0 0 0 
0 0 0 0 60 3 0 0 0 0 46 0 
0 0 43 0 0 7 0 0 0 0 0 0 
0 0 0 0 0 0 48 0 0 0 0 0 
0 0 0 0 0 0 1 97 0 0 0 0 
0 0 0 0 0 60 0 0 0 0 0 1 
0 42 0 0 31 0 0 1 0 0 0 0 
0 0 0 0 0 0 87 0 5 0 0 0 
0 0 325 1 0 0 0 1 1 0 0 0 
0 0 0 0 0 448 0 0 2 0 0 0 
0 1 0 7 186 0 177 0 0 0 0 0 
0 0 0 0 0 0 0 0 54 0 0 0 
0 34 0 0 0 13 1 0 49 0 4 6 
6 1 1 0 0 10 0 51 0 0 0 0 
0 0 0 0 0 48 663 8 0 0 0 0 
0 0 0 0 0 0 0 0 0 52 0 0 
0 0 10 0 0 5 575 0 16 0 0 0 
615 34 0 0 0 0 0 10 0 0 0 1 
47 0 1 0 0 0 0 0 0 0 0 17 
0 0 0 0 0 0 6 31 0 0 0 0 
0 0 0 70 0 0 0 0 0 0 0 8 
0 40 0 0 2 0 0 0 0 0 0 0 
0 0 0 0 95 1 0 0 0 0 0 0 
0 9 0 15 0 0 0 7 0 0 0 0 
0 0 0 0 0 18 0 0 0 0 0 30 
0 0 0 0 1 190 0 0 5 1 0 0 
0 0 0 0 0 0 134 0 0 0 0 0 
17 11 0 0 0 0 0 1 0 0 0 12 
0 0 1 0 62 0 0 1 0 0 0 0 
0 99 0 6 2 0 0 0 0 0 0 0 
0 16 0 0 18 0 0 0 0 6 0 0 
0 0 35 0 0 2 0 0 0 3 0 0 
2 1 59 22 27 4 0 0 0 0 0 0 
0 182 0 2 0 0 0 1 0 0 1 0 
2 0 0 0 0 0 0 9 0 51 0 3 
0 0 0 0 0 0 0 0 76 0 0 0 
0 0 1 0 0 0 0 0 0 1 4 46 
0 0 0 0 0 0 108 0 0 0 1 0 
0 0 0 0 1 0 0 0 0 0 33 0 
0 0 2 0 0 0 26 150 0 0 0 0 
0 1 0 0 0 0 0 0 0 34 133 0 
