0 0 0 0 0 242 1343 0 0 4 0 3 
0 0 0 0 0 0 0 77 121 5 0 0 
0 0 0 0 113 109 0 0 0 0 0 0 
0 0 0 0 2 83 23 0 0 0 0 0 
0 0 0 0 0 0 0 281 0 0 0 0 
0 0 0 0 0 0 0 0 210 0 0 2 
0 0 8 0 327 1 0 0 0 0 0 0 
0 0 0 117 6 0 0 0 0 1 1 0 
0 0 0 0 0 236 0 0 0 0 0 0 
0 0 0 0 0 0 0 431 69 0 0 0 
0 0 0 0 0 0 81 0 0 0 0 0 
0 0 0 0 0 0 103 0 0 0 0 0 
0 0 0 155 58 0 0 19 0 0 1 0 
0 0 1 116 119 1 0 0 0 0 0 0 
0 0 0 0 0 0 71 0 5 0 0 0 
0 0 0 0 107 0 0 0 0 0 1 0 
0 0 0 0 0 0 0 0 50 0 0 0 
0 0 0 0 0 0 0 0 0 0 0 48 
0 79 2 0 0 1 12 4 0 0 0 0 
0 0 4 0 0 51 5 0 0 0 0 0 
0 0 0 0 0 57 16 0 0 0 0 0 
0 0 90 0 3 0 0 0 0 0 0 0 
1 1 317 0 0 0 0 0 0 7 0 0 
0 0 0 0 0 450 0 0 0 0 0 0 
1 0 0 0 0 0 345 14 11 0 0 0 
0 7 0 0 44 0 0 0 0 0 0 0 
1 3 15 0 68 0 18 0 0 0 0 0 
0 0 0 0 0 0 0 68 1 0 0 0 
10 0 0 1 0 0 703 0 0 0 0 0 
0 0 3 0 0 0 0 0 0 0 49 0 
0 0 0 0 0 0 604 0 0 0 0 0 
0 9 0 0 1 0 0 0 23 21 606 0 
0 0 0 0 0 0 0 0 0 0 65 0 
0 2 0 0 0 0 35 0 0 0 0 0 
0 0 0 52 24 0 0 0 0 0 1 0 
0 0 0 0 0 0 0 0 0 0 0 44 
0 0 0 0 94 0 0 1 0 0 0 1 
28 0 3 0 0 0 0 0 0 0 0 0 
0 0 0 0 48 0 0 0 0 0 0 0 
2 0 13 0 0 178 1 0 0 0 0 0 
0 0 0 0 0 0 135 0 0 0 0 0 
0 0 0 0 4 0 0 0 2 0 35 0 
6 0 0 1 50 0 0 2 0 3 2 0 
0 104 0 0 0 0 0 3 0 0 0 0 
0 39 0 0 0 0 0 0 0 0 0 0 
2 0 0 0 0 0 38 0 0 0 0 0 
0 0 92 0 23 0 0 0 0 0 0 1 
0 0 1 0 98 0 92 0 0 0 0 0 
0 0 0 0 0 0 0 0 0 0 0 77 
16 0 0 48 0 2 0 0 8 1 1 0 
4 0 0 5 0 1 0 0 0 0 0 30 
2 0 103 0 0 0 3 0 0 0 0 0 
0 0 0 0 0 0 0 7 0 0 27 0 
0 0 0 0 1 0 0 171 3 0 0 0 
0 0 0 0 0 0 0 0 167 0 0 0 
