0 41 0 0 0 436 1342 12 0 0 0 1 
0 0 0 0 3 0 31 127 44 0 0 0 
0 0 0 0 120 99 0 0 0 0 0 0 
0 0 0 1 14 74 28 0 0 0 0 0 
0 0 0 0 0 0 0 329 0 0 0 0 
0 0 0 0 0 0 0 0 169 0 0 69 
0 0 23 24 326 0 0 0 0 0 0 0 
0 0 0 118 33 1 0 0 0 0 0 0 
0 13 0 0 0 227 0 0 0 0 0 0 
0 0 0 0 0 0 0 419 131 0 9 0 
0 0 0 0 0 0 62 0 0 0 1 0 
0 0 0 0 0 0 96 0 0 0 0 0 
0 0 0 116 85 1 25 0 1 0 0 0 
0 0 3 78 157 0 0 0 0 0 0 0 
0 0 0 0 35 0 17 195 0 0 0 0 
0 0 0 0 103 0 0 0 0 0 0 0 
0 0 0 0 0 0 0 0 204 0 0 0 
0 150 0 0 0 0 1 13 0 0 0 0 
0 0 0 0 0 0 0 0 0 0 0 43 
97 0 0 0 0 0 1 0 0 0 0 0 
0 0 0 0 16 37 0 1 1 0 0 3 
0 0 0 0 0 56 18 0 0 0 0 0 
0 1 90 0 0 0 0 0 0 0 0 0 
0 0 95 155 1 0 0 0 76 0 0 0 
0 0 0 0 0 404 0 0 0 0 0 0 
0 0 0 0 0 0 421 17 0 0 0 0 
0 0 0 0 56 0 0 0 0 0 0 4 
45 0 0 27 45 0 39 0 0 0 0 0 
0 0 0 0 0 0 0 16 28 0 0 0 
0 0 0 0 0 3 803 0 0 0 10 0 
0 0 0 0 0 0 0 0 0 0 59 0 
19 0 0 0 0 0 0 0 0 0 0 15 
0 15 0 0 0 0 0 0 0 0 0 20 
0 0 0 0 0 0 620 0 0 0 0 0 
58 0 1 0 0 0 32 0 99 0 455 27 
0 40 135 2 53 0 0 0 8 3 0 0 
0 0 54 0 0 0 0 0 0 0 0 0 
0 0 0 19 0 0 0 1 0 0 20 0 
0 0 0 0 0 124 0 0 0 0 0 0 
0 0 0 0 0 0 0 0 0 0 0 42 
0 0 0 0 98 0 0 0 0 0 1 0 
30 0 0 0 0 0 0 0 0 1 0 0 
0 0 0 0 0 0 0 0 35 0 0 0 
0 0 0 0 0 38 0 0 1 4 0 0 
0 0 0 0 0 49 0 0 0 0 0 0 
0 0 3 2 0 0 32 0 0 0 0 0 
0 1 0 0 0 0 23 8 0 0 1 0 
0 0 0 0 3 0 0 0 10 0 2 0 
