18 1494 0 1 0 108 0 10 0 4 0 0 
0 0 0 0 0 0 0 177 27 0 0 0 
0 0 0 0 1 216 0 0 0 0 0 0 
0 0 0 0 110 0 0 0 0 0 0 0 
10 0 8 0 3 0 3 271 0 4 0 0 
0 0 0 0 0 0 0 0 0 215 0 0 
0 81 57 194 29 0 0 0 1 0 0 0 
0 0 0 112 34 0 0 0 0 0 0 0 
0 227 0 0 0 9 0 0 0 0 0 0 
0 0 0 0 0 0 0 10 493 3 21 2 
80 1 0 0 1 0 0 0 0 0 0 0 
0 0 102 0 0 0 0 0 0 0 0 0 
0 0 222 10 0 0 0 0 0 0 0 0 
0 0 0 4 232 0 1 0 0 0 0 0 
0 0 0 0 0 0 43 33 0 0 0 0 
5 0 1 0 44 2 0 0 0 0 58 0 
0 0 0 1 1 0 0 8 40 0 0 0 
2 0 0 0 0 0 46 0 0 0 0 0 
0 0 0 0 0 0 1 97 0 0 0 0 
0 0 0 0 0 63 0 0 0 0 0 0 
0 0 0 1 0 0 5 56 11 0 0 0 
1 3 0 0 0 1 76 0 13 0 0 1 
0 0 323 0 0 0 0 0 0 0 0 0 
0 0 0 0 0 433 0 0 0 3 0 0 
0 0 0 5 0 1 1 4 0 3 358 0 
0 0 0 0 0 0 0 0 51 0 0 0 
0 0 2 0 0 0 29 0 18 11 16 0 
0 0 0 0 1 0 6 43 1 0 0 0 
0 0 0 0 0 50 663 2 0 0 0 0 
0 0 0 0 0 0 2 0 0 50 0 0 
16 0 0 30 0 0 561 0 0 0 0 0 
603 49 0 0 0 2 0 0 0 3 0 0 
23 6 0 0 0 0 0 0 41 2 0 2 
0 0 0 5 0 2 8 19 0 0 0 0 
0 0 0 6 0 0 0 0 2 0 0 30 
0 44 0 0 1 0 0 0 0 0 0 0 
0 0 0 0 78 0 0 0 21 0 0 3 
0 19 3 0 0 4 0 0 0 6 0 0 
8 22 0 0 0 0 5 0 0 13 0 0 
1 0 0 0 0 189 0 0 1 0 0 0 
0 0 0 0 0 0 130 0 0 0 0 0 
0 0 0 0 0 0 38 0 0 2 1 0 
0 0 0 0 57 1 0 0 0 0 0 0 
0 82 6 2 0 0 0 3 0 0 14 0 
0 38 0 0 0 0 0 0 0 0 0 1 
0 0 0 0 0 0 0 34 0 0 8 0 
0 0 63 0 0 47 0 1 0 0 3 0 
0 160 0 0 0 0 1 0 0 0 0 0 
0 0 0 0 1 0 0 0 1 0 0 75 
0 0 0 0 0 0 0 0 62 0 0 0 
7 0 0 0 0 0 0 0 1 0 0 36 
0 0 1 0 0 0 107 1 0 0 0 0 
0 0 0 0 0 1 0 0 0 0 28 0 
0 0 0 1 0 0 44 131 0 0 0 0 
0 0 0 0 1 0 0 0 0 41 125 0 
