0 0 0 0 0 319 1335 0 0 4 0 10 
0 0 0 0 0 0 25 59 134 0 0 0 
0 0 0 0 124 97 1 0 0 0 0 0 
0 0 0 0 0 69 40 0 0 0 0 0 
0 0 0 0 0 0 0 315 0 0 0 0 
0 0 0 0 0 0 0 0 208 0 0 6 
0 0 15 12 335 0 0 0 0 0 0 0 
0 0 0 131 17 0 0 0 0 0 0 0 
0 0 0 0 0 239 0 0 0 0 0 0 
0 0 0 22 14 0 0 420 70 8 4 0 
0 0 1 0 0 0 79 0 0 0 0 0 
0 0 0 0 0 0 99 0 0 0 0 0 
1 0 0 104 123 0 0 0 0 0 0 0 
0 1 0 77 159 0 0 0 0 0 0 0 
0 0 0 19 0 0 164 68 0 0 0 0 
0 0 0 0 108 0 0 1 0 1 0 0 
0 0 0 0 0 0 0 0 201 0 0 0 
0 0 0 0 0 0 0 0 0 0 0 45 
0 0 0 24 0 43 0 0 31 0 0 0 
0 12 5 0 0 41 0 0 0 0 0 0 
0 0 0 0 0 57 17 0 0 0 0 0 
5 0 90 0 0 0 0 0 0 0 0 0 
0 0 177 66 1 81 0 0 0 0 1 0 
0 0 0 0 0 418 0 0 0 0 0 0 
2 0 0 0 0 21 310 25 17 0 0 0 
0 0 15 2 32 0 0 0 0 2 0 0 
2 0 64 0 0 2 0 0 0 1 0 0 
0 0 0 0 0 0 0 33 8 0 0 0 
1 0 0 0 0 9 707 0 0 0 0 0 
0 0 0 0 0 0 0 0 0 0 52 0 
0 0 0 0 0 0 604 0 0 0 0 0 
28 0 0 0 0 0 0 0 0 1 628 7 
0 4 5 3 0 0 13 0 1 30 0 0 
0 0 0 0 0 0 0 0 25 0 0 0 
0 0 1 28 0 0 0 0 0 0 34 0 
0 0 0 0 0 0 0 0 0 0 0 45 
0 0 0 0 96 0 0 1 0 0 0 0 
33 0 0 0 0 0 0 0 0 0 0 0 
2 0 1 0 0 0 0 0 1 2 42 0 
0 0 0 0 8 181 0 0 0 0 0 0 
0 0 3 0 10 0 117 0 0 0 0 1 
0 0 0 0 0 0 0 0 0 0 42 0 
0 0 2 0 60 0 0 0 0 0 1 0 
0 64 0 0 0 0 0 37 0 0 1 0 
0 41 0 0 0 0 0 0 0 0 0 0 
0 0 0 1 0 2 43 0 0 1 0 0 
7 0 104 0 0 1 0 0 0 0 0 0 
0 0 56 0 94 0 0 11 0 0 0 0 
0 0 0 0 0 0 0 0 0 0 0 86 
2 0 0 0 0 0 0 0 0 0 63 0 
0 0 0 0 0 0 0 6 0 0 8 22 
0 0 107 0 0 2 2 0 0 0 0 0 
