211 1402 0 0 0 62 1 0 2 0 0 0 
0 0 0 0 0 0 0 177 38 0 0 0 
0 0 0 0 0 224 0 0 0 0 0 0 
0 1 0 0 106 0 0 0 1 0 0 0 
0 0 0 0 0 9 42 261 2 0 0 0 
0 0 0 0 0 0 0 0 0 214 0 0 
2 62 78 186 28 0 0 0 0 0 0 0 
0 0 0 112 35 0 0 1 0 0 0 0 
0 218 0 0 0 11 0 0 1 0 0 0 
0 0 0 0 0 0 0 21 506 10 0 0 
80 0 0 0 0 0 0 2 0 0 0 0 
0 0 99 0 0 0 0 0 0 0 0 0 
0 0 221 16 0 0 0 0 0 0 0 0 
0 1 0 8 228 0 0 0 0 0 0 0 
0 0 0 0 0 0 83 169 0 0 0 0 
11 3 0 0 0 0 0 0 0 0 89 0 
0 0 0 1 0 0 0 0 0 43 162 0 
0 2 0 0 0 0 43 0 0 0 0 0 
0 0 0 0 0 0 0 98 0 0 0 0 
0 0 0 0 0 58 0 0 0 0 0 0 
0 0 39 0 0 0 27 5 2 0 0 0 
0 0 1 0 16 3 70 2 1 0 0 0 
0 0 324 0 0 0 0 0 0 0 0 0 
0 3 2 3 4 414 0 0 0 0 0 0 
1 199 4 0 0 1 0 0 0 0 160 11 
0 0 0 0 0 0 0 0 60 0 0 0 
0 0 0 0 0 0 178 0 0 0 0 0 
0 0 0 0 0 0 0 41 0 0 0 0 
0 0 0 0 0 38 671 7 0 0 0 0 
0 0 0 0 0 0 0 0 0 52 0 0 
0 0 0 1 0 0 599 0 0 1 0 0 
614 43 0 0 0 0 3 0 1 1 0 0 
0 0 0 0 0 0 0 0 46 0 0 1 
0 0 0 11 0 0 15 0 3 0 1 0 
0 0 0 6 0 0 0 0 0 0 15 26 
0 42 0 0 0 0 1 0 0 1 0 0 
0 0 0 0 99 0 0 0 0 0 0 7 
0 0 1 10 21 2 0 0 0 0 1 0 
0 0 33 4 4 0 4 0 1 2 0 0 
0 0 0 0 0 173 0 0 0 1 0 8 
0 0 0 0 1 0 137 0 0 0 0 0 
0 0 1 8 0 11 1 0 17 0 0 0 
0 0 0 0 57 0 0 0 0 0 0 1 
0 91 0 0 0 1 0 0 0 0 10 0 
1 39 0 0 1 0 0 0 0 0 0 0 
0 0 0 0 1 0 0 0 0 45 0 0 
1 0 107 2 0 27 0 0 6 0 0 0 
0 165 0 0 0 0 0 0 0 0 0 0 
0 0 0 1 0 0 0 0 0 0 21 64 
0 0 0 0 0 0 0 0 0 0 15 0 
0 1 0 5 0 0 0 0 58 1 0 0 
