52 1569 0 0 0 54 0 0 11 0 0 0 
0 0 0 0 0 0 0 184 23 0 0 0 
0 0 0 0 0 222 0 1 1 0 0 0 
0 0 0 0 108 0 0 0 0 0 0 0 
0 12 0 0 0 0 46 272 0 0 0 0 
0 0 0 0 0 0 0 0 0 214 0 0 
0 57 57 207 39 0 0 0 0 0 0 0 
0 0 0 123 21 3 0 0 0 0 1 0 
0 225 0 0 0 13 0 0 0 0 0 0 
0 0 3 0 0 0 6 14 537 0 0 0 
77 0 0 0 1 0 0 0 0 1 1 0 
0 0 102 0 0 0 0 0 0 0 0 0 
0 0 211 18 0 0 0 0 1 0 0 0 
0 0 0 8 229 0 0 0 0 0 0 0 
0 0 0 0 0 0 90 162 0 0 0 0 
0 7 5 0 0 6 7 0 11 0 67 0 
0 0 0 0 0 0 0 0 0 36 183 0 
0 0 0 0 0 0 45 0 0 0 0 0 
0 0 0 0 0 0 0 97 0 1 0 0 
0 0 0 0 0 57 0 0 0 0 0 0 
0 5 1 44 0 0 15 0 9 0 0 0 
0 2 0 23 0 0 57 0 1 0 0 9 
0 0 327 0 0 0 0 0 0 0 0 0 
0 0 0 0 2 423 0 0 2 0 0 0 
25 337 0 0 15 2 2 0 0 0 0 1 
0 0 0 0 0 0 0 0 60 0 0 0 
0 0 0 0 0 0 182 0 0 0 0 0 
0 4 0 0 0 0 0 35 0 0 0 0 
0 0 0 0 0 45 663 4 0 0 0 0 
0 0 0 0 0 0 0 0 0 56 0 0 
0 0 0 0 0 0 0 0 34 0 0 0 
2 2 1 0 0 1 595 0 0 0 0 0 
596 66 0 1 0 0 0 0 0 0 0 0 
0 0 18 1 0 0 0 34 0 0 0 0 
0 4 0 0 0 14 8 0 0 0 0 0 
0 1 4 8 0 0 0 0 1 0 14 19 
0 44 0 0 0 0 0 0 0 0 0 0 
0 5 0 9 76 0 0 0 0 15 0 0 
0 0 0 0 13 12 0 10 0 0 0 0 
2 0 0 0 12 16 10 0 0 1 4 3 
0 0 0 0 0 175 0 0 4 0 0 0 
0 0 0 0 0 0 138 0 0 0 0 0 
0 0 0 9 0 0 0 0 0 20 0 9 
0 0 0 0 51 0 0 0 0 0 5 0 
0 94 0 0 0 0 1 0 0 7 0 0 
0 26 0 0 0 0 5 1 0 0 0 0 
0 0 1 32 0 0 4 0 0 0 9 0 
0 0 61 0 5 66 1 2 0 0 2 0 
0 160 0 0 0 0 0 0 0 0 0 0 
0 0 0 0 1 0 0 0 0 0 1 84 
