8 1512 1 2 0 98 0 4 0 10 0 0 
0 0 0 0 0 0 0 175 28 0 1 0 
0 0 0 0 0 219 0 0 0 0 0 0 
0 0 0 1 109 0 0 0 0 0 0 0 
20 0 0 0 1 0 11 264 0 3 0 0 
0 0 0 0 0 0 0 0 0 214 0 0 
0 68 63 184 39 0 0 0 1 4 0 0 
1 0 0 110 35 0 0 0 0 0 0 0 
0 222 0 0 0 13 0 0 0 0 1 0 
0 0 0 0 0 0 0 9 495 2 23 0 
80 2 0 0 0 0 0 0 0 0 0 0 
0 0 102 0 0 0 0 0 0 0 0 0 
0 0 226 8 0 0 0 0 0 1 0 0 
0 0 0 6 231 0 0 0 0 0 0 0 
0 0 0 0 0 0 43 33 0 0 0 0 
8 0 1 0 46 0 0 0 0 0 53 2 
0 0 0 2 0 2 0 7 39 0 0 0 
0 0 0 0 0 0 48 0 0 0 0 0 
0 0 0 0 0 0 0 98 0 0 0 0 
0 0 0 0 1 60 0 0 0 0 0 0 
0 0 1 1 0 0 0 51 20 0 0 0 
1 16 0 0 0 1 70 0 8 0 0 0 
0 0 323 0 0 0 0 0 0 0 0 0 
1 0 0 0 0 435 0 0 0 0 0 0 
0 0 0 1 0 5 0 2 0 7 357 0 
0 0 0 0 0 0 0 0 51 0 0 0 
0 0 1 0 0 0 29 0 12 18 16 0 
0 0 0 0 0 0 12 39 0 0 0 0 
0 0 0 0 1 44 666 2 0 0 0 0 
0 0 0 0 0 0 0 0 0 52 0 0 
9 0 0 10 1 0 587 0 0 0 0 0 
580 68 0 0 0 4 0 4 0 1 0 0 
28 7 0 0 0 0 0 3 35 1 0 0 
0 0 0 7 0 0 9 17 0 0 1 0 
0 0 0 3 0 0 0 0 0 0 0 35 
0 45 0 0 0 0 0 0 0 0 0 0 
0 0 0 0 78 0 0 0 24 0 0 0 
0 27 0 0 0 0 0 1 0 4 0 0 
4 30 1 0 0 0 1 0 0 12 0 0 
0 0 0 0 0 191 0 0 0 0 0 0 
0 0 0 0 0 0 132 0 0 0 0 0 
0 0 1 0 0 0 40 0 0 0 0 0 
0 0 0 0 57 0 0 1 0 0 0 0 
0 92 2 4 0 0 0 0 0 0 8 1 
0 39 0 0 0 0 0 0 0 0 0 0 
0 0 2 0 0 0 0 27 0 0 13 0 
0 0 52 0 0 62 0 0 0 0 0 0 
0 161 0 0 0 0 0 0 0 0 0 0 
0 0 0 0 0 0 0 0 0 0 0 77 
0 0 0 0 0 0 0 0 62 0 0 0 
3 0 0 0 0 0 0 0 0 0 0 41 
0 0 0 0 0 1 107 0 0 0 0 0 
0 0 0 0 0 0 0 0 0 0 29 0 
0 0 0 1 0 0 47 128 0 0 0 0 
0 0 0 0 0 0 0 0 0 38 130 0 
