116 1479 0 1 0 87 0 1 0 0 0 30 
0 0 0 0 0 0 0 175 29 0 0 1 
0 0 0 0 0 224 0 0 0 0 0 0 
0 1 0 0 109 0 0 0 0 0 0 0 
0 0 0 0 4 2 12 306 0 1 1 0 
1 0 0 0 0 0 0 0 0 278 0 0 
2 71 90 164 33 0 0 0 3 0 0 6 
0 0 0 124 25 0 0 0 0 0 0 0 
0 226 0 0 6 9 0 0 0 0 0 0 
1 1 0 0 0 2 0 8 547 0 0 3 
75 0 0 0 0 0 0 0 0 0 0 0 
0 0 101 0 0 0 0 0 0 0 0 0 
0 0 216 11 0 0 0 0 0 0 0 0 
0 0 0 11 227 0 0 0 0 0 0 0 
0 0 0 0 0 3 94 160 0 0 0 0 
0 0 1 19 0 0 1 0 0 2 80 0 
0 0 0 0 0 0 2 0 0 33 166 0 
0 0 0 0 0 0 44 0 0 0 0 0 
0 0 0 0 0 0 0 98 0 0 0 0 
0 0 0 0 0 57 0 0 0 0 0 0 
74 0 0 0 0 0 0 0 0 0 0 0 
16 2 8 2 0 0 27 0 0 0 4 31 
0 0 325 0 0 0 0 0 0 0 0 0 
1 0 0 0 0 407 0 1 0 0 0 0 
94 208 0 0 36 0 0 53 0 0 0 0 
0 0 0 0 0 0 0 0 60 0 0 0 
0 0 0 4 0 0 143 1 0 0 0 0 
0 0 0 0 0 0 0 40 0 0 0 0 
0 0 0 0 0 45 673 3 0 0 0 0 
0 0 0 0 0 0 0 0 0 59 0 0 
0 0 0 0 0 0 0 0 34 0 0 0 
0 0 0 0 0 0 0 0 0 0 0 24 
5 1 0 0 0 1 595 0 0 0 0 0 
604 64 0 0 0 1 0 0 0 0 0 0 
13 0 154 0 8 9 0 0 0 0 0 4 
0 0 0 0 0 0 55 0 0 0 0 0 
0 0 0 15 0 0 0 0 0 4 14 14 
0 44 0 0 0 0 0 0 0 0 0 0 
0 0 0 0 92 3 0 4 0 0 1 0 
24 0 2 0 0 0 0 0 4 1 0 0 
3 1 0 0 0 42 0 1 0 1 0 0 
0 0 0 1 0 171 0 0 2 0 0 0 
0 0 0 0 0 0 130 0 0 0 0 0 
0 0 0 10 7 0 0 0 0 16 1 0 
0 0 0 0 55 0 0 0 1 0 0 0 
0 96 0 0 0 0 0 0 0 2 0 0 
0 0 0 0 0 0 0 0 0 0 15 0 
0 187 0 0 0 0 0 0 0 0 0 0 
45 0 0 0 0 0 0 1 0 0 0 0 
