159 1451 2 0 0 30 2 0 0 0 0 0 
0 0 0 0 0 0 0 186 30 0 0 0 
0 0 0 0 0 219 0 0 0 0 0 0 
0 0 0 0 106 0 0 0 0 0 3 0 
1 5 0 0 0 0 21 269 5 0 0 0 
0 0 0 0 0 0 0 0 0 214 0 0 
0 50 75 184 45 0 0 0 0 1 3 0 
0 0 0 112 30 0 0 0 0 0 0 0 
0 231 0 0 0 7 0 0 0 0 0 0 
0 37 11 0 0 1 0 45 442 0 0 0 
79 0 0 1 0 0 0 0 0 0 0 1 
0 0 101 0 0 0 0 0 0 0 0 0 
0 0 224 11 0 0 0 0 0 0 0 0 
0 0 0 8 229 0 0 0 0 1 0 0 
0 0 0 0 0 0 42 37 0 0 0 0 
0 0 0 0 65 4 0 0 0 0 43 0 
0 1 0 0 0 0 0 0 0 41 158 0 
0 0 0 0 0 0 46 0 0 0 0 0 
0 0 0 0 0 1 0 97 0 0 0 0 
0 0 0 0 0 61 0 0 0 0 0 0 
0 0 0 0 0 0 0 0 2 0 0 72 
0 1 0 0 0 0 93 3 0 1 0 0 
0 0 323 0 0 1 0 0 0 1 0 0 
0 0 0 0 0 421 9 0 0 0 0 1 
0 6 0 0 0 0 2 0 39 0 326 0 
0 0 0 0 0 0 0 0 50 0 0 0 
0 0 0 0 0 1 5 0 58 9 0 0 
0 0 0 0 0 0 0 52 0 0 0 0 
0 0 0 0 2 40 669 6 0 0 0 0 
0 0 0 0 0 0 0 0 0 52 0 0 
0 0 0 0 0 0 604 0 0 0 0 0 
601 50 0 3 0 0 1 0 8 0 1 0 
4 0 0 0 0 0 9 0 45 0 0 4 
0 0 0 0 0 0 2 24 0 0 0 1 
1 0 0 4 0 0 2 0 0 1 0 34 
0 42 0 0 0 1 0 0 2 0 0 0 
2 0 3 0 88 0 3 0 0 0 0 1 
0 0 0 0 0 17 0 0 14 0 1 0 
0 4 39 0 0 0 0 0 0 0 1 4 
0 0 0 0 2 191 0 1 0 0 0 0 
0 0 0 0 0 0 127 0 0 0 0 0 
21 0 5 0 5 0 0 0 2 5 3 0 
0 0 4 0 58 0 0 0 1 0 0 0 
0 103 0 0 0 0 0 0 0 0 0 0 
0 9 24 1 0 0 0 0 0 0 5 0 
2 0 0 40 0 0 0 0 0 0 2 0 
0 0 57 0 0 32 0 0 0 0 12 13 
0 165 0 0 0 0 0 0 0 0 0 0 
0 0 0 0 0 1 0 1 0 0 0 75 
0 0 0 0 0 0 0 0 61 0 0 0 
0 0 0 3 0 0 0 0 0 0 5 35 
0 0 0 0 0 0 107 0 0 0 0 0 
0 0 0 0 0 0 0 0 0 0 30 0 
0 2 0 0 0 0 43 132 0 0 0 0 
