238 1078 15 98 6 217 81 40 61 17 51 53 
0 0 0 0 0 0 0 182 28 0 1 0 
0 0 0 0 0 270 1 0 0 0 0 0 
0 0 0 0 115 0 0 1 0 1 0 0 
0 0 3 0 0 8 0 217 43 29 3 21 
0 0 0 0 0 0 0 0 0 251 0 0 
0 60 50 216 74 0 0 1 2 0 0 0 
1 0 0 116 32 0 0 2 0 0 0 0 
0 225 0 0 0 13 0 0 0 0 0 0 
0 0 19 16 0 10 0 36 430 22 0 27 
57 0 0 0 0 0 0 1 0 0 0 0 
0 0 95 0 0 0 0 0 0 0 0 0 
0 0 212 9 0 0 0 0 0 0 0 0 
0 0 0 8 230 0 0 0 0 0 0 0 
0 0 1 0 0 0 88 156 0 0 0 0 
21 8 0 23 34 1 9 15 0 0 106 0 
0 0 0 0 0 0 0 0 0 120 126 0 
0 161 0 0 0 0 0 0 0 0 0 0 
0 0 2 0 0 0 40 0 0 0 0 0 
0 0 0 0 0 0 0 98 0 0 0 0 
0 0 0 0 0 57 0 0 0 0 0 0 
0 0 0 0 0 0 34 0 0 0 0 0 
23 0 12 0 0 6 10 0 0 13 0 9 
0 0 0 0 0 0 67 18 0 0 0 9 
0 0 326 0 0 0 1 0 0 0 0 0 
0 5 0 0 0 363 0 6 1 0 0 0 
29 58 50 22 27 74 11 18 73 21 0 55 
0 0 0 0 0 0 0 0 61 0 0 0 
0 0 0 0 16 0 134 0 0 0 15 0 
1 0 0 1 4 0 0 40 0 0 0 0 
0 0 0 0 0 39 774 3 0 0 0 0 
0 0 0 1 0 0 0 0 0 58 0 0 
0 0 0 0 0 0 0 0 34 0 0 0 
0 28 0 1 0 0 0 0 0 0 0 0 
0 14 0 0 0 0 0 0 0 0 0 24 
1 83 0 44 0 15 398 22 40 0 1 34 
541 131 0 2 0 0 0 0 0 0 15 0 
0 0 0 0 0 0 0 0 0 0 15 0 
0 12 65 5 0 0 79 0 5 51 0 21 
0 0 0 0 1 4 13 0 0 0 0 0 
0 0 0 0 0 0 0 0 0 0 29 11 
10 37 0 13 0 7 0 9 3 0 0 14 
