0 0 0 0 1 214 1397 0 4 0 10 0 
0 0 8 0 0 0 0 94 102 0 0 0 
0 0 0 0 123 95 0 0 0 0 2 0 
0 0 0 0 0 90 20 0 0 0 0 0 
0 0 0 0 0 0 0 313 0 0 0 0 
0 0 0 0 0 0 0 0 213 0 0 1 
0 0 10 7 328 0 0 0 0 0 0 2 
0 0 0 122 9 0 0 0 0 0 0 0 
0 0 1 0 0 231 0 0 0 0 0 0 
0 0 0 0 0 2 0 402 126 0 0 0 
0 0 0 0 0 0 82 0 0 0 0 0 
0 0 0 0 0 0 101 0 0 0 0 0 
0 2 0 122 99 0 0 0 3 0 3 0 
0 0 0 102 133 0 0 2 0 0 0 0 
0 0 0 0 2 0 51 0 1 0 20 0 
0 0 0 0 109 0 0 0 1 0 0 0 
0 0 0 0 0 0 0 0 49 0 0 0 
0 0 0 0 0 0 0 0 0 0 0 48 
0 0 14 4 0 0 0 0 0 79 1 0 
2 0 15 0 15 28 0 0 0 0 1 0 
0 0 0 0 0 54 20 0 0 0 0 0 
0 0 91 0 1 0 0 0 1 0 0 0 
59 0 224 0 0 0 2 0 0 0 43 0 
0 0 0 0 0 443 0 0 0 0 0 0 
1 0 2 0 2 0 355 10 0 0 0 0 
3 0 4 0 0 0 0 0 0 42 0 1 
0 8 3 0 63 0 1 0 0 0 0 0 
0 0 0 0 0 0 0 36 1 0 0 0 
0 0 0 0 0 0 704 4 0 0 6 0 
0 0 0 0 0 0 0 1 0 0 51 0 
0 0 0 0 0 0 607 0 0 0 0 0 
0 0 0 0 0 0 0 0 0 0 647 11 
1 2 3 0 2 0 0 0 0 0 54 1 
0 0 1 0 0 0 28 0 2 0 3 0 
0 0 0 37 23 0 0 0 0 0 4 0 
0 0 0 0 0 0 0 0 0 0 0 45 
0 0 0 0 96 0 0 0 0 0 0 0 
27 0 0 0 0 0 2 0 0 1 0 2 
0 34 0 0 0 0 2 0 1 4 0 7 
0 0 0 3 0 176 3 8 4 0 0 0 
6 0 0 0 0 0 129 0 0 0 0 0 
0 1 0 0 0 1 0 0 0 0 39 0 
0 0 0 3 48 5 0 6 0 1 0 0 
0 90 0 4 7 0 0 6 0 0 0 0 
0 39 0 0 0 0 0 0 0 0 0 0 
0 0 0 0 0 0 38 2 0 2 0 0 
0 1 112 0 0 0 0 1 1 0 0 0 
2 0 0 0 86 67 0 0 7 0 0 0 
0 0 0 0 0 0 0 0 0 0 1 76 
0 0 0 0 0 0 0 0 0 6 0 70 
0 0 0 0 44 0 0 0 0 0 0 0 
0 1 107 0 0 0 0 0 0 0 0 1 
0 7 0 1 0 0 5 2 0 0 16 0 
0 2 0 0 0 0 0 175 0 0 0 0 
0 0 0 0 2 0 0 0 166 0 0 0 
