136 1491 0 0 0 62 0 0 4 0 0 0 
0 0 0 0 0 0 0 175 32 0 0 0 
0 0 0 0 0 225 1 0 0 0 0 0 
0 0 0 0 109 0 0 0 0 0 0 0 
0 0 0 0 0 1 38 288 0 0 0 0 
0 0 0 0 0 0 0 0 0 214 0 0 
0 83 71 190 19 0 0 0 0 0 0 0 
0 0 1 114 30 0 0 0 0 3 0 0 
0 225 1 0 1 12 0 0 0 0 0 0 
0 0 0 2 0 0 0 33 527 0 0 0 
80 0 0 0 0 0 0 0 0 0 0 0 
0 0 102 0 0 0 0 0 0 0 0 0 
0 0 220 13 0 0 0 0 0 0 0 0 
0 0 0 5 232 0 0 0 0 0 0 0 
0 0 3 0 0 0 86 162 0 0 0 0 
0 0 0 0 0 1 2 0 0 0 100 0 
0 0 0 0 0 0 0 0 0 31 187 0 
0 0 0 0 0 0 45 0 0 0 0 0 
0 0 0 0 0 0 1 97 0 0 0 0 
0 0 0 0 0 57 0 0 0 0 0 0 
0 0 34 38 0 1 0 0 0 0 0 1 
0 0 1 0 0 1 63 12 0 0 0 14 
0 0 326 0 0 0 0 0 0 0 0 0 
0 8 0 0 0 404 0 3 0 0 14 0 
43 276 0 0 0 0 0 19 0 9 17 14 
0 0 0 0 0 0 0 0 60 0 0 0 
0 0 0 0 0 0 180 0 0 0 0 2 
0 0 0 1 0 0 0 39 0 0 0 0 
0 0 0 0 0 49 661 5 0 0 0 0 
0 0 0 0 0 0 0 0 0 60 0 0 
0 0 0 0 0 0 0 0 34 0 0 0 
0 20 0 0 0 14 570 0 1 0 0 0 
619 39 0 0 0 0 4 0 0 4 0 0 
0 13 2 0 0 0 0 38 0 0 0 0 
0 0 0 0 0 0 21 0 0 2 0 0 
0 0 0 4 0 0 0 0 0 0 18 25 
0 41 0 0 0 0 0 0 0 0 3 0 
0 0 0 0 99 0 0 0 0 0 0 0 
0 0 0 0 25 0 0 0 0 0 10 0 
1 13 0 2 0 14 0 0 1 17 0 0 
0 0 0 0 0 175 0 0 0 0 0 0 
0 0 0 0 0 0 138 0 0 0 0 0 
1 0 0 0 24 0 2 4 0 0 0 4 
0 0 1 0 55 0 0 0 0 0 0 0 
0 94 0 0 1 0 0 3 0 0 0 0 
0 25 1 0 0 0 0 3 1 0 0 0 
0 0 1 42 0 0 0 2 0 0 0 0 
0 0 59 0 0 76 0 0 0 0 0 0 
0 160 0 0 0 0 0 0 0 0 0 0 
0 2 1 3 1 0 0 0 0 0 0 79 
