56 1519 0 0 3 82 0 0 0 0 0 0 
0 0 0 0 0 0 1 186 31 0 0 0 
0 0 0 0 0 217 0 0 0 0 0 0 
0 0 0 1 108 0 0 0 0 0 0 0 
0 0 0 0 0 0 59 241 1 0 0 0 
0 0 0 0 0 0 0 0 0 214 0 0 
0 61 71 208 28 0 0 0 0 0 0 0 
0 2 1 98 44 0 0 0 1 0 0 0 
0 226 0 1 0 13 0 0 0 0 0 0 
0 1 0 0 0 0 2 6 518 0 11 0 
78 1 0 0 0 0 0 0 1 0 0 0 
0 0 101 0 0 0 0 0 0 0 0 0 
0 0 216 12 0 0 0 0 0 0 0 0 
0 0 0 6 232 0 0 0 0 0 0 0 
0 0 0 0 0 0 37 36 0 0 0 0 
0 5 12 0 77 0 0 0 0 0 16 0 
0 0 0 0 0 0 0 0 4 46 150 0 
0 0 0 0 0 0 47 0 0 0 0 0 
0 0 0 0 0 0 0 98 0 0 0 0 
0 0 0 0 0 64 0 0 0 0 0 0 
0 0 0 0 0 0 0 0 3 0 0 71 
3 0 0 0 0 0 91 0 0 0 1 0 
0 0 324 0 0 0 0 1 0 0 0 0 
0 1 0 0 0 415 0 0 0 0 0 1 
11 0 13 4 24 0 7 0 1 11 301 0 
0 0 0 0 0 0 0 0 50 0 0 0 
13 0 0 0 0 0 46 0 0 0 8 0 
3 0 0 0 0 0 0 44 0 0 4 1 
0 0 0 0 0 34 674 5 0 0 0 0 
0 0 0 0 0 0 0 0 0 52 0 0 
0 0 0 0 0 0 600 0 3 0 1 0 
606 50 0 3 5 0 0 0 0 0 0 0 
0 0 0 0 0 0 0 0 59 0 0 0 
0 0 0 0 0 2 5 24 0 0 0 0 
0 5 0 4 0 0 0 0 0 0 0 28 
0 43 0 0 0 0 0 0 0 0 0 2 
0 0 0 2 94 0 0 0 0 0 1 0 
0 2 1 0 28 0 0 0 0 0 0 2 
0 13 0 0 0 0 1 25 0 0 9 0 
0 4 0 0 0 187 0 1 0 0 0 0 
0 0 0 0 0 0 132 0 0 0 0 0 
0 0 2 0 0 0 0 0 0 0 0 39 
1 0 0 0 60 0 0 0 0 2 0 0 
5 85 6 0 6 0 0 0 0 0 0 0 
0 41 0 0 0 0 0 0 0 0 0 0 
28 10 0 0 0 0 0 0 2 5 0 0 
1 0 102 0 2 9 0 1 1 0 0 0 
0 160 0 0 0 0 0 0 0 0 0 0 
0 0 0 0 7 4 0 0 0 0 0 74 
0 0 0 0 0 0 0 0 66 0 0 0 
23 0 0 0 0 0 0 1 1 0 0 11 
0 0 0 0 0 0 107 0 0 0 0 0 
0 0 0 0 0 0 0 0 0 0 29 0 
0 0 0 1 1 0 31 146 0 0 0 0 
