126 1515 0 0 3 36 0 0 0 0 0 2 
0 0 0 0 0 0 1 180 34 0 0 0 
0 0 0 0 0 224 0 0 0 0 0 0 
0 0 0 0 107 1 0 0 0 0 0 0 
0 1 0 4 0 1 31 277 0 0 0 0 
0 0 0 0 0 0 0 0 0 214 0 0 
0 70 70 191 29 0 0 0 0 0 0 0 
3 0 0 110 31 0 0 0 4 0 0 0 
7 215 0 1 0 4 0 0 0 0 3 1 
0 0 0 7 0 0 0 48 452 31 0 0 
82 0 0 0 0 0 0 0 0 0 0 0 
0 0 99 0 0 0 0 0 0 0 0 0 
0 0 221 12 0 0 0 0 0 0 0 0 
0 0 0 6 227 0 2 1 0 0 1 0 
0 1 0 0 0 0 80 172 0 0 0 0 
0 13 0 0 0 0 0 2 0 0 88 0 
0 3 0 1 0 0 0 0 0 36 166 0 
0 0 1 0 0 0 44 0 0 0 0 0 
0 0 0 0 0 0 0 98 0 0 0 0 
0 0 0 0 0 56 0 0 1 0 0 0 
0 0 53 0 1 0 19 0 0 0 0 0 
0 0 0 0 3 0 91 0 0 0 0 0 
0 0 324 0 0 0 0 0 0 0 0 0 
0 0 0 0 0 411 10 0 0 0 3 0 
0 255 0 0 0 0 0 0 0 0 93 27 
0 0 0 0 0 0 0 0 60 0 0 0 
0 0 0 0 0 0 180 0 0 0 0 0 
0 0 0 0 0 0 0 38 0 0 0 2 
0 0 0 0 0 44 669 4 0 0 0 0 
0 0 0 0 0 0 0 0 0 52 0 0 
0 0 0 2 0 0 599 0 0 0 0 0 
611 44 0 0 7 0 0 0 0 0 0 0 
0 0 0 0 0 0 0 0 111 0 0 2 
0 4 0 0 0 0 25 0 0 1 0 0 
0 0 0 10 0 0 0 0 0 0 17 20 
0 43 0 1 0 0 0 0 0 0 0 0 
0 0 0 0 100 0 0 0 0 2 0 4 
5 5 0 13 1 0 0 11 0 0 0 0 
7 0 22 5 11 0 0 0 2 0 0 1 
0 0 0 0 0 178 0 1 0 0 0 3 
0 0 0 0 0 0 135 0 0 0 0 0 
1 0 0 4 0 27 0 0 2 1 2 1 
0 0 0 0 56 0 1 0 0 0 1 0 
0 98 0 0 2 0 0 0 0 0 2 0 
0 29 0 0 0 8 0 0 0 4 0 0 
0 0 0 0 0 4 0 0 5 37 0 0 
0 0 123 0 0 17 0 0 0 0 0 0 
0 163 0 0 1 0 0 0 0 0 0 0 
0 0 0 0 0 0 0 0 0 0 7 79 
0 0 0 0 0 0 0 0 0 0 15 0 
