155 1476 0 39 0 93 17 0 6 0 113 23 
0 0 0 0 0 0 0 177 28 0 0 0 
0 0 0 0 0 268 0 0 0 0 0 0 
0 0 0 0 117 0 0 0 0 1 0 0 
0 0 0 0 0 0 4 285 0 37 0 0 
0 0 0 0 0 0 0 0 0 230 0 0 
0 80 74 186 47 1 0 0 0 0 0 0 
5 0 0 112 28 0 0 0 0 0 1 0 
0 229 0 0 0 12 0 0 0 0 2 0 
15 0 12 6 6 0 0 49 468 0 4 1 
61 0 0 0 0 0 0 0 0 0 0 0 
0 0 95 0 0 0 0 0 0 0 0 0 
0 0 210 13 0 0 0 0 0 0 0 0 
0 0 0 7 231 0 0 0 0 0 0 0 
0 0 0 0 1 0 72 176 0 0 0 0 
7 0 0 13 29 0 0 30 0 2 57 0 
0 0 0 0 0 0 0 0 0 116 133 0 
0 163 0 0 0 0 0 0 0 0 0 0 
0 0 0 0 1 0 42 0 0 0 0 0 
0 0 0 0 0 0 0 98 0 0 0 0 
0 0 0 0 0 58 0 0 0 0 0 0 
0 0 0 0 0 0 34 0 0 0 0 0 
36 4 0 0 2 0 0 0 12 0 20 0 
0 0 0 0 0 11 64 0 0 0 0 17 
0 0 325 0 0 0 0 0 0 0 0 0 
0 0 0 0 0 394 1 0 0 0 0 0 
19 109 1 13 0 169 0 13 91 13 0 0 
0 0 0 0 0 0 0 0 60 0 0 0 
0 3 0 10 0 0 161 0 0 0 0 0 
0 0 0 0 1 0 0 42 0 0 1 0 
0 1 0 0 0 34 791 4 0 0 0 0 
0 0 0 0 0 0 0 1 0 58 0 0 
0 0 0 0 0 0 0 0 34 0 0 0 
0 17 0 0 0 0 0 0 0 0 0 21 
0 8 9 1 0 0 589 2 0 0 0 4 
582 85 0 0 0 0 0 0 0 0 15 0 
0 0 0 0 0 0 0 0 0 0 15 0 
0 0 153 0 0 4 25 0 0 0 6 52 
0 0 0 1 0 0 8 0 10 0 1 0 
0 0 0 0 0 0 0 0 0 0 22 18 
0 0 0 39 0 11 0 57 0 0 0 17 
2 0 3 7 35 0 0 4 0 0 30 0 
0 40 0 0 0 1 0 0 0 0 0 0 
0 0 0 0 14 0 0 0 0 0 0 0 
