0 0 0 0 0 257 1401 5 0 0 0 0 
0 0 2 0 0 0 23 48 145 0 0 0 
0 0 0 0 136 90 0 0 0 0 0 0 
1 0 0 0 0 79 27 1 0 0 0 0 
0 0 0 0 0 0 0 312 0 0 0 0 
0 0 0 0 0 0 0 0 207 5 0 2 
0 0 12 7 333 1 0 0 0 0 0 0 
0 0 0 125 26 0 0 0 0 0 0 0 
0 0 1 0 0 239 0 0 0 0 0 0 
4 1 0 12 7 0 1 360 127 22 3 0 
0 0 0 0 0 0 81 0 0 0 0 0 
0 0 0 0 0 0 100 0 0 0 0 0 
0 0 0 178 53 0 0 0 0 0 0 2 
0 0 0 73 162 1 0 0 0 0 1 0 
0 13 0 0 0 0 123 113 0 0 0 0 
0 0 0 0 100 0 0 0 0 0 0 1 
0 0 0 0 0 0 0 0 202 0 0 0 
1 0 0 0 0 0 0 0 0 0 0 44 
0 0 0 13 0 0 0 0 85 0 0 0 
0 0 2 1 0 49 0 0 0 2 0 0 
0 0 0 0 0 54 20 0 0 0 0 0 
0 0 91 0 0 0 0 0 0 1 2 0 
0 5 221 28 0 18 0 0 37 0 12 6 
0 0 0 0 0 422 0 0 0 0 0 0 
0 0 1 9 0 0 345 6 0 0 16 0 
0 0 0 0 0 4 0 53 3 0 0 0 
0 1 178 0 0 0 0 0 0 0 0 0 
0 0 0 0 0 0 0 34 8 0 0 0 
4 4 0 1 3 0 702 0 3 0 0 1 
0 0 0 1 0 0 0 0 0 0 50 1 
1 0 0 0 0 0 602 0 0 0 0 0 
57 0 57 0 0 0 0 3 0 0 487 59 
0 1 0 0 0 0 11 35 0 0 0 0 
0 18 0 12 0 0 0 0 0 0 0 0 
0 0 0 31 0 0 0 0 0 0 16 0 
0 0 0 0 0 0 1 0 0 0 0 43 
0 0 0 0 106 0 0 0 0 0 0 0 
35 0 0 0 0 0 0 0 0 0 0 0 
0 0 0 9 0 0 0 38 0 1 0 0 
0 4 0 0 0 182 0 0 0 0 0 0 
1 0 0 0 0 0 131 0 0 0 0 0 
0 0 0 0 0 0 0 0 0 0 42 0 
0 0 3 0 48 0 0 0 6 0 1 0 
13 71 0 0 0 0 0 18 0 0 0 0 
0 41 0 0 0 0 0 0 0 0 0 0 
0 0 0 7 0 0 38 0 0 1 0 0 
0 0 144 0 0 0 0 0 0 0 0 0 
0 0 0 0 7 158 0 0 5 0 0 0 
0 0 0 0 0 0 0 0 0 0 0 86 
0 0 2 10 0 0 0 0 0 0 3 0 
11 2 0 0 11 0 6 1 0 2 24 10 
