0 1610 2 0 0 10 0 0 0 0 3 1 
0 0 0 0 0 0 0 175 28 0 0 0 
0 0 0 0 0 220 0 0 0 0 0 0 
0 0 0 0 110 0 0 0 0 0 0 0 
0 1 0 5 1 0 7 296 0 2 0 0 
0 0 0 0 0 0 0 0 0 214 0 0 
0 57 59 201 34 0 0 0 0 3 0 0 
0 0 1 76 53 0 0 0 0 0 0 1 
0 227 0 0 0 8 0 0 0 1 0 0 
0 1 1 0 2 0 3 47 465 9 1 3 
82 0 0 0 0 0 0 0 0 0 0 0 
0 0 100 0 0 0 0 0 0 0 0 0 
0 0 226 8 0 0 0 0 0 0 0 0 
0 0 0 4 228 0 0 1 0 0 0 0 
0 0 0 0 0 0 44 31 0 0 0 0 
1 0 0 0 46 0 0 0 0 0 64 0 
0 0 30 0 0 0 10 5 0 1 2 0 
0 0 0 0 0 0 47 0 1 0 0 0 
0 0 0 0 0 0 0 98 0 0 0 0 
0 0 0 0 0 61 0 0 0 0 0 0 
1 2 0 0 0 70 0 0 0 0 0 0 
16 0 0 4 1 0 63 0 7 1 3 0 
0 0 326 0 0 0 0 0 0 0 0 0 
0 0 0 0 7 428 0 0 3 0 0 0 
0 0 0 0 0 0 0 0 0 0 371 0 
0 0 0 0 0 0 0 0 50 0 0 0 
0 0 0 0 1 0 0 0 72 0 1 0 
0 0 0 2 9 0 0 25 0 1 0 0 
0 0 0 2 0 50 655 5 0 0 0 0 
0 0 0 0 0 0 0 0 0 52 0 0 
0 7 0 0 2 0 600 0 0 0 0 0 
613 41 0 0 0 0 0 0 0 0 4 0 
57 0 0 0 0 0 0 0 0 0 0 4 
0 0 0 0 0 0 20 11 0 0 0 0 
0 0 0 50 0 0 0 0 0 0 0 5 
0 45 0 0 0 0 0 0 0 0 0 0 
1 0 0 0 100 0 0 0 0 0 0 0 
0 1 0 0 0 0 0 6 0 0 0 25 
0 0 0 0 28 0 0 1 0 19 0 0 
0 0 0 0 3 190 0 0 0 0 0 0 
0 0 0 0 0 0 136 0 0 0 0 0 
0 0 0 0 2 0 0 0 0 0 1 38 
0 0 0 0 62 0 0 0 0 0 0 0 
0 105 0 0 0 0 0 0 0 1 0 1 
0 24 1 0 0 1 13 0 0 0 0 0 
0 26 0 0 0 0 0 0 0 0 19 0 
0 6 38 0 0 67 0 2 0 2 0 0 
0 162 0 0 0 0 0 0 0 0 0 0 
3 0 0 1 0 0 0 0 0 0 0 73 
0 0 0 0 1 0 0 0 77 0 0 0 
0 0 0 1 0 0 3 1 0 0 0 39 
0 0 0 0 0 0 108 0 0 0 0 0 
0 0 0 0 0 0 0 0 0 0 31 0 
0 0 0 0 0 0 45 131 1 0 0 0 
1 0 0 0 0 0 0 0 0 30 137 0 
