0 1562 0 0 0 63 0 0 0 0 3 0 
0 0 0 0 0 0 0 174 33 0 0 0 
0 0 0 0 0 223 0 0 0 0 0 0 
0 0 0 0 109 0 0 0 0 0 0 0 
0 0 0 0 0 0 48 250 0 0 0 1 
0 0 0 0 0 0 0 0 0 214 0 0 
0 70 74 165 31 0 0 0 0 0 0 0 
0 0 0 83 38 0 1 0 1 0 0 0 
0 219 0 0 0 14 0 1 0 0 1 0 
0 0 13 0 2 0 0 7 420 1 88 0 
80 1 1 0 0 0 0 0 0 0 0 0 
1 0 100 0 0 0 0 0 0 0 0 0 
0 0 217 11 0 0 0 0 0 0 0 0 
0 0 1 9 226 0 0 0 0 0 1 0 
0 0 0 0 0 0 41 33 0 0 0 0 
0 0 1 0 63 0 1 0 0 0 47 0 
0 0 0 7 7 0 13 3 19 1 1 0 
0 0 0 0 0 0 47 0 0 0 1 0 
0 0 0 1 0 0 0 97 0 0 0 0 
0 0 0 0 0 61 0 0 0 0 0 0 
0 19 0 0 0 0 0 0 52 0 2 0 
47 1 17 0 0 0 16 0 0 0 12 0 
0 0 327 0 0 0 0 0 0 0 0 0 
0 2 2 0 1 438 0 0 2 0 0 1 
0 2 0 0 0 1 0 4 11 4 346 0 
0 0 0 0 0 0 0 0 50 0 0 0 
5 1 0 0 1 0 0 0 56 9 0 0 
4 0 0 0 0 1 0 44 0 0 0 0 
0 0 0 0 0 50 658 6 0 0 0 0 
0 0 0 0 0 0 0 0 0 52 0 0 
0 0 0 4 0 0 600 0 0 0 0 0 
605 40 0 3 0 3 0 0 3 0 4 0 
53 0 0 0 0 0 0 0 0 0 0 10 
0 0 1 0 0 0 2 30 0 0 0 0 
0 0 4 69 0 0 0 0 0 0 0 7 
0 45 0 0 0 0 0 0 0 0 0 0 
0 0 0 0 88 0 0 8 0 0 0 0 
0 0 5 0 0 0 1 0 0 0 0 26 
0 1 44 0 0 0 1 2 0 0 0 0 
0 0 0 0 0 191 0 0 0 0 0 0 
0 0 0 0 0 0 135 0 0 0 0 0 
0 0 5 4 0 1 1 8 0 7 0 20 
0 0 0 0 62 0 0 0 0 0 0 1 
0 95 0 1 0 11 0 0 0 0 0 0 
0 39 0 0 0 0 0 0 0 0 0 0 
1 0 0 1 0 0 0 0 0 5 32 0 
0 0 64 0 16 33 0 0 0 0 2 0 
0 163 0 0 0 0 0 0 0 0 0 0 
0 0 0 0 1 0 0 0 0 0 0 76 
0 0 0 0 1 0 0 0 74 0 1 0 
0 0 0 0 0 0 1 0 0 0 0 40 
0 0 0 0 0 0 109 0 0 0 0 0 
0 0 0 0 0 0 0 0 0 0 30 0 
0 0 0 0 0 2 37 136 0 2 0 0 
0 0 0 0 0 0 0 0 0 45 122 0 
