129 1466 0 6 0 72 0 0 0 1 0 0 
0 0 0 0 0 0 0 186 30 0 0 0 
0 0 0 0 0 222 0 0 0 0 0 0 
0 0 0 0 110 0 0 0 0 0 0 0 
0 1 0 8 0 3 18 274 0 0 10 2 
0 0 0 0 0 0 0 0 0 214 0 0 
0 49 66 202 45 0 0 0 0 0 1 0 
1 0 0 115 31 0 0 0 0 0 0 0 
0 235 0 0 0 6 0 0 0 0 0 0 
0 14 0 0 0 0 32 9 442 11 1 29 
82 0 0 0 0 0 0 0 0 0 0 0 
0 0 99 0 0 0 0 0 0 0 0 0 
0 0 215 13 0 0 0 0 0 0 0 0 
0 0 0 6 231 0 0 0 0 0 0 0 
0 0 0 0 0 0 88 161 1 0 0 0 
0 0 0 1 37 0 0 0 5 0 67 0 
1 0 0 0 0 0 0 1 0 43 156 0 
0 0 0 0 0 0 45 0 0 0 0 0 
0 0 0 0 0 0 0 98 0 0 0 0 
0 0 0 0 0 57 0 0 1 0 0 0 
0 0 63 5 0 0 3 1 0 1 0 0 
1 0 14 0 0 0 78 0 0 2 0 0 
0 0 326 0 0 0 0 0 0 0 0 0 
1 3 5 0 0 407 1 0 0 2 1 0 
0 204 1 22 0 0 1 0 4 0 140 0 
0 0 0 0 0 0 0 0 51 0 0 0 
0 0 0 0 1 0 178 0 0 0 0 0 
0 0 1 2 0 0 0 37 0 0 0 0 
0 0 0 0 0 47 666 4 0 0 0 0 
0 0 0 0 0 0 0 0 0 52 0 0 
0 1 0 4 1 0 585 0 9 0 0 0 
629 33 0 0 0 0 0 0 0 0 1 0 
0 0 0 0 0 0 2 0 54 0 0 0 
0 0 0 0 0 0 24 0 0 0 0 0 
0 0 0 3 0 0 1 0 0 0 51 8 
0 40 0 0 0 2 0 2 0 0 0 0 
0 3 3 0 90 0 1 0 0 0 0 0 
0 10 0 0 0 11 0 0 9 1 0 0 
0 44 0 0 0 0 0 0 1 0 2 1 
0 0 0 11 0 176 0 0 0 0 0 0 
0 0 0 0 0 0 132 0 0 0 0 0 
0 3 0 0 1 0 33 1 0 3 0 1 
5 0 0 0 57 0 1 0 0 0 0 0 
0 102 0 0 0 0 0 0 0 0 0 0 
0 19 0 0 0 22 0 0 0 0 0 0 
1 0 0 0 16 0 0 0 0 0 0 29 
0 2 92 0 15 1 0 0 0 0 3 0 
0 163 0 0 0 0 0 0 0 0 0 0 
0 0 1 0 0 4 0 0 0 0 0 81 
0 0 0 0 0 2 0 0 66 0 0 0 
0 0 0 1 4 0 0 4 0 0 26 1 
