101 1713 0 0 0 14 0 0 0 0 0 0 
0 0 0 0 0 0 0 172 34 0 0 0 
0 0 0 0 0 219 0 0 0 0 0 0 
0 0 0 0 116 0 1 0 0 0 0 0 
1 0 0 0 0 0 10 296 0 0 20 0 
0 0 0 0 0 0 0 0 0 239 0 0 
1 64 74 212 27 0 0 0 0 0 0 0 
0 0 0 121 23 0 0 0 8 0 0 0 
0 232 0 0 0 8 0 1 0 0 0 0 
6 0 7 0 0 1 2 15 528 0 0 0 
62 1 0 0 0 0 0 0 0 0 0 0 
0 0 96 0 0 0 0 0 0 0 0 0 
0 0 213 11 0 0 0 0 0 0 0 0 
1 0 0 11 226 0 0 0 0 0 0 0 
0 0 0 0 0 0 79 166 0 0 0 0 
0 0 0 0 1 0 0 0 0 0 97 5 
0 0 0 1 0 0 0 0 0 48 169 0 
0 166 0 0 0 0 0 0 0 0 0 0 
0 0 0 0 0 0 42 0 1 0 0 0 
0 0 0 0 0 0 0 98 0 0 0 0 
0 0 0 0 0 57 0 0 0 1 0 0 
41 2 8 0 0 19 0 0 0 0 0 4 
0 0 24 1 0 0 42 4 0 0 0 20 
0 0 323 0 0 3 1 0 0 0 0 0 
0 0 0 0 0 403 0 0 0 0 0 0 
42 282 17 0 0 55 0 12 30 2 0 0 
0 0 0 0 0 0 0 0 60 0 0 0 
0 1 0 0 0 0 155 0 0 0 0 0 
0 0 0 2 0 0 0 44 0 0 0 0 
0 0 0 0 0 38 774 4 0 0 0 0 
0 0 1 0 0 0 0 0 0 58 0 0 
0 0 0 0 0 0 0 0 34 0 0 0 
0 0 0 1 0 0 1 0 0 0 0 33 
6 0 5 0 0 1 603 1 2 0 0 0 
602 72 0 0 0 0 0 1 1 0 0 0 
0 1 103 0 17 12 28 0 0 0 0 79 
0 0 0 0 1 0 52 0 0 0 1 0 
0 0 0 0 1 3 0 0 0 0 26 10 
0 0 0 45 20 10 0 36 1 0 9 0 
1 41 0 0 0 0 0 0 0 0 0 0 
0 0 3 0 96 0 0 0 0 0 0 0 
0 0 7 3 0 0 1 0 0 0 21 0 
0 0 0 0 0 0 0 0 0 35 0 0 
0 0 19 1 4 0 0 0 19 0 0 0 
0 0 0 0 1 47 1 0 0 0 0 0 
0 0 0 0 0 0 37 0 0 0 0 0 
6 27 0 0 1 0 0 0 0 0 0 0 
