0 0 0 6 17 254 1386 0 0 0 0 0 
7 10 0 0 0 0 27 61 112 0 0 0 
0 0 0 0 101 117 4 0 0 0 0 0 
0 0 0 0 0 82 27 0 0 0 0 0 
0 0 0 0 0 0 0 316 0 0 0 0 
0 0 0 0 0 0 0 0 213 0 0 1 
0 0 14 18 326 0 0 0 0 0 0 0 
0 0 1 125 25 0 0 0 0 0 0 0 
0 0 0 0 0 241 0 0 0 0 0 0 
0 1 0 13 0 4 0 457 44 11 9 0 
0 0 0 0 0 0 80 0 0 0 0 0 
0 0 0 0 1 0 99 0 0 0 0 0 
0 0 0 137 92 0 0 0 0 0 0 0 
0 0 0 92 145 0 0 0 0 0 0 0 
0 0 0 6 1 5 76 145 0 1 12 6 
0 0 0 0 108 0 0 0 0 0 2 0 
0 2 0 0 0 0 0 0 199 0 0 0 
0 0 0 0 0 0 0 0 0 0 0 45 
0 0 0 7 0 18 6 0 50 17 0 0 
0 13 1 0 0 41 0 0 3 0 0 0 
0 0 0 0 0 56 19 0 0 0 0 0 
0 0 85 0 0 10 0 0 0 0 0 0 
4 0 233 63 0 13 0 0 0 13 1 0 
0 0 0 0 0 415 0 0 0 0 0 0 
2 0 0 0 0 0 335 40 0 0 1 1 
7 0 0 0 44 0 0 0 0 0 0 0 
0 0 62 0 0 9 1 0 0 0 0 0 
0 0 0 0 0 0 0 34 6 0 0 0 
0 0 0 0 0 1 711 0 2 0 0 0 
0 0 0 0 0 0 0 0 0 0 50 2 
0 0 0 0 0 0 603 0 0 0 0 0 
49 0 0 3 0 0 0 0 0 0 612 0 
1 9 0 0 0 0 32 0 2 6 1 7 
0 0 0 0 0 0 0 1 23 0 0 0 
0 2 0 32 0 0 0 0 3 0 26 0 
0 0 0 0 0 0 0 0 0 0 0 44 
0 0 0 0 97 0 0 0 0 0 0 0 
33 0 0 0 0 0 0 0 0 0 0 0 
0 30 1 0 0 0 8 0 0 7 2 0 
0 0 0 0 1 184 1 0 2 1 0 0 
0 0 0 0 0 0 131 0 0 0 3 0 
0 0 0 0 0 0 0 0 0 1 41 0 
0 0 0 1 62 0 0 0 0 0 0 0 
0 83 0 0 0 0 0 10 0 0 9 0 
0 41 0 0 0 0 0 0 0 0 0 0 
0 0 0 0 0 0 46 0 0 0 0 1 
2 0 101 0 8 0 0 0 0 0 0 1 
0 4 32 0 125 0 0 0 0 0 0 0 
0 0 0 0 0 0 0 0 0 0 0 85 
0 5 0 0 0 0 0 1 0 0 54 5 
0 0 0 0 0 0 0 0 0 0 0 36 
0 0 106 0 0 1 0 0 0 0 1 0 
