205 246 193 206 187 166 198 199 200 175 198 176 
1 3 10 7 6 4 5 126 28 3 6 10 
8 3 5 2 2 228 2 6 3 3 5 3 
9 4 5 8 77 5 2 2 5 2 2 4 
18 32 24 30 27 34 26 34 21 26 24 26 
13 12 18 15 9 11 17 17 9 122 13 12 
40 38 42 36 39 43 60 43 46 35 40 38 
27 42 39 83 46 23 19 32 19 18 25 19 
7 11 3 50 21 10 8 7 8 11 6 10 
18 81 15 23 13 18 5 19 19 12 21 5 
48 49 52 40 33 39 42 51 75 43 45 45 
44 0 2 0 0 0 0 0 0 1 1 0 
0 0 92 0 0 0 0 0 0 0 0 0 
7 3 154 13 8 6 6 5 4 3 4 8 
6 7 10 11 143 8 11 2 11 10 7 8 
9 12 14 12 10 7 51 96 12 8 16 5 
19 27 11 14 25 13 16 14 13 19 14 16 
6 15 8 5 10 6 14 3 12 78 101 10 
0 163 0 0 1 0 0 0 0 0 0 0 
1 1 0 1 0 2 33 1 0 0 1 0 
6 3 6 3 2 2 2 70 1 0 1 2 
0 0 0 0 0 41 0 0 1 1 0 0 
0 0 0 0 0 0 34 0 0 0 0 0 
3 6 6 7 4 7 1 7 8 9 7 8 
9 4 3 7 10 14 11 11 5 6 7 7 
11 19 194 13 14 12 16 7 17 15 14 9 
18 18 18 24 20 19 24 17 21 22 30 27 
30 25 22 24 26 80 30 22 29 39 21 21 
105 43 34 38 45 32 44 43 36 33 39 36 
30 35 28 34 41 32 27 38 33 31 37 40 
0 0 0 1 0 1 1 0 57 1 0 0 
0 0 0 0 0 0 39 0 0 0 0 0 
11 11 15 14 20 12 29 15 18 12 17 10 
6 7 3 5 3 0 3 20 5 0 2 6 
1 2 0 0 0 0 2 0 1 13 0 0 
30 13 43 21 30 56 528 27 26 22 19 19 
1 1 1 4 0 0 1 0 0 25 0 0 
0 0 0 0 0 0 0 0 34 0 0 0 
3 24 1 0 1 0 0 2 1 1 4 16 
