0 1561 0 0 0 58 2 5 1 0 0 3 
0 0 0 0 0 0 0 178 27 0 0 0 
0 0 0 1 0 222 0 0 0 0 0 0 
0 0 0 0 109 0 0 0 0 0 0 0 
11 0 22 0 0 0 45 199 0 4 0 0 
0 0 0 0 0 0 0 0 0 212 1 0 
0 60 59 189 33 0 0 0 0 0 0 0 
0 0 0 59 62 0 1 0 1 0 0 0 
0 207 1 0 0 16 0 5 3 0 0 0 
0 0 0 0 0 3 0 29 456 0 8 0 
80 0 0 0 0 1 0 0 0 0 0 0 
0 0 104 0 0 0 0 0 0 0 0 0 
0 0 214 14 0 0 2 0 0 0 0 0 
0 0 0 6 231 0 0 0 0 0 0 0 
0 0 0 0 0 0 42 31 0 0 0 0 
0 0 0 0 71 0 0 0 13 6 21 0 
0 2 0 0 1 8 0 0 40 0 0 0 
0 0 0 0 0 0 48 0 0 0 0 0 
1 0 2 0 0 0 0 95 0 0 0 0 
0 0 0 0 0 62 0 0 0 0 0 0 
21 0 1 0 0 0 0 0 0 36 15 0 
0 0 0 4 6 0 65 0 0 0 16 1 
0 0 325 0 0 0 0 1 0 0 0 0 
0 0 5 0 0 439 0 1 0 0 0 0 
0 0 0 0 0 0 0 2 62 0 306 0 
0 0 0 0 0 0 0 0 50 0 0 0 
0 0 0 1 0 0 0 0 104 0 0 0 
0 0 0 0 0 0 3 63 0 0 0 4 
0 0 0 0 0 39 659 7 0 0 0 0 
0 0 0 0 0 0 0 0 0 52 0 0 
0 0 0 0 0 6 596 0 0 0 0 0 
618 31 0 0 0 9 0 0 0 0 0 0 
42 0 0 0 0 0 0 0 0 0 1 20 
0 1 0 1 0 0 8 26 0 0 0 0 
1 0 0 71 0 0 0 0 0 0 0 6 
0 44 0 1 0 0 0 0 0 0 0 0 
0 0 0 0 93 0 0 0 0 1 2 0 
0 0 0 0 0 0 0 0 27 0 0 4 
0 1 41 0 0 5 0 0 0 0 1 0 
0 0 0 0 0 192 0 0 0 2 0 0 
0 0 0 0 0 0 145 0 0 0 0 0 
0 0 0 0 10 0 0 0 0 0 26 5 
3 0 2 0 48 0 0 0 0 4 2 4 
0 106 0 0 0 0 0 1 0 0 0 0 
0 39 0 0 0 0 0 0 0 0 0 0 
1 0 0 0 18 0 2 0 0 18 0 0 
0 0 31 0 49 1 21 7 5 0 0 0 
0 163 0 0 0 0 0 0 0 0 0 0 
0 1 0 1 0 0 0 0 0 0 0 75 
0 0 0 0 0 0 0 0 77 0 1 0 
0 1 0 0 2 0 0 0 0 0 1 36 
0 1 0 0 0 0 107 0 0 0 0 0 
0 0 0 0 0 0 0 0 0 0 34 0 
0 0 0 0 0 0 45 133 0 0 0 0 
0 0 0 0 0 0 0 0 0 44 122 0 
