0 2 0 0 0 325 1293 0 0 0 8 0 
1 0 0 0 0 0 0 70 134 0 1 0 
0 0 0 0 114 110 0 0 0 0 0 0 
0 0 0 0 0 76 32 0 0 0 0 1 
0 0 0 0 0 0 0 279 0 0 0 0 
0 0 0 0 0 0 0 0 211 0 0 3 
0 0 15 0 328 0 0 0 1 0 1 0 
0 0 0 119 5 0 0 0 0 0 0 1 
0 0 0 0 0 235 0 0 0 0 0 0 
0 0 0 0 0 0 0 347 183 0 0 2 
0 0 0 0 0 0 82 0 0 0 0 0 
0 0 0 0 0 0 101 0 0 0 0 0 
2 0 0 151 65 0 0 0 8 0 0 0 
0 0 0 94 142 0 0 0 0 1 0 0 
0 0 0 0 0 0 73 0 0 0 0 5 
0 0 0 0 111 0 0 0 0 0 0 0 
0 0 0 0 0 0 0 0 50 0 0 0 
0 0 0 0 0 0 0 0 0 0 0 48 
0 0 0 0 0 0 0 0 0 97 0 1 
7 0 0 0 1 50 0 0 0 0 2 0 
0 0 0 0 0 56 17 0 0 0 0 0 
0 0 86 2 0 0 3 0 0 0 0 2 
83 0 229 0 0 0 0 15 1 0 0 0 
0 0 0 0 0 446 0 0 0 0 0 0 
0 11 0 0 0 0 343 14 0 0 0 0 
11 0 0 0 1 0 0 23 1 14 0 0 
0 4 0 0 0 0 0 6 11 51 0 0 
0 0 0 0 0 0 0 69 1 0 0 0 
0 19 2 0 0 0 699 0 0 0 1 0 
0 0 0 0 0 0 0 1 1 1 49 0 
0 0 0 0 0 0 603 0 0 0 0 0 
21 0 25 1 0 1 0 0 0 0 609 1 
0 0 5 0 0 0 1 0 11 0 46 0 
0 0 0 0 0 0 28 0 0 0 0 0 
0 0 0 55 15 0 0 0 0 0 4 0 
0 0 0 0 0 0 0 0 0 0 0 45 
0 0 0 0 96 0 0 0 0 0 0 0 
32 0 0 0 0 0 0 0 0 0 0 0 
1 5 0 0 0 21 0 0 11 0 10 0 
0 0 0 0 3 178 2 3 0 1 5 0 
1 0 0 1 0 1 124 0 2 0 0 0 
0 0 0 0 0 0 0 0 1 1 44 0 
0 0 0 6 50 0 2 1 4 0 0 0 
0 52 0 0 0 0 0 55 0 0 0 0 
0 39 0 0 0 0 0 0 0 0 0 0 
0 0 0 0 0 1 38 0 0 0 0 0 
10 3 102 0 0 1 0 0 0 0 0 0 
7 0 0 1 155 0 0 0 0 0 0 0 
0 0 0 0 0 0 0 0 0 0 0 77 
1 23 0 0 0 0 0 0 5 0 20 28 
0 1 0 3 12 0 1 0 24 0 0 0 
0 0 108 0 0 0 0 0 0 1 0 0 
0 0 0 0 0 1 0 1 0 0 27 0 
0 1 0 2 0 3 0 171 0 0 0 0 
0 0 0 0 0 0 0 0 167 0 0 0 
