6 1548 0 0 0 29 0 0 0 0 0 7 
0 1 0 0 0 0 0 178 25 0 0 0 
0 0 0 0 0 219 0 0 0 0 0 0 
0 0 0 0 107 1 0 0 0 0 0 0 
0 0 0 0 0 0 47 229 0 0 4 0 
0 0 0 0 0 0 1 0 0 214 0 0 
0 55 91 162 34 0 0 0 0 0 0 0 
0 0 0 94 29 0 0 1 0 1 0 0 
0 215 0 0 1 12 0 0 2 2 0 0 
15 0 0 0 3 0 0 137 341 0 4 0 
80 0 0 0 0 0 0 0 0 0 0 0 
0 0 102 0 0 0 0 0 0 0 0 0 
0 0 217 12 0 0 0 0 0 0 0 0 
0 0 1 6 230 0 0 0 0 0 0 0 
0 0 0 0 0 0 39 39 0 0 0 0 
0 0 0 12 39 0 0 8 0 2 37 1 
0 0 14 2 0 0 0 22 0 0 12 0 
0 1 0 0 0 0 47 0 0 0 0 0 
0 0 0 0 0 3 0 95 0 0 0 0 
0 0 0 0 0 62 0 0 0 0 0 0 
0 11 0 0 1 0 0 0 59 0 3 0 
0 34 0 6 0 0 52 0 0 0 0 0 
0 0 325 0 0 0 0 1 0 0 0 0 
0 0 3 0 0 447 0 0 0 0 0 0 
0 0 0 18 175 2 171 0 0 1 5 0 
0 0 0 0 0 0 0 0 54 0 0 0 
0 0 0 0 0 0 0 0 105 0 0 0 
0 0 0 0 0 0 0 67 0 0 0 4 
0 0 0 0 0 51 662 3 1 0 0 0 
0 0 0 0 0 0 0 0 0 52 0 0 
0 0 0 0 12 0 592 0 5 0 0 0 
615 43 0 0 0 0 0 0 0 2 0 0 
38 0 0 0 1 0 0 0 0 0 0 26 
0 0 1 4 0 0 2 23 0 0 0 0 
0 0 0 73 0 0 0 0 0 0 0 1 
0 42 0 0 0 0 0 0 0 0 0 0 
0 0 0 3 92 0 1 0 0 0 0 0 
0 0 0 31 0 0 0 0 0 0 0 0 
0 0 0 1 1 3 2 0 0 0 41 0 
0 0 0 0 0 196 0 0 0 0 0 0 
0 0 0 0 0 0 134 0 0 0 0 0 
0 35 0 0 0 0 4 2 0 0 0 0 
0 0 5 0 61 0 0 0 0 0 8 0 
0 103 0 0 0 0 0 0 2 0 2 0 
0 30 4 0 5 1 0 0 0 0 0 0 
0 17 0 0 0 0 10 0 0 0 12 0 
3 0 60 0 24 24 0 3 0 0 0 1 
0 189 0 0 0 0 0 0 0 0 0 0 
0 0 0 1 0 1 0 6 6 13 10 30 
0 0 0 0 0 0 0 0 75 0 0 0 
0 0 0 0 0 0 0 0 0 0 0 52 
0 0 0 0 0 0 108 0 0 1 0 0 
0 0 0 0 0 0 0 0 0 0 32 0 
0 0 0 0 0 0 48 128 0 0 0 0 
0 0 0 0 0 0 0 0 0 37 130 0 
