0 2 0 1 0 256 1416 0 0 4 0 0 
0 0 0 0 0 0 14 56 142 0 0 0 
2 0 0 0 125 97 0 0 0 0 0 0 
0 0 0 0 0 79 29 0 0 0 0 0 
0 0 0 0 0 0 0 313 0 0 0 0 
0 0 0 0 0 0 0 0 203 0 0 11 
0 1 11 6 337 0 0 0 0 0 0 0 
0 0 0 117 30 0 0 0 0 0 0 1 
0 0 0 0 0 231 0 0 0 0 0 0 
0 2 10 0 0 0 0 380 120 26 0 0 
0 0 0 0 0 0 82 0 0 0 0 0 
0 0 0 0 0 0 99 0 0 0 0 0 
2 1 0 156 79 0 0 0 0 0 0 0 
1 0 0 85 149 0 0 0 0 0 2 0 
0 40 0 0 0 0 81 114 1 0 18 0 
0 0 0 0 103 0 0 0 0 0 0 0 
0 0 0 0 0 0 0 0 202 1 3 0 
0 0 0 0 0 0 0 0 0 0 0 45 
1 0 0 4 2 0 0 0 91 0 0 0 
0 4 1 6 20 23 0 0 0 4 0 0 
0 0 0 0 0 56 18 0 0 0 0 0 
0 0 85 0 0 0 0 7 1 0 0 0 
0 19 304 0 1 0 0 0 0 0 0 0 
0 0 0 0 0 429 0 0 0 0 0 0 
0 0 0 35 0 0 329 5 2 0 0 0 
0 0 0 9 0 2 0 16 0 0 21 12 
0 0 174 0 0 0 2 0 0 0 0 0 
0 0 0 0 0 0 0 35 6 0 1 0 
0 0 0 0 0 24 699 0 0 0 0 0 
0 0 0 0 0 0 0 0 0 0 52 0 
0 0 0 0 0 0 599 0 0 0 0 0 
0 28 10 0 0 0 2 0 2 0 599 21 
1 3 0 0 0 0 0 39 0 4 0 0 
0 2 18 0 0 0 0 2 0 2 7 0 
0 0 0 25 0 0 0 0 0 0 22 0 
0 0 0 0 0 0 0 0 0 0 0 44 
0 0 0 0 106 0 0 0 0 0 0 0 
33 0 0 0 0 0 0 0 0 0 2 0 
9 14 0 18 0 0 0 0 0 2 0 5 
0 0 0 0 3 174 0 0 0 0 5 0 
0 0 0 6 0 0 120 0 0 0 6 0 
0 0 0 0 0 0 0 0 0 0 38 0 
0 0 0 0 49 0 5 0 0 4 0 0 
0 52 0 0 0 0 0 50 0 0 0 0 
0 41 0 0 0 0 0 0 0 0 0 0 
0 0 1 0 0 0 42 0 0 0 0 3 
8 0 99 0 10 0 0 0 0 4 11 11 
0 0 0 52 0 113 0 1 0 0 0 0 
0 0 0 0 1 0 0 0 0 0 0 85 
0 0 0 6 0 0 0 0 0 9 0 0 
0 0 1 0 0 0 0 59 0 0 5 0 
