136 1471 0 0 0 99 0 0 0 0 0 0 
0 0 0 0 0 0 0 176 32 0 0 0 
0 0 0 0 0 226 0 0 0 0 0 0 
0 0 0 0 110 0 0 0 0 0 0 0 
0 0 0 1 5 1 15 305 0 0 0 0 
0 0 0 0 1 0 0 0 0 214 0 0 
0 58 79 184 48 0 0 0 0 0 0 0 
0 0 0 115 33 0 0 0 0 0 0 0 
1 230 0 0 0 9 0 1 0 0 1 0 
0 1 0 0 0 0 0 49 509 0 1 2 
85 0 0 0 0 0 0 0 0 0 0 0 
0 0 102 0 0 0 0 0 0 0 0 0 
0 0 216 11 0 0 0 0 0 0 0 0 
0 0 0 11 227 0 0 0 0 0 0 0 
0 0 0 0 0 0 91 158 0 2 0 0 
0 5 3 0 0 0 0 4 0 0 91 0 
0 0 0 0 0 0 0 0 0 46 171 0 
0 0 0 0 0 0 44 0 0 0 0 0 
0 0 0 0 0 0 1 97 0 0 0 0 
0 0 0 0 0 54 0 0 0 0 0 0 
0 14 38 13 0 0 9 0 0 0 0 0 
0 0 12 0 1 0 75 0 0 0 3 0 
0 0 325 0 0 0 0 0 0 0 0 1 
0 0 5 0 0 403 0 0 0 0 0 0 
116 264 0 0 0 0 0 0 0 0 0 0 
0 0 0 0 0 0 0 0 60 0 0 0 
0 0 0 0 0 0 180 0 3 0 0 0 
0 0 0 0 0 0 0 40 0 0 0 0 
0 0 0 0 0 53 658 3 0 0 0 0 
0 0 0 0 0 0 0 0 0 60 0 0 
0 0 0 0 0 0 0 0 34 0 0 0 
0 0 0 0 0 0 0 0 0 0 0 24 
0 0 0 0 0 0 601 0 2 0 0 0 
599 47 0 0 0 0 0 1 0 3 19 0 
0 29 0 0 2 0 0 22 0 0 0 0 
0 11 0 0 0 2 6 1 0 0 0 0 
0 0 0 7 0 0 0 0 0 0 22 18 
0 42 0 0 2 0 0 0 0 0 0 0 
0 0 0 0 94 1 4 0 0 0 0 0 
15 0 0 0 16 0 0 0 0 0 0 0 
0 0 0 0 0 40 0 0 0 0 0 8 
0 0 0 0 0 181 0 0 0 0 0 0 
0 0 0 0 0 0 138 0 0 0 0 0 
0 0 0 0 17 0 0 0 10 4 4 0 
0 0 0 0 55 0 0 0 0 0 0 1 
0 97 1 0 1 2 0 1 0 0 0 0 
0 30 0 0 0 0 0 0 0 0 0 0 
0 0 0 41 0 0 4 0 0 0 0 1 
0 0 132 0 0 3 0 0 0 0 0 0 
0 154 0 0 0 0 0 0 0 0 0 0 
0 31 0 5 2 3 0 3 0 8 0 10 
