0 7 0 1 0 259 1353 1 0 0 10 0 
7 0 1 0 0 0 1 64 132 0 0 0 
0 0 0 0 133 88 0 0 0 0 0 0 
0 1 0 0 0 80 27 0 0 0 1 0 
0 0 0 0 0 0 0 301 0 0 0 0 
0 0 0 0 0 0 0 0 208 0 0 3 
0 0 10 13 321 0 0 0 0 0 0 2 
0 0 0 123 7 0 0 0 0 0 0 0 
0 0 0 0 0 231 0 0 0 0 0 0 
0 0 0 0 0 33 0 364 131 0 1 0 
0 0 0 0 0 0 82 0 0 0 0 0 
0 0 0 0 0 0 101 0 0 0 0 0 
0 0 0 130 86 0 0 4 7 1 1 0 
1 0 0 70 166 0 0 0 0 0 0 0 
0 0 0 1 0 0 64 0 0 0 10 0 
0 0 0 0 110 0 0 0 0 0 0 0 
0 0 0 0 0 0 0 0 50 0 0 0 
0 0 0 0 0 0 0 0 0 0 0 48 
2 0 29 4 0 2 0 1 0 58 2 0 
0 0 6 0 0 54 0 0 0 0 0 0 
0 0 0 0 0 57 17 0 0 0 0 0 
0 0 93 0 0 0 0 0 1 0 0 0 
32 5 263 0 3 0 1 0 0 0 24 0 
0 0 0 0 0 442 0 0 0 0 0 0 
0 0 0 0 0 0 364 6 0 0 0 0 
3 0 0 0 2 0 0 0 0 32 13 0 
0 0 0 0 67 0 0 0 1 6 1 0 
0 0 0 0 0 0 0 47 2 0 0 0 
0 0 0 0 0 0 682 0 0 0 26 5 
0 0 0 0 0 0 0 0 0 0 52 0 
0 0 0 0 0 0 603 0 0 0 0 0 
0 0 1 0 0 1 5 0 1 0 614 36 
0 21 1 0 0 0 0 0 7 0 34 0 
0 1 0 0 0 0 31 0 0 0 0 2 
0 0 0 31 28 0 0 0 0 0 7 0 
0 0 0 0 0 0 0 0 0 0 0 45 
0 0 0 0 96 0 0 0 0 0 0 0 
29 0 0 1 0 0 2 0 0 0 0 0 
0 48 0 0 0 0 0 0 0 0 0 0 
0 0 0 1 1 165 0 27 0 0 0 0 
1 0 0 0 0 0 135 0 0 0 0 0 
0 0 0 0 3 0 0 0 0 0 38 0 
0 0 0 2 52 10 0 0 0 0 0 0 
0 82 0 0 2 0 0 13 9 0 0 1 
0 39 0 0 0 0 0 0 0 0 0 0 
1 0 0 0 0 0 40 0 0 0 0 2 
5 10 98 0 0 0 0 2 1 0 0 0 
0 0 0 0 105 57 0 0 0 0 0 0 
0 0 0 0 0 0 0 0 0 0 0 77 
3 1 0 0 1 0 0 0 6 32 0 33 
0 0 0 0 39 3 0 0 1 1 0 0 
0 0 107 0 0 0 0 0 0 0 0 0 
0 0 0 0 0 0 0 9 0 0 22 0 
0 0 0 0 0 0 0 176 0 0 0 0 
0 1 0 0 1 0 0 0 168 0 0 0 
