0 0 0 1 2 296 1324 0 0 0 0 0 
0 0 0 0 1 0 0 94 108 0 0 2 
0 0 0 0 121 100 0 0 0 0 0 0 
0 0 0 0 0 77 31 0 0 0 0 0 
0 0 0 0 0 0 0 280 0 0 0 0 
0 0 0 0 0 0 0 0 203 8 0 2 
0 0 13 2 321 0 3 0 0 0 0 0 
0 0 0 116 7 0 0 0 0 0 0 0 
0 0 0 0 0 236 0 0 0 0 0 0 
0 0 0 0 0 0 0 339 137 0 0 20 
0 0 0 0 0 0 81 0 0 0 0 0 
0 0 0 0 0 0 103 0 0 0 0 0 
0 0 1 160 70 0 0 0 1 0 0 0 
0 0 0 91 140 0 1 0 0 0 5 0 
0 0 0 0 0 0 70 0 0 8 0 0 
0 0 0 0 106 1 0 0 0 1 0 0 
0 0 0 0 0 0 0 0 50 0 0 0 
1 0 0 0 0 0 0 0 0 0 0 47 
0 74 0 0 19 0 0 1 0 0 2 2 
0 0 0 0 0 56 0 0 0 6 0 0 
0 0 0 0 0 56 17 0 0 0 0 0 
0 0 87 0 0 4 0 0 1 0 0 0 
0 0 278 0 1 0 0 0 0 47 0 0 
0 0 0 0 0 449 0 0 0 0 0 0 
0 0 0 1 0 0 346 5 0 8 11 0 
5 0 0 0 0 0 0 4 43 0 0 0 
0 0 73 0 3 0 0 9 19 0 0 0 
0 0 0 0 0 0 0 69 1 0 0 0 
0 0 0 0 0 21 680 0 0 0 2 0 
0 0 0 0 0 0 0 0 0 0 52 0 
0 0 0 0 0 0 605 0 0 0 0 0 
1 7 0 0 1 0 0 0 10 0 640 0 
7 0 0 4 0 0 25 0 0 0 26 0 
0 0 0 0 0 0 33 0 3 0 0 0 
0 0 0 49 25 0 0 0 0 0 5 0 
0 0 0 0 0 0 0 0 0 0 0 44 
0 0 0 0 95 0 1 0 0 0 0 0 
29 0 0 0 0 0 0 2 0 0 0 0 
0 14 0 0 6 0 8 0 0 0 0 20 
0 0 2 0 0 191 0 2 0 0 0 0 
0 0 0 0 1 0 142 2 1 0 0 0 
0 0 0 0 0 0 0 0 0 0 41 0 
0 0 0 0 64 0 0 0 0 0 0 0 
2 77 0 0 0 0 0 28 0 0 0 0 
0 39 0 0 0 0 0 0 0 0 0 0 
0 0 0 0 0 0 39 0 0 0 0 0 
0 0 113 0 0 0 0 0 1 0 0 0 
0 0 0 0 141 4 10 0 2 0 0 6 
0 0 0 0 0 0 0 0 0 0 0 77 
0 0 0 68 0 2 0 0 7 0 1 0 
0 0 0 40 0 0 0 0 0 0 0 0 
0 1 105 0 0 0 0 2 0 0 0 0 
0 0 0 0 0 0 0 8 0 0 26 0 
0 0 0 4 0 0 39 131 0 0 0 0 
0 0 0 0 0 0 0 1 164 0 2 0 
