3 79 0 0 0 365 1395 11 0 0 9 0 
2 0 0 0 10 0 34 79 81 0 0 0 
0 0 0 0 111 110 0 0 0 0 0 0 
0 0 0 0 16 75 26 0 0 0 0 0 
0 0 0 0 0 0 0 327 0 0 0 0 
0 0 0 0 0 0 3 0 165 0 0 70 
0 0 17 43 319 0 0 0 0 0 0 0 
0 0 0 118 33 0 0 0 0 0 0 0 
0 16 0 0 0 226 0 0 0 0 0 0 
0 0 0 0 5 0 0 451 104 0 0 0 
0 0 0 1 0 0 62 0 0 0 0 0 
0 0 0 0 0 0 96 0 0 0 0 0 
0 0 0 151 74 0 0 0 0 0 0 0 
0 0 0 65 173 0 0 0 0 0 0 0 
0 0 0 10 126 0 0 110 0 0 0 0 
0 0 0 0 99 0 0 0 4 0 0 0 
0 5 2 0 0 0 0 0 212 0 0 0 
7 124 0 0 0 5 0 31 0 0 0 0 
0 0 0 0 0 0 0 0 0 0 0 43 
96 0 0 0 0 0 0 0 0 0 2 0 
0 0 0 0 0 53 0 0 0 5 0 0 
0 0 0 0 0 57 17 0 0 0 0 0 
0 0 91 0 0 0 0 0 0 0 0 0 
0 0 114 56 0 0 0 0 153 2 0 0 
0 0 0 0 0 400 0 0 0 0 0 0 
0 0 0 0 0 0 432 5 0 0 0 0 
0 0 2 0 50 3 0 0 0 0 0 5 
2 0 0 7 69 34 36 0 0 8 0 0 
0 0 0 0 0 0 0 19 27 0 0 0 
0 0 0 3 0 0 807 4 0 0 3 0 
0 0 0 0 0 0 0 0 0 0 59 0 
1 6 0 0 0 0 0 0 0 1 0 26 
0 17 0 0 0 0 0 0 0 0 0 18 
0 0 0 1 0 0 616 0 0 0 0 0 
78 7 11 0 0 0 36 3 101 0 405 36 
0 75 129 0 23 13 0 0 0 0 0 0 
0 0 54 0 0 0 0 0 0 0 0 0 
0 0 0 14 0 0 0 0 0 0 26 0 
0 2 0 0 0 115 3 0 0 2 0 0 
0 0 0 0 0 0 0 0 0 0 0 42 
0 0 0 7 92 0 0 0 0 0 0 0 
27 0 0 0 0 0 0 0 0 2 2 0 
0 0 0 0 0 0 0 0 35 0 0 0 
0 0 5 0 0 33 0 5 0 0 0 0 
0 0 0 0 0 49 0 0 0 0 0 0 
0 0 0 0 0 0 36 0 0 0 0 1 
