0 0 0 102 19 1770 1 0 0 0 437 0 
20 0 43 217 0 2700 40 0 195 0 0 120 
0 0 0 1055 0 216 525 0 0 0 4 0 
0 0 191 162 0 0 0 0 0 0 1 0 
0 0 0 0 0 0 0 0 0 0 3240 0 
0 0 71 0 0 204 1292 0 0 3430 193 1 
0 0 0 0 0 0 0 0 0 3113 0 0 
0 0 0 0 0 0 0 0 0 0 969 0 
0 0 0 0 0 0 0 0 0 0 0 1731 
0 0 0 863 1 0 0 2 0 0 1995 0 
0 0 0 1 0 0 0 0 0 0 1773 5 
0 0 0 0 0 0 0 0 0 398 1 0 
266 815 556 10 0 0 0 5 0 0 142 0 
0 0 450 0 0 0 0 0 0 0 0 0 
0 0 0 0 0 1062 0 0 0 0 0 0 
0 0 0 0 1526 0 0 0 0 0 0 0 
1 0 0 0 0 2579 0 3 0 0 1 0 
0 0 0 0 2723 2 0 0 0 0 0 0 
0 1 0 0 0 901 0 1 0 0 0 0 
0 0 0 0 0 0 0 0 0 0 782 0 
0 0 1367 0 1746 97 55 0 5 0 82 26 
0 0 0 0 0 0 0 0 0 1347 4012 0 
0 0 0 0 0 0 0 0 0 871 0 0 
1 0 0 0 0 0 0 0 0 7 1399 1 
0 0 0 0 1002 0 0 0 0 0 0 0 
0 0 0 1 0 0 1 0 0 0 1417 0 
0 0 0 0 0 0 0 0 0 0 1704 0 
0 1077 0 0 0 0 0 0 14 2 2519 0 
8 0 0 0 0 0 0 0 358 21 1638 0 
0 0 0 0 0 0 580 0 0 0 0 0 
0 0 0 0 0 0 430 0 0 0 0 0 
0 0 0 0 0 0 1 2 569 0 0 0 
0 74 0 0 0 0 0 596 1 0 0 0 
0 0 2 0 1 2726 0 1 3 0 0 0 
1 0 0 0 1380 6347 0 0 7 2 0 0 
0 0 0 3 52 336 0 9 2 1 0 0 
0 0 0 0 0 0 0 0 0 1836 0 0 
0 0 0 0 0 0 0 0 0 0 547 0 
0 0 6 0 0 252 0 0 0 7 0 0 
0 0 0 0 0 1430 0 0 0 0 0 0 
0 0 0 0 0 965 0 2 0 0 3 0 
0 7 1 46 0 0 0 836 0 0 0 1 
0 0 0 0 0 0 0 0 0 0 1000 0 
0 144 0 9 2099 0 0 0 0 0 0 36 
0 0 94 0 4 0 0 1 276 11 0 0 
0 0 0 0 0 0 0 0 0 0 2489 0 
0 0 2 1 2012 1441 0 0 0 0 803 0 
0 0 0 0 0 715 0 0 0 0 0 0 
0 348 0 0 0 0 0 0 0 0 0 0 
0 0 0 0 0 0 0 0 0 569 0 0 
0 0 0 0 0 1788 0 0 0 0 0 0 
0 0 0 0 1732 1050 73 0 0 2 0 0 
0 0 0 0 0 0 0 542 0 0 0 1 
0 0 3 0 0 94 0 0 0 461 5 0 
0 0 0 329 0 0 0 0 0 0 0 0 
0 0 0 0 18 3157 0 0 0 10 9 0 
0 0 25 0 748 0 12 0 0 0 0 0 
0 0 0 0 0 0 0 0 0 0 631 0 
1 0 0 46 0 0 0 0 44 100 848 13 
0 0 0 0 0 0 0 606 0 0 0 0 
0 0 0 0 0 0 0 0 0 0 1149 0 
0 49 0 1623 544 0 0 0 0 55 0 90 
9 0 0 0 0 1584 115 36 0 0 5 0 
0 0 0 0 0 1624 0 0 0 0 0 0 
0 0 0 1461 611 0 0 8 1 0 0 0 
0 0 0 0 1286 0 0 0 0 0 0 0 
0 0 0 0 0 787 0 0 0 0 0 0 
0 0 0 0 0 0 0 0 0 1126 0 0 
0 0 0 0 2884 0 0 0 0 0 0 0 
0 0 0 0 219 181 0 0 0 1 0 0 
0 0 0 0 0 0 0 0 0 0 1041 0 
0 0 0 926 9 0 0 0 1 469 2252 198 
0 0 0 0 0 0 0 0 0 1650 0 0 
0 0 0 0 0 1695 0 0 0 0 0 0 
0 0 0 0 0 1481 0 0 0 0 0 0 
22 24 2 509 825 931 0 8 0 861 0 0 
1 1261 315 0 0 0 5 699 0 0 0 0 
0 0 0 0 1131 0 0 0 0 0 0 0 
0 0 0 0 0 0 0 0 0 0 2073 0 
0 0 6 0 0 0 411 0 84 34 478 0 
1 0 89 3 0 1183 1 0 23 0 240 3 
0 342 0 7 0 188 0 3 21 0 1036 0 
0 0 0 0 0 536 3 0 68 1 91 4 
0 0 0 0 1297 0 0 0 0 0 0 0 
4 364 0 0 172 586 187 0 177 0 5 0 
0 0 0 0 0 803 0 0 0 0 0 0 
0 0 0 323 1 0 0 0 0 0 0 0 
0 0 0 0 0 0 0 0 0 966 0 0 
0 0 0 0 0 1 1559 0 0 9 1 0 
0 0 0 0 848 0 0 0 0 0 0 0 
0 0 0 0 501 0 0 0 0 0 0 0 
0 0 0 0 2816 0 0 0 0 0 0 0 
0 0 0 0 0 0 167 273 1026 0 0 1 
466 0 1 0 0 0 0 0 0 0 0 10 
0 0 0 0 586 0 0 0 0 0 0 0 
0 0 0 0 2705 0 0 0 0 0 0 0 
0 903 3 0 0 119 1155 0 0 0 0 0 
0 0 0 1 0 1637 0 0 0 0 0 0 
0 0 0 0 0 655 0 0 0 0 0 0 
0 0 0 0 0 0 0 0 0 0 1365 0 
0 421 0 0 7 0 0 0 0 0 0 3017 
0 0 0 0 0 0 0 0 0 0 1297 0 
0 0 0 0 0 0 495 0 11 2 0 0 
1 0 501 5 0 8 0 0 0 1 23 0 
38 0 0 44 454 0 2 0 0 0 384 0 
0 0 0 0 0 0 0 0 0 0 1049 0 
96 0 0 0 0 280 0 0 0 306 0 3 
0 0 0 0 1130 0 0 0 0 0 0 0 
48 2 0 681 9 0 0 3 27 0 68 0 
0 0 0 0 0 0 0 0 0 2343 0 0 
2426 12 0 0 0 0 0 109 720 0 8 0 
0 0 0 0 0 0 0 600 0 0 0 0 
0 1253 352 0 0 0 0 0 0 0 0 0 
0 0 0 0 0 0 0 0 0 0 329 0 
29 222 14 101 0 9 0 15 30 4 0 0 
0 0 0 0 2380 0 5 0 0 0 0 1 
0 0 0 5 0 1682 0 60 0 87 0 0 
0 0 0 0 0 0 0 0 0 186 0 0 
0 0 0 0 0 1920 0 0 0 0 0 0 
8 0 0 0 1 24 0 2 39 162 90 0 
0 1 0 0 0 396 0 0 0 0 0 0 
0 0 0 0 1789 1 0 0 0 0 0 0 
0 0 0 0 1218 0 0 0 0 0 0 0 
0 0 0 0 1625 1 0 0 0 0 0 0 
0 0 0 0 0 0 0 20 0 1031 0 0 
0 673 0 0 0 2 0 0 0 0 0 1 
0 0 0 0 878 578 0 867 0 8 10 25 
0 0 0 0 0 951 284 0 0 0 0 0 
0 0 0 0 0 0 0 0 0 0 438 0 
0 0 0 0 0 0 0 0 0 0 1580 0 
0 0 0 0 0 0 0 0 0 0 818 0 
0 0 0 0 0 0 1 0 0 0 654 0 
0 0 0 434 35 5 159 80 0 118 0 0 
26 0 0 20 13 355 0 37 0 2859 11 14 
0 0 2 0 0 3653 0 2 0 0 0 0 
0 0 0 0 0 2332 1 0 0 0 0 0 
