0 0 0 132 19 1782 0 0 0 0 405 1 
0 3 0 1290 0 2029 0 0 0 0 5 0 
0 0 0 993 0 222 547 40 0 0 0 0 
0 0 213 139 0 0 0 0 0 0 0 1 
0 0 0 0 0 0 0 0 0 1 2746 0 
0 0 0 0 46 298 1209 1 0 3468 217 0 
0 0 0 5 0 6 0 3 0 3778 2 0 
0 0 0 0 0 0 0 0 0 0 763 0 
0 0 0 0 0 0 0 0 0 0 0 1634 
0 0 5 1535 0 0 23 0 0 0 1304 0 
0 0 0 0 0 0 0 0 0 1 1713 0 
0 0 0 0 0 0 0 0 0 400 0 0 
198 1628 327 0 0 68 2 0 0 363 0 18 
0 0 455 0 0 0 0 0 0 0 0 0 
0 0 0 0 0 1033 0 0 0 0 0 0 
0 0 0 0 1471 0 0 0 0 0 0 0 
0 0 0 0 0 2585 0 0 0 0 0 0 
0 0 4 0 2811 1 0 0 0 1 0 0 
0 0 1 0 0 870 0 0 0 0 0 0 
0 0 0 0 0 0 0 0 0 0 782 0 
0 2 0 13 2087 895 0 190 99 0 0 97 
14 0 0 0 0 0 0 0 32 1437 4524 7 
0 0 0 0 0 0 0 0 0 866 0 0 
0 0 0 0 0 0 0 0 0 0 1414 1 
0 0 0 0 1002 0 0 0 0 0 0 0 
0 0 0 0 0 0 0 0 0 0 1418 0 
0 0 0 0 0 0 0 0 0 0 1701 0 
0 1345 1 0 0 0 354 68 120 0 1725 0 
0 0 0 0 0 0 0 0 322 44 1656 0 
0 0 1 0 0 0 579 0 0 0 0 0 
0 0 0 0 0 0 430 0 0 0 0 0 
0 0 0 3 0 0 0 0 568 1 0 0 
46 29 0 0 0 23 53 511 7 1 1 0 
2 0 3 0 0 3165 0 0 0 0 3 0 
0 10 0 0 448 7329 0 1 0 0 9 6 
0 0 0 0 1078 0 0 0 0 0 0 0 
0 0 0 0 0 0 0 0 0 1838 0 0 
0 0 0 0 0 0 0 0 0 0 547 0 
0 0 0 0 0 265 0 0 0 0 0 0 
0 0 0 0 0 1432 0 0 0 0 0 0 
0 0 0 0 0 3303 0 0 0 0 0 0 
0 0 0 15 0 0 0 873 1 0 2 0 
0 0 0 0 0 0 0 0 0 0 1000 0 
0 96 0 3 2149 0 0 0 7 0 0 39 
0 0 17 0 0 0 0 0 369 0 0 0 
0 0 0 0 0 0 0 0 0 0 2493 0 
0 36 0 0 998 2438 95 77 0 1 381 0 
0 0 0 0 0 715 0 0 0 0 0 0 
0 349 0 0 0 0 0 0 0 0 0 0 
0 0 0 0 0 0 0 0 0 569 0 0 
0 0 0 0 0 1786 0 3 0 0 0 0 
1 0 22 23 2570 476 0 0 0 0 0 7 
1 0 1 0 1 4 0 538 0 0 0 0 
0 0 4 0 0 45 0 7 0 507 0 0 
0 0 0 329 0 0 0 0 0 0 0 0 
0 0 0 0 470 0 0 0 0 0 0 0 
0 0 0 0 29 3243 0 0 2 0 0 6 
63 0 0 0 656 0 3 0 39 0 34 0 
0 0 0 0 0 0 0 0 0 0 622 0 
0 0 0 0 0 53 0 0 0 0 973 31 
0 0 0 0 0 0 0 604 1 0 0 0 
0 0 0 0 0 0 0 0 0 0 1149 0 
71 0 144 720 770 0 2 0 0 628 29 0 
16 0 0 6 0 1003 0 432 255 0 1 36 
0 0 0 0 0 1593 0 1 0 0 0 0 
0 0 0 1568 505 0 0 0 0 0 4 0 
0 0 0 0 1282 0 0 0 0 0 0 0 
0 0 0 0 0 785 0 0 0 0 0 0 
0 0 0 0 0 0 0 0 0 1122 0 0 
0 0 0 0 2955 0 3 0 0 1 0 4 
0 0 0 0 184 199 18 0 0 0 0 0 
0 0 0 0 0 0 0 0 0 0 1043 0 
0 285 0 1925 0 0 48 0 6 0 1609 0 
0 0 1 0 0 0 0 0 0 2591 0 0 
0 0 0 0 0 0 0 0 0 1647 0 0 
0 0 0 0 0 1673 0 1 0 0 0 2 
0 0 0 0 0 1511 0 0 0 0 0 0 
51 0 0 1179 537 1309 0 11 0 0 2 2 
0 1405 336 93 1 0 31 409 4 0 0 0 
0 0 0 1 1128 0 0 0 0 0 0 0 
0 0 0 0 0 0 0 0 0 0 2073 0 
0 0 807 3 0 0 0 0 0 0 0 197 
91 0 0 11 302 821 0 2 0 0 337 0 
0 427 0 0 0 156 0 25 0 15 974 0 
0 10 0 8 0 614 0 0 0 0 67 0 
0 0 0 0 1298 0 0 0 0 0 0 0 
8 662 0 1 0 369 25 100 0 209 166 0 
0 0 0 0 0 793 0 0 0 0 0 0 
0 0 0 323 0 0 0 0 0 0 0 0 
0 0 0 0 0 0 0 0 0 966 0 0 
0 0 0 0 0 1 1556 0 0 6 5 2 
0 0 0 0 841 0 0 0 0 0 0 0 
0 0 0 0 501 0 0 0 0 0 0 0 
0 0 0 0 2819 0 0 0 0 0 0 0 
0 0 0 0 0 0 184 249 1038 0 0 0 
467 0 1 0 0 0 0 0 0 0 0 9 
0 0 0 0 517 0 0 0 0 0 0 0 
0 0 0 0 2513 0 0 0 0 0 0 0 
0 1572 0 0 0 4 620 0 0 1 0 0 
0 0 0 0 0 1524 0 0 0 0 0 0 
0 0 0 0 0 654 0 0 0 0 0 0 
0 0 0 0 0 0 0 0 0 0 1419 0 
0 330 0 0 17 0 0 0 0 0 7 3188 
0 0 0 0 0 0 0 0 0 0 1296 0 
0 0 0 0 0 0 490 0 18 0 0 0 
0 12 524 2 0 1 0 0 0 0 0 0 
0 494 0 0 371 0 0 48 1 0 0 0 
0 0 0 0 0 0 0 0 0 0 1049 0 
127 0 0 0 0 462 0 4 0 0 91 2 
0 0 0 0 1140 0 0 0 1 0 0 0 
0 0 17 741 62 0 0 4 0 0 0 8 
0 0 0 0 0 0 0 0 0 2337 1 0 
2465 29 0 0 0 0 0 94 664 0 26 0 
4 0 0 0 0 0 0 595 0 1 0 0 
0 984 322 0 0 0 0 0 0 0 404 2 
0 0 0 0 0 0 0 0 0 0 329 0 
0 2 219 0 0 0 199 6 0 0 1 0 
0 0 0 965 588 1 0 0 0 57 9 91 
0 0 0 0 0 5102 0 0 0 0 0 2 
0 0 0 0 0 0 0 0 0 186 0 0 
0 0 0 0 0 1929 0 0 0 0 0 0 
17 18 0 0 0 1 0 200 0 90 0 0 
0 0 0 0 0 402 0 0 0 0 0 0 
0 0 0 0 1721 0 0 0 0 0 0 0 
0 0 0 0 1244 0 0 0 0 0 0 0 
0 0 0 0 1377 1 0 0 1 0 0 0 
0 0 0 0 0 0 0 0 0 0 551 0 
2 1 0 0 0 0 0 14 0 1033 0 0 
0 677 0 0 0 0 0 0 0 0 1 0 
2 26 0 3 1619 691 0 0 0 15 1 0 
0 0 0 0 0 1021 214 0 0 1 0 0 
0 0 0 0 0 0 0 0 0 0 436 0 
0 0 0 0 0 0 0 0 0 0 1596 0 
0 0 0 0 0 0 0 0 0 0 818 0 
