0 6 0 0 434 385 1420 0 0 9 47 97 
0 0 0 0 0 0 0 0 0 0 3356 0 
0 0 0 0 73 1623 4 0 0 0 0 99 
99 0 19 19 191 0 0 0 0 0 0 0 
0 0 0 0 0 3064 0 0 0 0 0 0 
0 0 2 0 5 4860 402 2 1 2 0 0 
0 0 0 0 0 3810 0 0 0 0 2 0 
0 0 0 0 0 725 0 0 0 0 0 0 
0 0 1 0 1627 0 0 6 0 0 0 0 
0 0 0 0 2165 685 0 1 0 2 62 0 
0 0 0 0 0 275 0 2619 8 70 31 0 
0 0 0 0 0 0 0 722 0 0 0 0 
0 0 0 0 0 0 0 0 0 0 0 2686 
0 0 0 0 0 0 0 0 0 0 0 446 
0 0 0 0 0 0 0 0 0 0 1033 0 
0 0 0 4 1 0 1 0 0 0 1471 0 
0 0 0 0 0 0 0 0 0 0 2589 0 
0 0 0 0 15 0 0 1 0 0 3616 110 
0 0 0 0 0 0 0 0 0 901 0 0 
0 0 250 549 4 0 0 0 0 592 0 987 
0 0 0 0 0 0 0 0 0 0 5713 0 
2 0 0 0 0 6381 0 14 0 14 1 6 
0 3 1 0 0 865 0 0 0 0 0 0 
0 0 0 0 0 1327 1 0 0 0 0 0 
97 0 271 0 1 610 20 0 2 0 1 0 
0 0 0 0 1290 0 0 0 0 0 0 0 
3 6 0 0 0 11 0 0 1623 0 67 0 
0 0 0 0 2394 1347 0 3 0 0 4 0 
0 12 1947 0 0 16 0 0 0 0 49 0 
598 0 0 0 0 0 0 0 0 0 0 0 
0 0 0 0 231 0 75 7 113 4 0 0 
0 0 1 0 0 0 0 0 0 0 571 0 
0 0 0 0 0 0 0 671 0 0 0 0 
0 0 0 0 0 0 0 0 0 0 3497 0 
0 2 0 1 0 0 0 8 15 0 7643 0 
0 0 0 0 0 0 0 0 0 0 1 1078 
9 0 60 0 72 0 0 36 1663 0 0 0 
0 0 0 0 547 0 0 0 0 0 0 0 
0 0 0 0 0 0 265 0 0 0 0 0 
0 3 1 0 0 929 0 124 0 89 0 288 
0 0 0 0 0 0 0 1 0 0 3301 1 
0 0 0 886 1 0 0 0 0 4 0 0 
0 0 0 0 0 461 0 0 0 0 0 0 
0 153 0 44 0 0 0 3 0 2 0 2080 
0 1 0 0 0 0 0 0 385 0 0 0 
922 142 335 6 5 67 0 310 14 1 666 25 
0 0 0 0 0 0 1 0 0 0 4309 1 
0 0 0 0 0 0 0 0 0 0 697 0 
0 0 0 0 0 0 0 349 0 0 0 0 
0 0 0 0 0 569 0 0 0 0 0 0 
0 357 0 734 0 0 23 0 42 0 1 0 
0 0 0 0 0 0 0 0 0 1788 0 0 
1 4 260 0 0 0 0 20 55 0 3148 167 
0 0 3 0 0 0 0 0 0 446 97 0 
0 0 0 0 1 0 0 0 0 562 1 0 
0 0 0 0 0 0 0 0 0 0 0 329 
0 0 0 0 0 0 0 1 397 0 72 0 
0 0 0 0 0 8 0 0 0 1 3486 0 
0 0 0 0 0 0 0 0 0 4 740 0 
0 0 0 0 0 601 0 0 0 0 0 0 
3 0 1047 0 0 0 1 0 0 0 0 0 
0 7 0 0 0 0 0 1304 507 0 21 0 
0 0 0 0 0 585 0 0 0 0 0 0 
0 3 27 0 0 0 0 2 12 0 2342 2 
0 0 0 0 0 0 0 0 0 1748 0 0 
0 0 0 0 0 0 0 0 0 0 1551 0 
0 35 1395 478 119 1 0 0 0 4 0 0 
0 0 0 0 0 0 0 0 0 0 1238 0 
0 669 0 105 0 0 4 0 9 0 0 0 
0 0 0 0 211 0 0 0 1 0 0 912 
0 0 0 0 0 0 0 0 0 0 2745 0 
0 0 0 0 0 401 0 0 0 0 0 0 
0 0 0 0 0 0 0 0 0 0 585 0 
0 0 0 0 0 0 0 3 231 20 749 0 
0 5 0 0 0 3944 0 4 0 0 0 2 
2 0 0 0 0 2500 0 0 0 0 0 0 
0 0 0 0 0 1621 0 0 0 0 0 0 
0 0 0 0 0 0 0 0 0 0 1281 0 
0 0 0 0 0 0 0 0 0 1481 0 0 
0 0 0 0 0 544 0 0 0 0 0 0 
0 0 0 0 0 0 0 0 0 0 3617 0 
0 0 0 0 0 0 0 0 0 0 2285 0 
0 0 0 367 611 0 0 0 5 0 116 29 
0 0 0 0 0 2073 0 0 0 0 0 0 
0 0 0 0 0 0 0 0 0 0 1016 0 
0 0 0 0 0 1540 0 0 0 0 0 0 
164 283 1 373 275 2 0 209 275 0 0 21 
0 0 0 0 700 0 0 0 0 0 0 0 
0 0 0 2 0 0 0 0 0 0 1295 0 
0 0 0 0 0 0 0 0 0 0 1517 0 
0 0 0 0 0 0 0 0 0 0 605 0 
1 0 0 0 322 0 0 0 0 0 0 0 
0 0 0 0 0 966 0 0 0 0 0 0 
0 0 1 0 0 0 1568 0 0 2 0 0 
0 0 0 0 2 0 0 0 0 0 820 0 
0 0 0 0 0 0 0 0 0 0 501 0 
2 10 761 1205 899 0 0 0 0 0 2 0 
0 0 0 0 0 205 1244 16 7 0 0 0 
32 0 0 0 0 0 0 0 0 0 0 427 
0 0 0 0 0 0 0 0 0 0 521 0 
0 0 0 0 0 0 0 0 0 0 1723 0 
0 0 0 0 0 2180 0 0 0 0 0 0 
0 0 0 1 0 0 0 0 0 0 1597 0 
5 19 513 0 37 74 0 2 0 0 0 0 
0 0 0 9 0 0 0 0 19 1 1389 0 
0 69 507 557 2440 0 0 0 0 3 0 0 
3 64 1 38 0 0 8 0 0 2 590 3 
0 0 0 0 0 0 20 0 152 336 0 0 
0 0 538 0 0 0 0 0 1 0 0 0 
0 4 0 0 0 586 0 0 0 0 0 936 
0 0 0 0 0 1049 0 0 0 0 0 0 
0 17 0 3 499 74 0 0 0 7 5 3 
0 0 0 0 0 1 0 0 0 0 987 0 
0 0 0 0 0 0 0 0 0 0 830 0 
0 0 0 0 0 2334 1 3 0 2 1 0 
0 10 37 0 0 0 31 895 2301 0 5 0 
1 0 0 0 0 0 0 0 0 598 0 0 
0 1710 0 0 0 0 0 1 0 0 0 0 
0 0 0 0 0 0 0 9 0 166 2 0 
0 0 0 0 0 415 0 0 0 0 0 9 
0 0 0 0 0 0 0 0 0 0 0 1710 
0 0 0 0 0 0 0 0 0 1 4958 0 
0 0 0 0 0 1 0 0 185 0 0 0 
5 26 0 2 12 1873 0 0 0 0 0 0 
0 1 0 0 256 0 0 1 0 0 0 68 
0 0 0 0 0 0 0 0 0 0 406 0 
0 0 0 0 0 0 0 0 0 0 1682 0 
0 0 0 0 0 0 0 0 0 0 1053 0 
0 0 0 0 0 0 0 0 0 0 884 0 
1 1 0 0 0 0 179 0 0 0 16 14 
