0 2 9 0 216 511 1230 0 0 3 268 163 
0 0 0 0 0 0 0 0 0 0 3354 0 
0 0 0 0 91 1599 1 0 0 0 0 111 
97 0 18 20 193 0 0 0 0 0 0 0 
0 0 0 0 0 2990 0 0 0 0 0 0 
0 0 0 0 0 4874 452 8 0 4 0 3 
0 0 0 0 0 3810 0 0 0 0 1 0 
0 0 0 0 0 633 0 0 0 0 0 0 
0 0 0 0 1634 0 0 0 0 0 0 0 
0 0 0 0 2102 710 1 0 0 0 88 0 
0 0 0 4 7 336 0 2559 41 0 51 0 
0 0 0 0 0 0 0 720 0 1 0 0 
0 0 0 0 0 0 0 0 0 0 0 2684 
0 0 0 0 0 0 0 0 0 0 0 447 
0 0 0 0 0 0 0 0 0 0 1032 0 
0 0 0 0 0 0 0 1 0 0 1473 1 
0 0 0 0 0 0 0 0 0 0 2568 0 
0 0 0 0 1 0 0 0 0 0 3587 127 
0 0 0 0 0 0 0 0 0 875 0 0 
10 0 196 373 0 0 86 0 0 669 0 1050 
0 0 0 0 0 0 0 0 0 0 5727 0 
0 1 8 0 0 6572 0 0 1 0 0 0 
2 0 0 0 0 863 4 0 0 0 0 1 
0 0 0 0 0 1327 0 0 0 0 0 0 
284 0 169 0 0 547 0 0 2 0 0 0 
0 0 0 0 1290 0 0 0 0 0 0 0 
35 0 0 0 12 0 0 0 1436 5 187 40 
0 0 0 0 2389 1367 0 2 0 1 0 0 
0 45 1854 0 0 6 0 10 0 0 109 0 
598 0 0 0 0 0 0 0 0 0 0 0 
0 3 1 0 52 0 210 43 64 0 57 0 
0 0 0 0 0 0 0 0 0 0 572 0 
0 0 0 0 0 0 0 671 0 0 0 0 
0 0 0 0 0 0 0 0 0 0 3529 0 
0 0 0 1 58 0 0 0 11 0 7864 0 
0 0 0 0 0 0 0 0 0 0 1 1078 
11 0 68 0 46 0 0 19 1672 19 0 4 
0 0 0 0 547 0 0 0 0 0 0 0 
0 0 0 0 0 0 265 0 0 0 0 0 
0 0 0 0 0 1265 3 0 1 0 0 165 
0 0 0 0 0 0 0 0 0 0 3080 0 
4 0 0 874 0 0 12 0 0 0 0 1 
0 0 0 0 0 461 0 0 0 0 0 0 
3 120 0 14 0 4 0 0 0 0 0 2142 
0 0 0 0 0 0 0 0 386 0 0 0 
1252 23 435 0 144 65 20 129 0 0 419 0 
0 0 0 0 0 0 0 0 0 0 4346 0 
0 0 0 0 0 0 0 0 0 0 697 0 
0 0 0 0 0 0 0 349 0 0 0 0 
0 0 0 0 0 569 0 0 0 0 0 0 
0 12 54 1045 2 0 0 0 11 10 23 0 
0 0 0 1 0 0 0 0 0 1788 0 0 
38 12 380 6 0 2 0 35 72 11 2818 269 
0 0 0 3 0 3 0 7 0 377 157 0 
0 0 0 0 0 0 0 0 0 564 0 0 
0 0 0 0 0 0 0 0 0 0 0 329 
0 4 0 11 0 23 0 0 321 3 82 26 
0 0 0 0 0 4 0 0 0 0 3472 0 
0 0 0 0 2 1 0 0 0 0 722 16 
0 0 0 0 0 605 0 0 0 0 0 0 
0 0 1051 0 0 2 0 0 0 0 0 0 
0 0 0 0 0 74 0 1466 301 0 1 0 
0 0 0 0 0 585 0 0 0 0 0 0 
0 0 0 0 0 0 0 0 0 0 2380 5 
0 0 0 0 0 0 0 0 0 2004 0 0 
0 0 0 0 0 0 0 0 0 0 1551 0 
0 29 1312 548 143 2 0 0 0 0 0 0 
0 0 0 0 0 0 0 0 0 0 1165 0 
0 739 0 16 0 1 2 3 26 0 0 0 
0 0 0 0 378 0 1 0 0 0 28 717 
0 0 0 0 0 0 0 0 0 0 2743 0 
0 0 0 0 0 401 0 0 0 0 0 0 
0 0 0 0 0 85 0 0 0 0 490 10 
0 0 65 0 0 0 0 0 142 1 795 0 
0 0 10 0 0 3952 9 1 0 0 0 0 
0 0 0 0 0 2521 0 0 0 0 0 0 
0 0 0 0 0 1621 0 0 0 0 0 0 
0 0 0 0 0 0 0 0 0 0 1285 0 
0 0 0 0 0 0 0 0 0 1254 0 0 
0 0 0 0 0 545 0 0 0 0 0 0 
0 0 0 0 0 0 0 0 0 0 3590 0 
0 0 0 0 0 0 0 0 0 0 2281 0 
0 0 2 464 352 0 0 20 0 0 139 151 
0 0 0 0 0 2073 0 0 0 0 0 0 
0 0 0 0 0 0 0 0 0 0 1016 0 
0 0 0 0 0 1524 0 0 0 0 0 0 
416 165 0 306 219 7 0 89 400 0 0 0 
0 0 0 0 695 0 0 0 0 0 0 0 
0 0 0 0 0 0 0 0 0 0 1031 0 
0 0 0 0 0 0 0 0 0 0 1510 0 
0 0 0 0 0 0 0 0 0 0 605 0 
0 3 23 0 297 0 0 0 0 0 0 0 
0 0 0 0 0 966 0 0 0 0 0 0 
0 0 0 0 0 0 1546 0 0 25 0 0 
0 0 0 0 0 0 0 0 0 0 822 0 
0 0 0 0 0 0 0 0 0 0 768 0 
0 0 798 1189 874 0 11 0 0 0 1 0 
0 0 0 0 0 174 1273 17 7 0 0 0 
35 0 0 0 0 0 0 0 0 0 0 424 
0 0 0 0 0 0 0 0 0 0 531 0 
0 0 0 0 0 0 0 0 0 0 1766 0 
0 0 0 0 0 2180 0 0 0 0 0 0 
0 0 0 0 0 0 0 0 0 0 1548 0 
0 0 610 2 0 26 0 0 0 0 0 11 
0 0 0 0 0 9 0 5 31 0 1377 0 
0 63 522 613 2372 0 0 0 0 0 7 0 
0 0 24 78 69 0 14 0 0 0 527 0 
0 0 0 0 0 0 13 0 166 329 0 0 
0 0 539 0 0 0 0 0 0 0 0 0 
0 9 0 0 0 652 2 0 0 0 0 862 
0 0 0 0 0 1049 0 0 0 0 0 0 
0 0 0 0 537 9 1 33 0 0 27 0 
0 0 0 0 0 0 0 0 0 1 988 0 
0 0 0 0 0 0 0 0 0 0 822 0 
0 0 0 0 0 2260 0 0 0 0 0 0 
0 7 40 4 0 0 17 982 2222 2 8 0 
0 0 0 0 0 0 0 0 0 599 0 0 
0 1710 0 0 1 0 0 0 0 0 0 0 
0 0 0 0 0 0 0 0 0 177 0 0 
0 0 0 0 0 413 0 0 0 0 0 10 
0 0 0 0 0 0 0 0 0 0 0 1710 
0 0 0 0 0 0 0 0 0 3 4969 0 
0 0 0 0 0 0 0 0 186 0 0 0 
22 0 0 0 0 1890 0 0 2 5 0 0 
0 0 0 29 291 6 0 0 0 0 0 0 
0 0 0 0 0 0 0 0 0 0 396 0 
0 0 0 0 0 1 0 0 0 0 1745 0 
0 0 0 0 0 0 0 0 0 0 1053 0 
0 0 0 0 0 0 0 0 0 0 884 0 
0 1 0 0 9 50 132 0 0 0 12 6 
