0 0 2 108 38 1778 0 0 0 0 419 0 
0 85 0 738 67 2121 93 0 240 0 0 0 
0 0 0 984 0 361 438 0 0 0 5 8 
0 0 216 118 0 0 0 0 0 0 0 0 
0 0 0 0 0 0 0 0 0 0 3058 0 
2 0 0 0 0 329 760 0 0 3947 192 0 
0 0 0 0 0 7 0 0 0 3781 25 0 
0 0 0 0 0 0 0 0 0 0 763 0 
0 0 0 0 0 0 0 0 0 0 0 1640 
0 0 12 1322 0 10 5 117 0 0 1415 5 
0 0 0 0 0 0 0 0 0 0 2281 1 
0 0 0 0 0 0 0 0 0 400 0 1 
0 1430 514 0 1 2 0 0 0 658 10 0 
0 0 446 0 0 0 0 0 0 0 0 0 
0 0 0 0 0 1039 0 0 0 0 0 0 
0 0 0 0 1471 0 0 0 0 0 0 0 
0 0 0 0 0 2630 0 0 0 0 0 0 
1 0 0 0 2826 0 0 0 1 0 0 1 
0 0 0 0 0 870 0 1 0 0 0 0 
0 0 0 0 0 0 0 0 0 0 782 0 
87 3 0 0 1358 922 0 731 0 0 0 256 
0 0 0 0 8 0 0 0 0 2486 3861 2 
0 0 0 0 0 0 0 0 0 870 0 0 
0 0 0 1 0 0 0 0 0 0 1331 0 
0 0 0 0 1003 0 0 0 0 0 0 0 
0 0 0 0 0 0 0 0 0 0 1418 0 
0 0 0 0 0 0 0 0 0 0 1709 0 
66 546 34 11 115 3 202 0 0 8 2624 8 
0 0 0 0 3 0 0 0 368 37 1616 0 
0 0 0 0 0 0 580 0 0 0 0 0 
0 0 0 0 0 0 430 0 0 0 0 0 
0 0 0 0 0 0 0 0 572 0 0 0 
0 0 1 0 0 0 1 669 0 0 0 0 
0 0 0 0 0 3250 1 0 1 0 0 0 
0 0 6 0 770 6996 0 0 29 8 0 0 
0 0 0 0 1079 0 0 0 0 0 0 0 
0 0 0 0 0 0 0 0 0 1838 0 0 
0 0 0 0 0 0 0 0 0 0 547 0 
0 0 0 9 0 256 0 0 0 0 0 0 
0 0 0 0 0 1432 0 0 0 0 0 0 
0 0 0 0 0 3304 0 0 0 0 0 0 
0 0 0 23 0 0 0 868 0 0 0 0 
0 0 0 0 0 0 0 0 0 0 1000 0 
0 109 0 6 2145 1 0 0 0 0 0 15 
0 108 0 17 0 0 0 2 241 0 0 18 
0 0 0 0 0 0 0 0 0 0 2486 0 
0 0 31 0 352 3401 97 0 0 0 249 11 
0 0 0 0 0 715 0 0 0 0 0 0 
0 349 0 0 0 0 0 0 0 0 0 0 
0 0 0 0 0 0 0 0 0 569 0 0 
0 0 0 0 0 1787 0 0 1 0 0 0 
0 55 3 0 2300 781 1 10 0 3 0 0 
0 0 0 0 0 3 0 540 1 0 0 0 
0 59 0 0 0 148 6 0 6 345 0 0 
0 0 0 329 0 0 0 0 0 0 0 0 
0 0 0 0 470 0 0 0 0 0 0 0 
0 0 0 5 10 3308 0 0 0 0 0 0 
11 0 11 0 749 0 0 0 3 0 0 3 
0 0 0 0 0 0 0 0 0 0 622 0 
0 0 0 13 0 0 0 0 3 7 1021 10 
0 0 0 0 0 0 0 605 0 0 0 0 
0 0 0 0 1 0 0 0 0 0 584 0 
226 0 686 192 366 0 0 0 1 372 538 0 
267 0 0 0 0 974 0 360 0 94 54 0 
0 0 0 0 0 1610 0 0 0 0 0 0 
0 0 0 1572 514 0 0 1 0 0 0 0 
0 0 0 0 1236 0 0 0 0 0 0 0 
0 0 0 0 0 785 0 0 0 0 0 1 
0 0 0 0 0 0 0 0 0 1125 0 0 
0 0 0 0 2947 0 0 0 0 0 0 0 
0 0 0 0 187 214 0 0 0 0 0 0 
0 0 0 0 0 0 0 0 0 0 1028 0 
0 0 0 1278 2 0 260 3 163 0 2188 0 
0 0 0 0 0 0 0 0 0 2562 0 0 
0 0 0 0 1 0 0 0 0 1646 0 0 
0 0 0 0 0 1610 0 0 0 0 0 0 
0 0 0 0 0 1510 1 0 0 0 0 0 
0 0 0 1107 1026 595 0 0 4 0 0 381 
0 1319 802 113 0 0 0 30 0 1 2 3 
0 0 0 0 1129 0 0 0 0 0 0 0 
0 0 0 0 0 0 0 0 0 0 2073 0 
62 0 494 2 221 0 97 7 0 0 0 127 
468 0 44 0 0 459 0 0 2 0 584 1 
0 63 0 8 17 206 1 2 0 14 1292 0 
0 0 0 1 0 602 0 0 0 0 89 0 
1 0 0 0 1296 0 0 0 0 0 0 0 
0 1018 48 0 0 251 14 1 0 155 75 0 
0 0 0 0 0 606 0 0 0 0 0 0 
0 0 0 323 0 0 0 0 0 0 0 0 
0 0 0 0 0 0 0 0 0 966 0 0 
1 0 5 0 0 0 1563 0 0 1 0 0 
0 0 0 0 841 0 0 0 0 0 0 0 
0 0 0 0 501 0 0 0 0 0 0 0 
0 0 0 0 2812 0 0 0 0 0 0 0 
0 0 0 0 0 1 167 258 1048 1 0 0 
465 0 3 0 0 0 0 0 0 0 0 9 
0 0 0 0 528 0 0 0 0 0 0 0 
0 0 0 0 2444 0 0 0 0 0 0 0 
0 1318 0 0 0 175 679 1 0 0 0 3 
0 3 0 0 2 1579 0 0 0 0 0 0 
0 0 0 0 0 652 0 0 0 0 0 0 
0 0 0 0 0 0 0 0 0 0 1428 0 
0 372 0 40 16 0 4 0 0 0 2 3115 
0 0 0 0 0 0 0 0 0 0 709 0 
0 0 0 0 0 0 493 2 13 0 0 0 
0 0 495 0 0 0 0 0 0 42 0 2 
4 927 0 8 0 0 0 0 0 0 0 0 
0 0 0 0 0 0 0 0 0 0 1049 0 
0 0 0 0 0 423 0 0 0 0 74 174 
0 1 0 0 1136 0 0 0 0 0 0 0 
3 243 0 527 0 51 0 2 0 0 0 0 
1 0 0 0 0 0 0 0 0 2338 0 0 
2330 25 0 0 0 0 1 99 818 0 8 0 
0 0 0 0 0 0 0 599 0 0 1 0 
0 1008 353 0 0 0 0 1 0 0 350 0 
0 0 0 0 0 0 0 0 0 0 329 0 
0 0 0 144 274 0 0 0 0 0 13 0 
0 36 0 1493 42 0 0 0 0 129 0 11 
0 5 0 4 0 4989 0 0 18 0 2 0 
0 0 0 0 0 0 0 0 0 186 0 0 
0 0 0 0 0 1925 0 0 0 0 0 0 
0 3 38 0 94 0 7 0 0 0 83 101 
0 0 0 0 0 392 0 2 0 0 0 0 
0 0 1 0 1778 0 0 0 0 0 0 0 
0 0 0 0 1241 0 0 0 0 0 0 0 
0 0 2 0 1374 2 0 0 1 0 0 0 
0 0 0 0 0 0 0 0 0 0 550 0 
0 0 0 0 0 1 1 16 0 1031 0 0 
0 684 0 0 0 0 0 1 0 0 3 0 
6 1 0 0 1890 352 23 48 0 2 0 0 
3 1 0 0 0 836 396 0 0 0 0 0 
0 0 0 0 1 0 0 0 0 0 434 0 
0 0 0 0 0 0 0 0 0 0 1598 0 
0 0 0 0 0 0 0 0 0 0 817 0 
