0 0 0 127 33 1874 0 2 0 0 827 0 
27 542 374 275 336 1005 0 290 280 84 20 158 
0 0 0 972 0 332 496 0 0 0 0 0 
0 76 198 54 0 0 0 0 0 0 0 0 
0 0 0 0 2 0 0 0 0 0 2990 0 
0 25 6 0 50 321 1155 16 0 4594 466 17 
0 1 0 0 0 7 0 0 1 3827 21 1 
0 0 0 0 0 0 0 0 0 0 633 0 
0 0 0 0 0 0 0 0 0 0 0 624 
0 35 0 1262 229 45 1 10 47 83 1220 0 
8 0 4 0 0 0 0 86 0 2 2897 0 
0 0 0 0 0 0 0 0 0 722 0 0 
4 801 251 318 281 293 25 0 444 138 0 112 
0 0 448 0 0 0 0 0 0 0 0 0 
0 0 0 0 0 938 0 0 0 0 0 0 
0 0 0 0 812 0 0 0 0 0 0 0 
0 0 0 0 0 1595 0 0 0 0 0 0 
0 0 0 0 5131 14 0 0 0 0 0 2 
0 0 0 1 0 867 0 0 0 0 0 0 
0 0 0 0 0 0 0 0 0 0 2383 0 
300 8 0 495 1224 1440 330 820 341 264 60 508 
410 127 2 57 11 9 1 430 182 2033 3731 18 
0 0 0 0 0 0 0 0 0 817 0 1 
0 3 0 0 0 0 0 0 0 0 1073 0 
0 0 0 0 1006 0 0 0 0 0 0 0 
0 0 0 0 0 0 0 0 0 0 1290 0 
0 0 0 0 0 0 0 0 0 0 1714 0 
1 1535 391 65 124 452 152 23 28 14 779 197 
0 0 0 0 0 0 0 0 270 54 1685 0 
23 0 0 0 0 0 575 0 0 0 0 0 
0 0 0 0 0 0 430 0 0 0 0 0 
0 0 0 0 0 1 0 0 571 0 0 0 
5 0 14 50 0 8 0 582 4 2 5 1 
0 121 403 0 45 2591 338 108 381 39 124 564 
0 2 0 1 841 8954 14 0 0 0 0 0 
39 161 0 88 18 0 4 2 0 89 2 0 
0 0 0 0 0 0 0 0 0 1963 0 0 
0 0 0 0 0 0 0 0 0 0 547 0 
0 0 0 0 0 265 0 0 0 0 0 0 
0 0 0 0 0 3374 0 0 0 0 0 0 
0 0 0 0 0 2272 0 0 0 0 0 0 
0 0 0 10 0 0 0 881 0 0 0 0 
0 0 0 0 0 0 0 0 0 0 461 0 
0 83 0 7 2157 0 0 0 3 2 0 15 
84 0 1 0 0 0 8 0 293 0 0 0 
0 0 0 0 0 0 0 0 0 0 2476 0 
422 32 265 332 149 1773 322 112 327 24 616 249 
0 0 0 0 0 697 0 0 0 0 0 0 
0 348 0 0 0 0 0 0 0 0 0 0 
0 0 0 0 0 0 0 0 0 294 0 0 
0 0 0 0 0 0 0 0 0 0 1157 0 
0 0 0 0 0 1791 0 0 0 0 0 0 
47 0 200 0 2882 871 36 1 106 0 13 61 
0 2 6 0 8 11 360 0 0 554 0 0 
0 0 0 7 0 7 3 529 0 0 0 0 
9 0 6 0 2 67 0 0 0 480 0 1 
0 0 0 329 0 0 0 0 0 0 0 0 
0 0 0 0 470 0 0 0 0 0 0 0 
0 36 0 7 17 3378 0 0 0 0 0 0 
0 0 1 0 687 0 10 4 0 0 0 0 
0 0 0 0 0 0 0 0 0 0 549 0 
0 0 1 0 1 0 12 6 0 0 1049 0 
0 8 7 0 11 338 103 1375 0 0 5 0 
0 0 0 0 0 0 0 0 0 0 585 0 
6 258 684 333 339 85 0 79 537 47 213 153 
409 0 0 553 0 676 0 183 1 11 0 173 
0 0 0 0 0 1261 0 0 0 0 0 0 
1 0 42 1808 174 3 0 2 0 5 0 0 
0 0 0 0 1949 0 0 0 0 0 0 0 
0 0 0 0 0 783 0 0 0 0 0 0 
0 0 0 0 0 0 0 0 0 1171 0 0 
0 0 0 0 3261 1 0 2 0 0 0 0 
1 0 0 0 203 164 4 0 0 0 1 29 
0 0 0 0 0 0 0 0 0 0 581 0 
0 0 0 0 0 0 0 0 0 0 971 0 
50 0 0 1088 89 1176 70 282 69 781 347 1 
0 0 0 0 0 0 0 0 0 1530 0 0 
0 2 0 0 0 0 0 0 0 1246 0 0 
0 0 0 0 0 1210 0 0 0 0 0 0 
0 0 0 0 0 1254 0 0 0 0 0 0 
454 35 53 0 2 0 0 0 0 0 0 0 
0 0 0 562 863 801 100 32 0 100 339 748 
0 888 21 186 546 0 4 110 0 121 14 431 
0 0 0 0 1129 0 0 0 0 0 0 0 
0 0 0 0 0 0 0 0 0 0 2073 0 
134 280 0 63 245 12 0 0 0 0 40 239 
0 75 0 2 120 527 142 0 95 230 448 19 
307 0 0 0 76 0 31 2 0 0 1099 87 
0 0 0 0 4 530 0 2 39 0 124 0 
0 0 0 0 864 0 0 0 0 0 0 0 
228 55 30 0 295 619 0 0 0 0 205 94 
0 0 0 0 0 0 0 0 0 0 0 1008 
0 0 0 0 0 730 0 0 0 0 0 0 
0 0 0 323 0 0 0 0 0 0 0 0 
259 78 12 158 0 3711 288 46 95 215 0 45 
0 0 0 0 0 0 0 0 0 1348 0 0 
0 0 0 0 0 6 1543 0 0 7 10 0 
0 0 0 0 818 0 0 0 0 0 0 0 
0 0 0 0 768 0 0 0 0 0 0 0 
0 0 0 0 2827 0 0 0 0 0 0 0 
0 0 1 0 0 0 238 195 1054 0 0 0 
448 0 1 0 0 0 0 0 0 0 0 10 
0 0 0 0 488 0 0 0 0 0 0 0 
0 0 0 0 1917 0 0 0 0 0 0 0 
167 665 141 507 317 33 315 20 11 5 0 0 
0 0 0 0 0 546 0 0 0 0 0 0 
0 0 0 0 0 643 0 0 0 0 0 0 
0 0 0 0 0 0 0 0 0 0 1433 0 
4 382 0 75 3 1 0 0 0 0 0 3118 
0 0 0 0 0 0 0 0 0 0 711 0 
0 0 0 0 0 0 490 0 18 0 0 0 
0 0 370 0 0 102 44 0 0 23 0 0 
0 1558 1 0 0 0 0 0 0 0 1 0 
0 0 0 0 0 0 0 0 0 0 1049 0 
1 0 0 0 0 0 0 7 0 313 278 6 
0 0 0 0 2050 0 0 0 0 0 0 0 
0 2 1 658 1 0 0 64 22 0 5 70 
0 0 0 0 675 0 0 0 0 0 0 0 
0 0 0 0 0 0 0 0 0 1085 0 0 
2232 12 0 0 8 0 32 114 861 4 19 0 
0 0 0 0 0 0 0 599 0 0 0 0 
0 974 337 0 0 0 0 0 3 0 397 1 
0 0 0 0 0 0 0 0 0 0 177 0 
0 0 0 0 307 2 7 52 0 0 0 0 
68 579 0 443 85 0 26 20 0 472 17 0 
