4 0 0 0 93 72 213 0 0 10 2485 0 
0 0 0 0 0 0 0 0 0 0 3415 0 
0 0 0 0 71 1627 1 0 0 0 0 100 
99 0 6 20 189 0 0 0 0 0 0 0 
0 0 0 0 0 2999 0 0 0 0 0 0 
0 0 0 0 1 6143 510 5 0 6 0 0 
0 0 0 0 0 3907 0 0 0 0 1 0 
0 0 0 0 0 633 0 0 0 0 0 0 
0 0 0 0 563 0 0 0 0 0 0 0 
0 0 0 0 2003 854 0 0 0 0 73 0 
0 139 161 0 341 203 92 1840 91 35 88 0 
0 0 0 0 0 0 0 721 0 0 0 0 
0 0 0 0 0 0 0 0 0 0 0 2677 
0 0 0 0 0 0 0 0 0 0 0 446 
0 0 0 0 0 0 0 0 0 0 938 0 
0 0 0 0 0 0 0 0 1 0 601 0 
0 0 0 0 0 0 0 0 0 0 1361 0 
0 210 178 192 20 12 47 61 56 5 4369 648 
0 0 0 0 0 2 0 0 0 863 0 0 
0 373 577 249 0 2 0 44 236 569 31 302 
0 0 0 0 0 0 0 0 0 0 5766 0 
0 0 7 10 0 6981 0 0 0 0 0 4 
0 0 0 0 0 800 2 0 2 0 0 0 
0 0 0 0 0 1076 0 0 0 0 0 0 
166 94 199 0 127 135 8 0 25 0 22 226 
0 0 0 0 1290 0 0 0 0 0 0 0 
0 0 51 237 12 221 63 0 139 254 684 58 
0 0 0 0 2362 1408 0 0 0 0 0 0 
0 46 1856 0 0 12 0 0 0 0 103 1 
598 0 0 0 0 0 0 0 0 0 0 0 
0 0 296 14 11 0 70 0 39 0 0 0 
0 0 0 0 0 0 0 0 0 0 322 0 
0 0 0 0 0 0 0 671 0 0 0 0 
0 0 0 0 0 1 0 0 0 0 4747 0 
184 520 640 878 462 283 401 284 555 299 4907 443 
0 0 0 0 0 0 0 0 0 0 1 2113 
0 11 56 0 0 2 0 0 1865 0 0 28 
0 0 0 0 547 0 0 0 0 0 0 0 
0 0 0 0 0 0 265 0 0 0 0 0 
46 0 31 33 528 2691 0 0 28 6 0 0 
0 0 0 0 0 0 0 0 0 0 2272 0 
0 0 0 890 0 0 0 0 0 0 0 0 
0 0 0 0 0 461 0 0 0 0 0 0 
0 147 0 40 0 0 0 0 0 0 0 2069 
0 0 0 0 0 0 0 0 389 0 0 0 
127 427 527 250 86 35 180 284 235 107 217 1 
0 0 0 0 0 0 0 0 0 0 4661 0 
0 0 0 0 0 0 0 0 0 0 697 0 
1 5 0 0 0 0 0 342 0 0 0 0 
0 0 0 0 0 294 0 0 0 0 0 0 
0 18 165 290 129 0 125 160 171 0 23 75 
0 1 0 0 0 0 0 0 0 1790 0 0 
174 361 420 81 381 319 244 718 81 269 1038 119 
0 0 0 0 0 0 0 0 0 0 2205 0 
0 0 0 0 0 920 0 0 0 0 1 0 
0 0 0 0 0 0 0 2 0 433 110 0 
0 0 0 3 0 0 0 0 0 562 0 0 
0 0 0 0 0 0 0 0 0 0 0 329 
0 0 0 160 1 4 0 0 221 0 0 84 
0 0 0 0 0 4 0 0 0 0 3441 0 
0 0 0 5 1 31 5 0 0 2 1012 0 
0 0 0 0 0 549 0 0 0 0 0 0 
0 0 1041 0 9 0 0 13 4 0 1 0 
0 28 0 79 0 17 3 1010 478 196 1 40 
0 0 0 0 0 585 0 0 0 0 0 0 
0 0 0 0 4 0 0 0 0 0 2692 29 
0 0 0 0 0 0 0 0 0 2005 0 0 
0 0 0 0 0 0 0 0 0 0 1261 0 
0 27 1164 625 222 0 0 0 0 1 5 0 
0 0 0 0 0 0 0 0 0 0 1949 0 
0 244 0 7 342 0 0 40 149 0 0 2 
1 23 0 410 24 334 0 36 179 0 0 163 
0 0 0 0 0 0 0 0 0 0 1405 0 
0 0 0 0 0 402 0 0 0 0 0 0 
0 0 0 5 5 0 0 93 0 0 238 240 
17 0 0 81 0 0 0 0 0 8 855 10 
0 1 0 33 93 3657 7 11 0 1 120 39 
0 0 0 0 0 1499 0 0 0 0 0 0 
0 0 0 0 0 1269 0 0 0 0 0 0 
0 0 0 0 0 0 0 0 0 0 1211 0 
0 0 0 0 0 0 0 0 0 1254 0 0 
0 0 0 0 0 539 0 0 0 0 0 0 
0 0 0 0 0 0 0 0 0 0 3500 0 
0 0 0 0 0 0 0 0 0 0 2326 0 
12 200 0 187 142 0 145 106 0 24 193 120 
0 0 0 0 0 2073 0 0 0 0 0 0 
0 0 0 0 0 0 0 0 0 0 1018 0 
0 0 0 0 0 1631 0 0 0 0 0 0 
271 131 188 0 641 366 0 0 5 0 0 0 
0 0 0 0 703 0 0 0 0 0 0 0 
128 0 415 0 125 0 53 1 0 5 60 68 
0 0 0 0 0 0 0 0 0 0 1520 0 
2 111 30 0 266 3 48 3 110 278 0 162 
0 0 0 0 0 0 0 0 0 0 730 0 
0 14 0 7 284 0 16 1 1 0 0 0 
0 0 0 0 0 0 0 1 0 5 5067 0 
0 0 0 0 0 1351 0 0 0 0 0 0 
0 0 0 0 0 2 1530 25 4 10 0 0 
0 0 0 0 0 0 0 0 0 0 799 0 
0 0 0 0 0 0 0 0 0 0 768 0 
0 0 764 921 1049 0 0 0 0 0 94 11 
0 0 0 0 0 231 1210 38 6 0 0 0 
36 0 0 0 0 0 0 0 0 0 0 423 
0 0 0 0 0 0 0 0 0 0 488 0 
0 0 0 0 0 0 0 0 0 0 1906 0 
0 0 0 0 0 2181 0 0 0 0 0 0 
0 0 0 0 0 0 0 0 0 0 544 0 
151 0 72 215 0 193 0 0 0 0 0 8 
296 27 152 0 118 93 0 34 26 133 517 0 
1 64 524 613 2448 0 0 1 0 0 0 0 
17 0 0 0 0 1 0 0 0 0 720 6 
0 0 0 0 0 0 17 0 168 323 0 0 
0 0 531 0 0 0 0 0 0 0 1 0 
0 10 0 0 0 591 0 6 2 0 0 952 
0 0 0 0 0 1049 0 0 0 0 0 0 
0 0 0 0 339 6 254 0 0 0 0 0 
0 0 0 0 0 0 0 0 0 0 1309 0 
0 0 0 0 0 0 0 0 0 0 833 0 
0 0 0 0 0 0 0 0 0 0 0 675 
0 0 0 0 0 1083 0 0 0 0 0 0 
2 13 47 0 0 0 48 1019 2145 1 2 0 
0 0 0 0 0 0 0 0 0 599 0 0 
0 1711 0 0 1 0 0 0 0 0 0 0 
0 2 140 0 1 0 6 4 5 0 92 0 
0 8 20 20 1 0 0 4 24 98 0 2 
