0 0 1 147 24 1711 0 0 0 0 455 0 
74 186 0 1245 28 1801 0 0 0 1 1 0 
0 0 1 1081 0 295 426 0 0 0 0 0 
0 0 204 126 0 2 4 0 0 0 0 0 
0 0 0 0 0 1 3 0 0 0 3022 1 
0 3 0 0 0 270 556 0 0 4238 151 0 
0 1 0 0 0 6 0 0 0 3771 4 0 
0 0 0 0 0 0 0 0 0 0 764 0 
0 0 0 0 0 0 0 0 0 0 0 1636 
0 0 0 1529 0 0 0 52 1 0 1298 1 
0 0 0 0 1 0 0 0 0 1 2270 19 
0 2 0 0 0 0 0 0 0 397 0 0 
0 1740 305 0 0 83 0 0 0 475 0 0 
0 0 451 0 0 0 0 0 0 0 0 0 
0 0 0 0 0 1031 0 0 0 0 0 0 
0 0 0 0 1465 0 0 0 1 0 0 0 
0 0 0 0 0 2612 0 0 0 0 0 0 
5 0 0 0 2808 0 0 0 0 0 0 0 
0 0 0 0 1 869 0 0 0 0 0 0 
0 0 0 0 0 0 0 0 0 0 782 0 
3 0 0 0 1707 787 1 655 0 0 0 228 
0 0 0 0 0 2 0 0 0 1612 4584 0 
0 0 0 0 0 0 0 0 0 864 0 0 
0 0 0 0 0 0 0 0 0 0 1331 0 
0 0 0 0 1002 0 0 0 0 0 0 0 
0 0 0 0 0 0 0 0 0 0 1419 0 
0 0 0 0 0 0 0 0 0 0 1707 0 
0 724 0 0 102 2 326 0 185 3 2285 4 
0 0 0 0 0 0 0 0 356 55 1604 0 
0 0 0 0 0 0 580 0 0 0 0 0 
0 0 0 0 0 0 430 0 0 0 0 0 
0 0 1 0 0 0 0 0 571 0 0 0 
0 9 0 0 0 116 0 540 0 1 0 5 
0 0 0 0 1 3128 0 1 0 0 0 0 
0 0 0 0 705 7058 0 2 0 0 5 1 
0 0 0 0 1077 1 0 0 0 0 0 0 
0 0 0 0 0 0 0 0 0 1838 0 0 
0 0 0 0 0 0 0 0 0 0 547 0 
1 0 0 0 0 261 0 0 3 0 0 0 
0 0 0 0 0 1430 0 0 0 0 0 0 
0 0 0 0 0 3303 0 0 0 0 0 0 
1 0 0 11 0 0 0 873 0 6 0 0 
0 0 0 0 0 0 0 0 0 0 1004 0 
0 114 0 14 2132 0 5 0 0 0 0 27 
36 0 1 0 1 0 0 15 336 0 0 0 
0 0 0 0 0 0 0 0 0 0 2485 0 
0 0 0 0 601 3084 0 0 28 1 253 0 
0 0 0 0 0 715 0 0 0 0 0 0 
0 349 0 0 0 0 0 0 0 0 0 0 
0 0 0 0 0 0 0 0 0 569 0 0 
0 0 0 0 0 1788 0 0 0 0 0 0 
0 18 0 0 2505 621 0 10 2 0 0 21 
0 0 0 0 0 0 0 542 0 0 2 0 
0 0 0 7 0 41 0 19 0 496 0 0 
0 0 0 329 0 0 0 0 0 0 0 0 
0 0 0 0 470 0 0 0 0 0 0 0 
30 0 0 2 41 3265 0 0 0 0 0 0 
0 0 0 0 772 3 2 0 1 0 1 0 
0 0 0 0 0 0 0 0 0 0 619 0 
1 7 0 0 2 0 5 0 0 8 1033 0 
0 0 0 0 0 0 0 602 0 3 0 0 
0 0 0 0 0 0 0 0 0 0 736 0 
104 26 484 619 260 3 1 0 0 785 10 83 
0 0 0 1 10 1465 0 109 160 0 0 6 
0 0 0 0 0 1600 0 0 0 0 0 0 
1 0 0 1446 636 0 0 0 1 1 0 1 
0 0 0 0 1274 0 0 0 1 0 0 0 
0 0 0 0 0 782 0 0 0 0 0 0 
0 0 0 0 0 0 0 0 0 1123 0 0 
0 0 0 0 2958 0 0 0 0 4 0 1 
0 0 0 2 121 274 0 0 0 0 0 4 
0 0 0 0 0 0 0 0 0 0 1039 0 
0 172 0 2047 1 0 56 0 9 0 1637 0 
0 0 0 0 0 0 0 0 0 2609 2 0 
0 0 0 0 0 0 0 0 0 1647 0 0 
0 0 0 0 0 1677 0 0 0 0 0 1 
0 0 0 0 0 1511 0 0 0 0 0 0 
0 1 0 1237 668 1070 0 0 0 0 4 90 
0 1670 569 11 8 0 0 10 0 0 0 6 
0 0 0 0 1129 0 0 0 0 0 0 0 
0 0 0 0 0 0 0 0 0 0 2073 0 
0 0 723 31 52 4 31 0 0 108 3 64 
736 0 0 0 5 207 0 5 0 2 538 56 
0 204 40 12 0 362 0 0 31 0 956 0 
0 0 0 0 0 574 4 0 0 0 105 0 
0 0 0 0 1296 0 0 0 0 0 1 0 
0 534 96 0 0 322 48 0 0 415 137 0 
0 0 0 0 0 788 0 0 0 0 1 0 
0 0 0 323 0 0 0 0 0 0 0 0 
0 0 0 0 0 0 0 0 0 966 0 0 
2 0 0 1 0 0 1566 0 0 1 0 0 
0 0 0 0 847 0 0 0 0 0 0 0 
0 0 0 0 501 0 0 0 0 0 0 0 
0 0 0 0 2809 0 0 0 0 0 1 0 
0 0 0 0 0 0 155 247 1067 3 0 2 
465 0 1 0 0 0 0 0 0 0 0 11 
0 0 0 0 526 0 0 0 0 0 0 0 
0 0 0 0 2474 0 0 0 0 0 0 0 
0 1937 2 0 0 0 222 0 0 0 0 9 
0 0 0 0 0 1522 0 0 0 0 0 3 
0 0 0 0 0 653 0 0 0 0 0 0 
0 0 0 0 0 0 0 0 0 0 1433 0 
1 350 0 65 9 0 0 0 0 0 0 3125 
0 0 0 0 0 0 0 0 0 0 709 0 
0 0 0 0 1 0 489 0 18 0 0 0 
0 0 523 0 0 0 7 0 0 8 0 0 
0 790 0 0 80 1 68 0 0 7 0 0 
0 0 0 0 0 0 0 0 0 0 1049 0 
2 2 0 5 1 298 0 0 0 0 227 147 
1 0 0 0 1138 0 0 0 1 0 0 0 
0 210 0 552 4 0 6 13 7 0 35 2 
0 1 0 0 0 0 0 0 0 2341 0 0 
2429 4 0 9 0 0 0 167 661 0 6 0 
0 0 0 0 0 1 0 597 2 0 0 0 
0 987 344 0 0 0 1 0 0 0 381 0 
0 0 0 0 0 0 0 0 0 0 329 0 
0 0 13 4 306 0 47 57 0 0 0 0 
43 12 0 1157 158 0 0 0 0 281 60 0 
0 0 0 0 0 5114 12 0 0 4 0 0 
0 0 0 0 0 0 0 0 0 186 0 0 
0 0 0 0 0 1924 0 0 0 0 0 0 
95 1 11 0 0 0 2 62 0 0 11 144 
0 0 0 0 0 388 0 0 0 0 0 0 
2 0 0 0 1724 0 0 0 0 0 0 0 
0 0 0 0 1241 0 0 0 0 0 0 0 
0 0 0 0 1377 2 0 0 0 0 0 0 
0 0 0 0 0 0 0 0 0 0 550 0 
0 0 0 0 0 0 0 22 0 1028 0 1 
0 687 0 0 0 0 0 0 0 0 0 0 
0 0 0 112 1334 888 0 0 0 0 0 28 
0 10 0 0 1 905 322 0 0 0 0 0 
0 0 0 0 0 0 0 0 0 0 436 0 
0 0 0 0 0 0 0 0 0 0 1597 0 
0 0 0 0 0 0 0 0 0 0 818 0 
