0 23 0 0 467 555 1354 0 0 0 0 0 
0 0 0 0 0 0 0 0 0 0 3350 0 
0 0 0 0 69 1639 0 0 0 0 0 95 
63 0 19 46 205 0 0 0 0 0 0 0 
0 0 0 0 0 3060 0 0 0 0 0 0 
0 0 0 0 0 4794 427 0 0 8 0 0 
0 0 0 0 0 3850 0 0 0 0 1 0 
0 0 0 0 0 763 0 0 0 0 0 0 
0 0 0 0 1630 2 0 0 1 0 0 0 
0 0 0 0 2081 772 0 0 4 2 54 0 
0 0 0 0 39 527 0 1245 0 299 169 0 
0 0 0 0 0 0 0 401 0 0 0 0 
0 0 0 0 0 0 0 0 0 0 0 2607 
0 0 0 0 0 0 0 0 0 0 0 446 
0 0 0 0 0 0 0 0 0 0 1035 0 
0 0 0 0 0 0 0 0 0 0 1477 0 
0 0 0 0 0 0 0 0 0 0 2607 0 
0 0 0 0 0 0 0 1 4 0 3613 96 
0 0 0 3 0 0 0 0 1 896 0 0 
0 71 181 355 0 0 0 23 142 1155 1 454 
0 0 0 0 0 1 0 0 0 0 3368 0 
0 3 0 0 0 6369 0 0 0 0 0 0 
0 0 0 0 0 870 0 0 0 0 0 0 
0 0 0 0 0 1328 0 0 0 0 0 0 
41 0 41 0 0 871 0 0 49 0 0 0 
0 0 0 0 1290 0 0 0 0 0 0 0 
2 0 63 0 0 0 0 0 1644 1 0 1 
0 0 0 0 2313 1415 4 0 18 1 0 0 
0 13 1923 0 0 9 0 0 0 0 76 0 
580 0 0 0 0 0 0 0 0 0 0 0 
0 0 0 0 374 0 48 0 1 3 0 4 
0 0 0 0 0 0 0 0 0 0 572 0 
0 0 0 0 0 0 0 671 0 0 0 0 
0 0 0 0 0 0 0 0 0 0 3255 0 
0 0 0 0 0 0 0 0 0 0 7812 0 
0 0 0 0 0 0 0 0 0 0 1 1078 
0 172 0 0 165 0 0 149 1278 20 2 53 
0 0 0 0 547 0 0 0 0 0 0 0 
0 0 0 0 0 0 265 0 0 0 0 0 
10 0 1 6 48 770 0 23 0 3 70 499 
0 0 0 0 1 0 0 0 1 0 3301 0 
0 0 0 881 0 10 0 0 0 0 0 0 
0 0 0 0 0 998 0 0 0 0 0 0 
0 130 0 17 0 0 0 2 0 0 0 2143 
0 2 0 0 0 0 0 1 392 0 0 0 
1124 40 51 1 0 0 0 0 1 87 1193 0 
0 0 3 0 0 0 0 0 0 0 4096 0 
0 0 0 0 0 0 0 0 0 0 716 0 
0 0 0 0 0 0 0 348 0 0 0 0 
0 0 0 0 0 569 0 0 0 0 0 0 
0 675 13 360 0 0 28 0 80 0 0 0 
0 0 0 0 0 0 0 0 0 1788 0 0 
15 1 113 0 0 0 0 0 0 5 2974 118 
0 7 0 0 0 0 0 0 0 417 120 0 
0 0 0 0 0 0 0 0 0 564 0 0 
0 0 0 0 0 0 0 0 0 0 0 329 
6 1 5 3 16 0 0 9 430 0 0 0 
1 0 0 0 0 9 0 1 0 2 3314 0 
1 0 0 0 1 1 0 0 0 0 772 0 
0 0 0 0 0 611 0 0 0 0 0 0 
0 0 1053 0 0 0 1 0 0 0 1 0 
0 1 4 0 0 8 0 515 73 4 0 0 
0 0 0 0 0 585 0 0 0 0 0 0 
0 0 0 0 0 0 0 1 7 0 2358 12 
0 0 0 0 0 0 0 0 0 1751 0 0 
0 0 0 0 0 0 0 0 0 0 1601 0 
0 32 1486 396 171 0 0 0 0 1 0 0 
0 0 0 1 0 0 0 0 0 0 1247 0 
1 445 3 294 0 10 17 4 11 0 0 0 
0 0 25 0 325 0 0 0 1 0 0 774 
0 0 0 0 0 0 0 0 0 0 2920 0 
0 0 0 0 0 401 0 0 0 0 0 0 
0 0 0 0 0 0 0 7 0 1 1004 11 
1 0 0 1 0 3889 24 0 0 0 1 0 
0 0 0 0 0 2526 0 0 0 0 0 0 
0 0 0 0 0 1620 0 0 0 0 0 0 
0 0 0 0 0 0 0 0 0 0 1613 1 
0 0 0 0 0 0 0 0 0 1481 0 0 
0 0 0 0 0 0 0 0 0 0 3111 0 
0 0 0 0 0 0 0 0 0 0 2274 0 
20 1 0 330 778 0 0 0 0 0 0 0 
0 0 0 0 0 2073 0 0 0 0 0 0 
0 0 0 0 0 0 0 0 0 0 1012 0 
0 0 0 0 0 1553 0 0 0 0 0 0 
0 0 175 317 52 3 28 351 377 0 300 0 
0 0 2 0 683 0 0 1 0 0 0 0 
0 0 0 0 0 0 0 0 0 0 1298 0 
0 0 0 0 0 0 0 0 0 0 1559 0 
0 0 0 0 0 0 0 0 0 0 605 0 
0 0 0 1 320 2 0 0 0 0 0 0 
0 0 1 0 0 965 0 0 0 0 0 0 
0 3 0 0 0 0 1567 0 0 0 0 0 
0 0 0 0 0 0 0 0 0 0 841 0 
0 0 0 0 0 0 0 0 0 0 501 0 
1 0 0 1860 929 0 22 0 0 0 0 0 
0 0 0 0 0 203 1240 25 4 0 0 0 
58 0 0 0 0 0 0 0 0 0 0 419 
0 0 0 0 0 0 0 0 0 0 530 0 
0 0 0 0 0 0 0 0 0 0 1779 0 
0 0 0 0 0 2171 0 0 0 0 0 0 
0 0 0 0 0 0 0 0 0 5 1571 0 
0 1 555 1 52 40 0 0 0 0 1 0 
0 0 0 0 0 5 0 2 10 0 1402 0 
0 53 555 560 2390 0 0 0 0 0 0 0 
0 0 43 1 3 0 248 0 0 0 414 0 
0 0 0 0 0 0 20 0 160 328 0 0 
4 0 531 0 1 0 0 1 0 2 0 0 
0 0 0 0 0 944 0 0 0 0 0 0 
0 0 0 0 0 1049 0 0 0 0 0 0 
1 0 0 0 352 0 159 0 24 75 1 0 
0 0 0 0 0 0 0 0 1 0 1136 0 
0 0 0 0 0 0 0 0 0 0 828 0 
0 0 2 0 0 2330 0 2 0 0 0 0 
0 2 46 0 0 0 9 909 2281 1 10 14 
0 0 0 0 0 0 0 0 0 600 0 0 
0 1710 1 0 0 0 0 0 0 0 0 0 
0 0 9 0 3 0 2 0 0 21 294 0 
0 0 0 0 0 426 0 1 0 0 0 0 
0 0 0 0 0 0 0 0 0 0 0 1711 
0 0 0 0 1 0 0 0 0 1 5051 0 
0 0 0 0 0 0 0 1 178 7 0 0 
37 0 0 0 0 1882 0 0 1 0 0 0 
0 15 1 0 15 8 0 11 0 0 0 276 
0 0 0 0 0 0 0 0 0 0 390 0 
0 0 0 0 0 0 0 0 0 0 1703 0 
0 0 0 0 0 0 0 0 0 0 1056 0 
0 0 0 0 0 0 0 0 0 0 1379 0 
1 0 8 51 15 1 134 0 0 0 0 0 
0 0 0 0 0 0 0 1045 0 0 0 4 
74 1 0 0 0 0 0 1 0 0 0 613 
0 0 0 0 0 0 0 0 0 0 2326 0 
6 1 0 10 0 0 16 669 531 0 0 0 
0 0 0 37 0 0 0 29 0 254 113 0 
