0 63 0 0 424 394 1426 0 23 0 0 0 
0 0 0 0 0 0 0 0 0 0 3333 0 
0 0 0 0 73 1609 0 0 0 0 0 124 
74 0 24 49 207 0 0 0 0 0 0 0 
0 0 0 0 0 2852 0 0 0 0 0 0 
0 0 0 0 0 4750 460 1 0 7 0 0 
0 0 0 0 0 3810 0 0 0 0 1 0 
0 0 0 0 0 763 0 0 0 0 0 0 
0 0 0 0 1688 0 0 0 0 0 1 0 
0 0 0 0 1937 805 0 0 8 0 98 0 
0 0 0 12 0 173 214 159 3 0 1219 0 
0 0 0 0 0 0 0 398 0 0 0 0 
0 0 0 0 0 0 0 0 0 0 0 2616 
0 0 0 0 0 0 0 0 0 0 0 453 
0 0 0 0 0 0 0 0 0 0 1033 0 
0 0 0 0 0 0 0 0 0 0 1512 0 
0 0 0 0 0 0 0 0 0 0 2607 0 
0 0 0 0 2 0 0 39 0 0 2445 335 
0 0 0 0 0 0 0 0 0 869 0 0 
0 3 0 0 75 4 0 0 0 693 0 7 
0 0 1 0 0 0 0 0 0 0 3313 0 
0 0 0 0 0 5939 3 0 0 0 0 0 
0 0 4 0 0 861 0 0 0 0 0 0 
0 0 0 0 0 1412 0 0 0 0 0 0 
0 62 4 0 0 771 0 4 0 43 63 55 
0 0 0 0 1419 0 0 0 0 0 0 0 
1 0 11 0 0 0 0 1 1694 0 0 0 
0 0 0 0 2039 1569 0 0 1 0 3 0 
0 42 1869 0 0 7 0 1 0 0 104 0 
580 0 0 0 0 0 0 0 0 0 0 0 
0 0 32 220 0 3 42 9 9 115 0 0 
0 0 0 0 0 0 0 0 0 0 572 0 
1 0 0 0 0 0 0 670 0 0 0 0 
0 0 0 0 0 0 0 0 0 0 3122 0 
0 0 0 0 0 0 0 0 0 2 7934 0 
0 0 0 0 0 0 0 0 0 0 1 1077 
0 1319 0 0 0 0 75 0 248 0 67 127 
0 0 0 0 547 0 0 0 0 0 0 0 
0 0 0 0 0 0 265 0 0 0 0 0 
0 0 0 96 0 1332 0 3 0 1 0 0 
0 0 0 0 0 0 0 0 0 0 3303 0 
0 0 0 886 0 0 0 0 0 4 1 0 
0 0 0 0 0 1003 0 0 0 0 0 0 
0 137 0 23 0 2 0 0 0 0 0 2123 
1 0 0 0 0 0 0 0 385 0 0 0 
999 0 0 0 0 0 0 174 0 374 750 192 
5 0 0 0 0 0 0 0 0 0 4019 0 
0 0 0 0 0 0 0 0 0 0 715 0 
0 0 0 0 0 0 0 350 0 0 0 0 
0 0 0 0 0 569 0 0 0 0 0 0 
0 0 0 0 0 0 0 0 0 1788 0 0 
0 0 175 0 0 0 0 0 0 0 2681 163 
0 0 0 0 0 1 0 0 0 438 107 0 
0 0 0 0 0 0 0 0 0 563 0 0 
0 0 0 0 0 0 0 0 0 0 0 329 
4 0 0 41 0 0 0 154 179 0 90 2 
0 0 0 0 0 5 0 0 0 0 3216 0 
0 1 0 0 0 0 0 0 0 0 780 4 
0 0 0 0 0 629 0 0 0 0 0 0 
0 0 1042 0 0 0 1 7 0 0 0 0 
0 1 0 0 0 0 0 420 184 0 0 0 
0 0 0 0 0 1149 0 0 0 0 0 0 
4 0 0 0 0 0 0 0 0 0 2356 3 
0 0 0 0 0 0 0 0 0 1751 0 0 
0 0 0 0 0 0 0 0 0 0 1638 0 
0 57 1582 326 112 0 0 0 1 0 0 0 
0 0 0 0 0 0 0 0 0 0 1279 0 
54 10 0 353 0 2 0 0 333 23 0 11 
0 0 1 295 303 0 10 0 0 0 0 515 
0 0 0 0 0 0 0 0 0 0 2963 0 
0 0 0 0 0 401 0 0 0 0 0 0 
1 5 0 8 1 0 33 0 0 0 1006 0 
1 0 0 2 0 3860 5 1 0 0 1 0 
0 0 0 0 0 2588 0 0 0 0 0 0 
0 0 0 0 0 1647 0 0 0 0 0 0 
0 0 0 0 0 0 0 0 0 0 1681 0 
0 0 0 0 0 0 0 0 0 1511 0 0 
0 0 0 0 0 1 0 0 0 0 3141 0 
0 0 0 0 0 0 0 0 0 0 2279 0 
0 0 0 0 1087 0 0 0 0 1 0 42 
0 0 0 0 0 2073 0 0 0 0 0 0 
0 0 0 0 1 0 0 0 0 0 1011 0 
0 0 0 0 0 1548 0 0 0 0 0 0 
2 0 268 664 0 0 0 472 1 0 189 0 
0 0 0 0 696 0 0 0 0 0 1 0 
0 2 0 0 0 0 0 0 0 2 1294 0 
0 0 0 0 0 0 0 0 0 0 1546 0 
0 0 0 0 0 0 0 0 0 0 816 0 
0 26 0 0 283 0 3 0 0 0 2 14 
0 0 0 0 0 966 0 0 0 0 0 0 
0 0 0 0 0 5 1550 4 0 0 10 0 
0 0 0 0 0 0 0 0 0 0 836 0 
0 0 0 0 0 0 0 0 0 0 501 0 
0 0 0 1737 913 0 8 0 144 0 0 10 
0 0 0 0 0 214 1228 22 5 0 0 0 
61 0 0 0 1 0 0 0 0 0 0 415 
0 0 0 0 0 0 0 0 0 0 528 0 
1 0 0 0 0 0 0 0 0 0 2467 0 
0 0 0 0 0 2194 0 0 0 0 0 0 
0 0 0 0 0 0 0 0 0 0 1494 0 
0 129 230 15 6 255 0 0 0 4 14 0 
6 0 0 36 0 0 0 0 0 0 1323 0 
0 61 511 684 2231 0 0 0 0 0 0 0 
0 0 0 4 0 0 62 15 0 1 1211 0 
0 0 0 0 0 0 16 0 181 311 0 0 
0 0 539 0 0 0 0 0 0 0 0 0 
0 0 0 0 2 917 0 0 0 0 1 0 
0 0 0 0 0 1049 0 0 0 0 0 0 
1 0 0 0 572 0 0 7 0 1 43 59 
0 0 0 0 0 0 0 0 0 0 1143 0 
0 0 1 0 0 0 0 0 0 0 833 0 
0 0 0 0 0 2331 4 2 0 0 0 0 
3 9 24 0 0 0 10 958 2273 0 2 0 
0 0 0 0 0 0 0 0 1 599 0 0 
0 1600 0 1 0 1 1 2 0 0 0 0 
0 0 0 5 12 0 0 0 0 14 298 0 
0 0 0 0 0 428 0 0 0 2 0 0 
0 0 0 0 0 0 0 0 0 0 0 1711 
0 0 0 0 0 0 0 0 0 2 5136 0 
4 0 0 0 0 0 0 0 182 0 0 0 
14 0 0 0 0 1895 2 0 0 0 16 0 
0 1 0 9 0 190 0 0 0 0 0 126 
0 0 0 0 0 0 0 0 0 0 397 0 
0 0 0 0 0 0 0 2 0 0 1717 0 
0 0 0 0 0 0 0 0 0 0 1242 0 
0 0 0 0 0 0 0 0 0 0 1379 0 
0 2 2 0 0 0 0 1042 0 1 6 0 
55 1 0 1 0 1 0 0 0 0 0 621 
0 0 0 0 0 0 0 0 0 0 2335 0 
1 11 233 0 15 0 19 950 3 5 0 0 
0 0 4 0 0 0 0 0 0 195 236 0 
0 0 0 251 0 2 0 24 0 1032 279 2 
0 30 5 530 0 0 127 5 0 122 0 0 
1 648 5 0 0 0 0 0 0 2 0 0 
