0 0 0 73 32 1827 0 0 0 1 395 0 
11 0 39 303 0 2705 92 0 42 0 0 135 
0 0 0 996 0 231 564 0 4 3 0 0 
0 0 194 156 0 0 0 0 0 4 0 0 
0 0 0 0 0 0 0 0 0 0 3251 0 
0 0 69 1 18 169 1493 0 0 3257 195 1 
0 1 0 0 0 0 0 1 0 3113 0 0 
0 0 0 0 1 0 0 0 0 0 969 0 
0 0 0 0 0 1 0 0 0 0 0 1730 
0 0 2 755 0 0 30 0 0 19 2056 0 
0 0 0 0 0 0 0 0 0 0 1776 3 
0 0 0 0 0 0 0 0 0 399 0 0 
379 863 504 0 0 0 0 0 0 0 48 0 
0 0 450 0 0 0 0 0 0 0 0 0 
0 0 0 0 0 1059 0 0 0 0 0 0 
0 0 0 0 1508 0 0 0 0 0 0 0 
0 0 0 0 0 2572 0 0 0 0 0 0 
0 0 0 0 2733 0 0 0 0 0 10 0 
0 0 1 0 1 870 0 1 0 0 0 0 
0 0 0 0 0 0 0 0 0 0 782 0 
1 5 1193 0 1774 143 37 0 29 0 166 8 
0 0 0 0 1 0 0 0 1 1447 3922 0 
0 0 0 0 0 0 0 0 0 864 0 0 
0 0 0 0 0 0 0 0 0 0 1408 0 
0 0 0 0 1002 0 0 0 0 0 0 0 
0 0 0 0 0 0 0 0 0 0 1419 0 
0 0 0 0 0 0 0 0 0 0 1706 0 
0 981 2 0 0 0 0 0 0 0 2631 0 
0 0 0 0 0 0 1 0 406 39 1582 0 
0 0 0 0 0 0 580 0 0 0 0 0 
0 0 0 0 0 0 431 0 0 0 0 0 
0 0 0 0 0 0 0 0 572 0 0 0 
0 95 0 5 0 0 0 569 0 0 0 2 
0 3 0 1 10 2646 0 2 0 0 0 0 
0 0 0 0 1398 6408 1 0 11 0 0 0 
1 0 0 0 112 280 0 8 0 2 0 0 
0 0 0 0 0 0 0 0 0 1836 0 0 
0 0 0 0 0 0 0 0 0 0 547 0 
0 0 0 0 0 250 0 0 0 15 0 0 
0 0 0 0 0 1430 0 0 0 0 0 0 
2 0 0 0 0 966 0 0 0 0 0 2 
0 0 1 12 0 0 0 878 0 0 0 0 
0 2 0 0 0 0 0 1 0 0 996 1 
0 114 0 3 2141 0 0 0 0 0 0 29 
0 0 79 0 0 0 0 0 304 3 0 0 
0 0 0 0 0 0 0 0 0 0 2486 0 
0 0 1 4 2082 1290 0 0 0 0 898 0 
0 0 0 0 0 715 0 0 0 0 0 0 
0 348 0 0 0 0 0 0 0 0 0 0 
0 0 0 0 0 0 0 0 0 569 0 0 
0 0 0 0 0 1789 0 0 0 0 0 0 
0 1 0 1 1800 933 125 0 0 0 0 0 
0 0 2 0 2 3 0 533 0 0 3 0 
0 0 0 0 0 83 0 0 0 475 0 5 
0 0 0 329 0 0 0 0 0 0 0 0 
0 0 0 0 21 3072 0 0 19 7 49 1 
14 0 44 0 723 0 1 0 0 1 0 0 
0 0 0 0 0 0 0 0 0 0 629 0 
18 0 0 30 0 0 0 0 42 123 830 5 
0 0 0 0 1 0 0 605 0 0 0 0 
0 0 0 0 0 0 0 0 0 0 1149 0 
0 97 0 1674 484 0 0 3 0 56 6 38 
25 0 0 0 0 1491 202 31 0 0 0 0 
0 0 0 0 0 1610 0 0 0 0 0 0 
0 0 0 1558 521 0 0 0 0 0 0 0 
0 0 0 0 1286 0 0 0 0 0 0 0 
0 0 0 0 0 787 0 0 0 0 0 0 
0 0 0 0 0 0 0 0 0 1125 0 0 
0 0 2 0 2874 0 0 0 0 0 0 0 
0 0 0 0 210 185 0 1 0 0 4 1 
0 0 0 0 0 0 0 0 0 0 1041 0 
0 0 2 973 9 0 0 0 18 365 2274 205 
0 1 0 0 0 0 0 1 1 1647 0 0 
0 0 0 0 0 1707 0 0 0 0 0 0 
0 0 0 0 0 1511 0 0 0 0 0 0 
1 0 10 668 761 888 0 4 0 833 23 0 
11 1405 285 0 0 0 33 548 0 0 1 0 
0 0 0 0 1130 0 0 0 0 0 0 0 
0 0 0 0 0 0 0 0 0 0 2073 0 
0 5 0 0 0 0 397 0 310 10 290 0 
0 0 101 0 2 1092 0 0 32 0 310 2 
0 304 0 0 0 203 0 0 16 1 1055 17 
0 0 0 0 0 537 0 0 103 0 44 19 
0 0 0 0 1298 0 0 0 0 0 0 0 
0 316 1 0 221 623 133 1 201 0 0 3 
0 0 0 0 0 804 0 0 0 0 0 0 
0 0 0 323 0 0 0 0 0 0 0 0 
0 0 0 0 0 0 0 0 0 966 0 0 
0 0 0 1 0 0 1562 0 0 3 3 0 
0 0 0 0 845 0 0 0 0 0 0 0 
0 0 0 0 501 0 0 0 0 0 0 0 
0 0 0 0 2817 0 0 0 0 0 0 0 
0 1 0 0 0 0 163 256 1044 0 0 0 
467 0 1 0 0 0 0 0 0 0 0 9 
0 0 0 0 585 0 0 0 0 0 0 0 
0 0 0 0 2699 0 0 0 0 0 1 0 
0 849 0 0 0 114 1216 0 0 0 0 0 
1 0 0 0 1 1619 0 0 0 0 0 0 
0 0 0 0 0 654 0 0 0 0 0 0 
0 0 0 0 0 0 0 0 0 0 1368 0 
0 365 0 0 4 0 0 6 0 0 0 3070 
0 0 0 0 0 0 0 0 0 1 1295 0 
0 0 0 0 0 0 492 0 16 0 0 0 
11 0 512 0 0 0 0 0 0 0 16 0 
16 1 0 55 425 0 0 13 0 8 407 0 
0 0 0 0 0 0 0 0 0 0 1049 0 
117 0 0 6 0 287 2 0 0 258 0 15 
0 0 0 0 1127 0 0 0 0 0 0 0 
4 2 0 684 1 0 0 0 2 3 141 0 
0 0 0 0 0 0 0 1 0 2337 0 0 
2579 13 0 0 0 0 0 68 605 5 8 0 
0 0 0 0 0 0 0 600 0 0 0 0 
0 1210 387 0 0 5 0 2 0 0 1 0 
0 0 0 0 0 0 0 0 0 0 329 0 
0 284 4 133 2 0 0 1 0 0 0 0 
0 1 0 0 2360 0 0 0 1 4 20 0 
0 3 0 0 0 1633 0 99 0 88 0 0 
0 0 0 0 0 0 0 0 0 186 0 0 
0 0 0 0 0 1917 0 0 0 0 0 0 
0 3 0 0 0 30 0 0 31 168 94 0 
0 0 0 0 0 393 0 0 0 0 0 0 
0 0 0 0 1791 0 0 0 0 0 0 0 
0 0 0 0 1217 0 0 0 0 0 0 0 
0 0 0 0 1624 2 0 0 0 0 0 0 
0 0 0 0 0 0 0 23 0 1028 0 0 
0 676 0 0 0 0 0 0 0 0 0 0 
13 0 0 0 990 642 3 671 0 4 26 15 
0 0 0 0 0 894 340 0 0 0 2 0 
0 0 0 0 0 0 0 0 0 0 437 0 
0 0 0 0 0 0 0 0 0 0 1580 0 
0 0 0 0 0 0 0 0 0 0 817 0 
0 0 0 0 0 0 0 0 0 0 655 0 
1 9 0 285 80 0 226 59 0 171 0 0 
30 10 0 0 17 240 0 28 0 2971 30 0 
0 0 0 0 0 3743 0 0 5 0 0 5 
0 0 0 0 0 2333 0 0 0 0 0 0 
