0 15 0 0 474 585 1252 0 0 0 2 0 
0 0 0 0 0 0 0 0 0 0 3328 0 
0 0 0 0 83 1601 0 0 0 0 0 117 
63 0 20 51 220 0 0 0 0 0 0 0 
0 0 0 0 0 3244 0 0 0 0 0 1 
0 0 0 0 0 4806 388 0 0 1 0 0 
0 0 0 0 0 3114 0 0 0 0 0 0 
0 0 0 0 0 970 0 0 0 0 0 0 
0 0 0 0 1726 0 0 0 0 0 2 0 
6 0 0 0 1952 829 0 0 0 0 88 0 
0 9 0 0 0 386 51 0 0 14 1257 60 
0 0 0 0 0 0 0 399 0 0 0 0 
0 0 0 0 0 0 0 0 0 0 0 1795 
0 0 0 0 0 0 0 0 0 0 0 450 
0 0 0 0 0 0 0 0 0 0 1057 0 
0 0 1 0 0 0 1 0 0 0 1515 0 
0 0 0 0 0 0 0 0 0 0 2578 0 
0 0 0 15 3 0 5 9 0 0 2379 323 
0 0 0 0 0 0 0 0 2 869 1 0 
112 2 480 132 0 0 0 0 14 42 0 0 
0 0 0 0 0 0 0 0 0 0 3371 0 
0 0 0 0 0 5341 0 0 21 0 7 0 
0 0 0 0 0 867 0 0 0 0 0 0 
0 0 0 0 0 1408 0 0 0 0 0 0 
27 7 0 0 0 916 5 2 0 43 0 2 
0 0 0 0 1419 0 0 0 0 0 0 0 
4 0 0 32 0 0 0 0 1667 0 2 0 
0 0 0 0 1995 1601 0 0 0 0 0 0 
0 45 1901 0 0 4 0 0 3 0 73 0 
580 0 0 0 0 0 0 0 0 0 0 0 
0 4 0 0 309 0 0 81 37 0 0 0 
0 0 0 0 0 0 0 0 0 0 572 0 
0 0 0 0 0 0 0 671 0 0 0 0 
0 0 0 0 0 0 0 0 0 0 2687 0 
1 7 0 0 8 2 0 12 5 0 7755 1 
0 0 0 0 0 0 0 0 0 0 1 402 
0 1540 0 0 0 0 129 4 161 2 0 0 
0 0 0 0 547 0 0 0 0 0 0 0 
0 0 0 0 0 0 265 0 0 0 0 0 
1 0 0 130 0 658 170 0 0 1 0 469 
0 0 0 1 0 0 0 0 0 0 968 1 
0 0 0 891 0 0 0 0 0 0 0 0 
0 0 0 0 0 1001 0 0 0 0 0 0 
0 146 0 33 0 0 0 0 0 8 0 2099 
0 0 1 0 0 0 0 0 385 0 0 0 
448 0 0 25 0 754 240 517 34 159 310 0 
0 0 0 0 0 0 0 0 0 0 4262 0 
0 0 0 0 0 0 0 0 0 0 715 0 
0 0 0 0 0 0 0 348 0 0 0 0 
0 0 0 0 0 569 0 0 0 0 0 0 
0 0 0 0 0 0 0 0 0 1789 0 0 
14 41 16 3 0 0 0 0 0 0 2748 51 
4 0 0 0 0 0 1 5 0 439 94 0 
0 0 0 0 0 0 0 0 0 563 0 0 
0 0 0 0 0 0 0 0 0 0 0 329 
0 0 0 0 0 5 0 0 1 0 3156 0 
0 0 4 2 4 0 0 0 0 2 775 0 
0 0 0 0 0 629 0 0 0 0 0 0 
0 0 1045 5 0 2 0 0 0 0 0 0 
0 0 0 8 2 0 0 495 101 0 0 0 
0 0 0 0 0 1149 0 0 0 0 0 0 
0 0 0 0 0 0 0 2 0 0 2344 14 
0 0 0 0 0 0 0 0 0 1750 0 0 
0 0 0 0 0 0 0 0 0 0 1618 0 
0 66 1434 346 233 0 0 0 0 0 0 0 
0 0 0 0 0 0 0 0 0 0 1284 0 
373 34 73 63 0 39 2 0 0 189 1 13 
0 54 0 0 989 54 0 0 0 8 20 1 
0 0 0 0 0 0 0 0 0 0 2879 0 
0 0 0 0 0 401 0 0 0 0 0 0 
3 0 0 1 0 2 16 2 0 0 1017 0 
0 0 0 0 0 3757 0 0 99 0 0 0 
0 0 0 0 0 1650 0 0 0 0 0 0 
0 0 0 0 0 0 0 0 0 0 1719 0 
0 0 0 0 0 0 0 0 0 1511 0 0 
0 0 0 0 0 0 0 0 0 0 3172 0 
0 0 0 0 0 0 0 0 0 0 2282 0 
105 42 0 2 963 12 1 0 0 3 0 2 
0 0 0 0 0 2073 0 0 0 0 0 0 
0 0 0 0 0 0 0 0 0 0 1013 0 
0 0 0 0 0 1539 0 0 0 0 0 0 
163 0 248 716 0 97 0 173 0 0 129 71 
0 0 0 0 707 0 0 0 0 0 0 0 
0 0 0 0 0 0 0 0 0 0 1298 0 
0 0 0 0 0 0 0 0 0 0 1502 0 
0 0 0 0 0 0 0 0 0 0 798 0 
0 0 0 0 283 0 12 0 0 0 27 1 
0 0 0 0 0 966 0 0 0 0 0 0 
0 0 0 0 0 3 1560 2 0 0 0 4 
0 0 0 0 0 0 0 0 0 0 844 0 
0 0 0 0 0 0 0 0 0 0 501 0 
0 14 0 1747 1057 0 0 0 0 0 0 0 
0 0 0 0 0 164 1277 15 4 0 2 0 
66 0 0 0 0 0 0 0 0 0 0 411 
0 0 0 0 0 0 0 0 0 0 585 0 
0 0 0 0 0 0 0 0 0 0 2699 0 
0 0 0 0 0 2180 0 0 0 0 0 0 
0 0 0 0 0 0 0 0 0 0 1636 0 
0 0 38 0 0 555 0 0 60 1 0 0 
0 0 4 0 0 0 2 0 0 0 1360 0 
0 76 535 489 2347 0 0 0 0 0 1 0 
0 0 24 14 88 0 129 70 3 0 967 2 
0 0 0 1 0 0 30 0 144 332 0 1 
0 0 534 0 2 1 1 1 0 0 0 0 
0 0 0 2 0 919 0 0 0 2 0 0 
0 0 0 0 0 1049 0 0 0 0 0 0 
0 1 0 0 41 315 111 0 136 0 1 80 
0 0 0 0 0 0 0 0 0 0 1125 0 
0 0 0 0 0 0 0 0 0 0 838 0 
0 0 0 0 0 2342 0 2 0 0 0 0 
0 6 43 0 0 0 19 757 2432 0 19 0 
0 0 0 0 0 0 2 0 0 598 0 0 
0 1605 0 0 0 0 0 0 0 0 0 0 
262 0 40 27 0 0 0 0 0 0 0 0 
0 0 3 0 0 414 2 4 0 0 0 0 
0 0 0 0 0 0 0 0 0 0 0 2386 
1 0 0 0 0 0 0 0 0 0 1814 0 
0 0 0 0 1 0 1 0 184 0 0 0 
0 0 4 0 0 1788 0 126 1 0 0 0 
0 0 0 0 82 11 94 0 74 0 0 65 
0 0 0 0 0 0 0 0 0 0 403 0 
0 0 0 0 0 0 0 0 0 0 1794 0 
0 0 0 0 0 0 0 0 0 0 1218 0 
0 0 0 0 0 0 0 0 0 0 1626 0 
0 2 0 0 0 0 0 1049 0 0 0 0 
60 1 1 0 0 0 0 0 0 0 0 614 
0 0 0 0 0 0 0 0 0 0 2367 0 
7 0 1 17 0 0 0 1207 0 0 3 1 
1 0 3 0 0 0 0 0 55 257 122 0 
22 4 0 0 28 0 0 0 8 1511 0 7 
0 10 0 790 0 0 10 0 0 0 7 0 
0 525 9 47 0 70 3 0 0 0 1 0 
0 0 0 0 0 0 0 0 0 0 0 832 
1 0 0 0 0 3322 0 0 0 0 2 0 
0 0 0 0 0 0 0 2 0 2 3706 0 
0 0 0 0 0 0 0 0 0 0 2333 0 
