0 0 0 143 27 1864 0 0 0 1 363 0 
109 409 1 699 74 1807 0 24 233 0 0 0 
0 0 0 890 0 422 483 0 1 3 0 0 
0 99 183 45 0 0 0 0 0 0 1 0 
0 0 0 0 0 0 0 0 0 0 3064 0 
0 0 2 0 0 209 1012 0 0 3921 130 0 
0 0 2 0 0 2 0 0 0 3803 5 0 
0 0 0 0 0 0 0 0 0 0 725 0 
0 0 0 0 0 0 0 0 0 0 0 1634 
0 0 21 1082 3 12 19 0 0 0 1778 0 
0 0 0 0 0 0 0 104 0 14 2875 10 
0 0 0 1 0 0 0 0 0 721 0 0 
1 933 716 687 3 0 0 0 118 228 0 0 
0 0 446 0 0 0 0 0 0 0 0 0 
0 0 0 0 0 1033 0 0 0 0 0 0 
0 0 0 0 1477 0 0 0 0 0 0 0 
0 0 0 2 0 2587 0 0 0 0 0 0 
0 0 0 0 3741 0 1 0 0 0 0 0 
0 0 0 0 0 901 0 0 0 0 0 0 
0 0 0 0 0 0 0 0 0 0 2382 0 
103 0 1 338 3020 1271 0 540 109 0 1 330 
11 0 0 36 0 0 0 0 7 2029 4335 0 
0 0 0 0 0 0 0 0 0 869 0 0 
0 0 0 0 0 0 0 0 0 0 1328 0 
0 0 0 0 1002 0 0 0 0 0 0 0 
0 0 0 0 0 0 0 0 0 0 1290 0 
0 0 0 0 0 0 0 0 0 0 1710 0 
0 1431 31 0 815 4 56 0 131 0 848 432 
0 0 0 0 0 0 0 0 314 35 1675 0 
19 0 0 0 0 0 579 0 0 0 0 0 
0 0 0 0 0 0 430 0 0 0 0 0 
0 0 0 0 0 0 0 0 571 1 0 0 
47 0 0 0 0 0 0 566 0 0 0 58 
0 0 2 0 0 3493 0 1 0 1 0 0 
0 0 0 0 833 6820 0 0 0 0 0 16 
0 0 0 0 1079 0 0 0 0 0 0 0 
0 0 0 0 0 0 0 0 0 1840 0 0 
0 0 0 0 0 0 0 0 0 0 547 0 
0 0 11 0 0 254 0 0 0 0 0 0 
0 0 0 0 0 1434 0 0 0 0 0 0 
0 0 0 0 0 3303 0 0 0 0 0 0 
0 0 0 47 0 0 0 844 0 0 0 0 
0 0 0 0 0 0 0 0 0 0 461 0 
0 130 0 2 2121 0 0 0 0 0 0 29 
16 0 59 13 43 14 0 0 231 1 0 9 
0 0 0 0 0 0 0 0 0 0 2493 0 
0 131 0 0 134 3044 554 3 58 2 385 0 
0 0 0 0 0 697 0 0 0 0 0 0 
0 349 0 0 0 0 0 0 0 0 0 0 
0 0 0 0 0 0 0 0 0 569 0 0 
0 0 0 0 0 0 0 0 0 0 1157 0 
0 0 0 0 0 1788 0 0 0 0 0 0 
15 0 0 1 2824 775 39 1 0 0 0 0 
0 0 0 3 1 0 0 541 0 1 0 0 
6 52 0 0 0 94 0 0 0 406 2 4 
0 0 0 329 0 0 0 0 0 0 0 0 
0 0 0 0 470 0 0 0 0 0 0 0 
0 0 0 0 89 3406 0 0 0 0 0 0 
0 0 0 0 744 0 0 0 0 0 0 0 
0 0 0 0 0 0 0 0 0 0 601 0 
4 0 0 0 12 57 0 17 0 0 961 0 
0 0 0 0 0 369 81 1382 1 0 1 5 
0 0 0 0 0 0 0 0 0 0 585 0 
431 0 1012 121 41 0 0 1 81 0 701 0 
520 0 0 117 0 964 0 111 0 0 0 36 
0 0 0 0 0 1551 0 0 0 0 0 0 
0 0 0 1913 119 0 0 0 0 0 0 0 
0 0 0 0 1238 0 0 0 0 0 0 0 
0 0 0 0 0 786 0 0 1 0 0 0 
0 0 1 0 0 0 0 0 0 1123 0 0 
0 0 0 0 2742 0 0 0 0 0 0 3 
1 0 0 0 160 240 0 0 0 0 0 0 
0 0 0 0 0 0 0 0 0 0 585 0 
0 0 0 0 0 0 0 0 0 0 1003 0 
0 0 0 1204 0 338 202 0 731 170 1250 60 
0 0 0 0 0 2 0 0 1 2499 0 0 
0 0 0 0 0 1 0 0 0 1620 0 0 
0 0 0 0 0 1281 0 0 0 0 0 0 
0 0 0 0 0 1481 0 0 0 0 0 0 
308 1 3 0 0 1 0 122 0 108 0 1 
58 7 0 1463 506 1293 0 40 0 0 4 246 
0 1265 48 0 369 0 17 328 0 45 0 213 
0 0 0 0 1128 0 0 0 0 0 0 0 
0 0 0 0 0 0 0 0 0 0 2073 0 
13 0 441 0 255 6 0 0 0 0 0 301 
0 8 0 0 4 793 0 1 1 0 733 0 
214 0 0 0 19 0 38 0 65 0 1262 5 
1 23 0 0 0 612 0 0 0 0 64 0 
0 0 0 0 1297 0 0 0 0 0 0 0 
0 359 0 0 582 151 39 0 0 78 308 0 
1 0 0 0 0 604 0 0 0 0 0 0 
0 0 0 323 0 0 0 0 0 0 0 0 
0 0 0 0 0 0 0 0 0 966 0 0 
0 0 0 0 0 0 1561 0 5 2 0 3 
0 0 0 0 822 0 0 0 0 0 0 0 
0 0 0 0 501 0 0 0 0 0 0 0 
0 0 0 0 2879 0 0 0 0 0 0 0 
0 4 1 4 0 0 184 236 1042 0 1 0 
447 0 3 0 0 0 0 0 0 0 0 9 
0 0 0 0 521 0 0 0 0 0 0 0 
0 0 0 0 1721 0 0 0 1 0 0 1 
130 1206 0 42 0 282 520 0 0 0 0 0 
0 0 0 1 0 1597 0 0 0 0 0 0 
0 0 0 0 0 650 0 0 0 0 0 0 
0 0 0 0 1 0 0 0 0 0 1417 0 
0 331 0 66 1 0 0 0 2 0 0 3176 
0 0 0 0 0 0 0 0 0 0 709 0 
0 0 0 0 0 0 494 0 14 0 0 0 
1 6 519 2 0 3 1 0 0 3 4 0 
1 1522 0 0 0 1 0 0 0 0 2 0 
0 0 0 0 0 0 0 0 0 0 1049 0 
0 0 0 0 18 0 0 0 18 197 261 114 
0 0 0 0 988 0 0 0 0 0 0 0 
0 80 4 724 15 0 0 0 6 0 1 0 
1 0 0 0 0 0 0 0 0 2340 0 0 
2389 27 3 18 4 0 0 189 630 4 15 0 
0 0 0 4 0 0 3 592 0 0 0 0 
0 1008 324 0 0 0 0 0 0 0 379 0 
0 0 0 0 0 0 0 0 0 0 177 0 
0 2 0 0 176 0 13 0 4 0 156 73 
0 0 0 1343 0 20 0 0 1 345 1 0 
0 0 0 4 0 4944 4 7 0 0 0 0 
0 0 0 0 0 0 0 0 0 186 0 0 
0 0 0 0 0 1918 0 0 0 0 0 0 
86 0 98 2 0 0 1 0 0 61 78 0 
0 0 0 0 0 406 0 0 0 0 0 0 
0 0 0 0 1682 0 0 0 0 0 0 0 
0 0 0 0 1053 0 0 0 0 0 0 0 
0 0 0 0 884 0 0 0 0 0 0 0 
0 0 0 0 2 0 0 0 0 0 209 0 
