0 0 0 137 20 1700 0 0 0 0 471 0 
30 0 121 148 0 2700 3 10 219 0 0 101 
0 2 3 1162 6 230 389 0 8 0 0 0 
0 0 192 160 0 0 3 0 0 0 0 0 
1 0 0 0 3 0 0 0 0 0 3250 0 
6 0 47 0 0 262 1038 0 0 3676 154 2 
0 0 0 0 0 0 0 0 0 3113 1 0 
0 0 0 0 0 0 1 0 0 0 957 0 
0 0 0 0 0 0 0 0 0 0 0 1732 
0 0 0 856 0 0 0 4 0 0 2001 1 
0 0 0 0 0 0 1 0 0 0 1771 1 
0 0 0 0 0 1 0 0 0 397 0 0 
312 983 321 0 0 0 1 0 0 0 178 0 
0 0 449 0 0 0 0 0 0 0 0 0 
0 0 0 0 0 1063 0 0 0 0 0 0 
0 0 0 0 1516 0 0 0 0 0 0 0 
0 0 0 0 0 2572 4 0 0 0 0 0 
0 0 1 0 2757 0 0 0 0 0 0 0 
0 0 0 0 0 903 0 0 0 0 0 0 
0 0 0 0 0 0 0 0 0 0 783 0 
0 0 1245 8 1815 157 68 0 12 0 14 32 
0 0 0 0 0 0 12 0 1 1240 4084 0 
0 0 0 0 0 0 0 0 0 869 0 0 
0 0 0 0 0 1 0 0 0 0 1411 0 
0 0 0 0 1002 0 0 0 0 0 0 0 
0 0 0 0 0 0 0 0 0 0 1419 0 
0 0 0 0 0 0 0 0 0 0 1703 0 
0 1092 0 0 0 0 0 0 3 9 2509 1 
0 1 1 0 0 0 0 0 345 31 1632 0 
0 0 0 0 0 0 579 1 0 0 0 0 
0 0 0 0 0 0 430 0 0 0 0 0 
0 0 0 0 0 0 0 0 572 0 0 0 
0 98 0 0 11 0 0 561 0 0 1 0 
0 0 0 0 3 2774 0 0 0 0 9 0 
0 0 0 0 1221 6572 3 0 0 0 0 6 
4 0 0 0 195 191 1 12 0 0 0 0 
0 0 0 0 0 0 0 0 0 1836 0 0 
0 0 0 0 0 0 0 0 0 0 547 0 
0 7 0 0 0 247 0 0 0 5 6 0 
0 0 0 0 0 1431 0 0 0 0 0 0 
0 0 0 0 0 969 1 0 0 0 0 0 
0 0 0 4 0 3 0 884 0 0 0 0 
0 0 0 0 0 0 0 0 0 0 999 0 
1 139 0 4 2100 0 2 5 0 1 0 36 
0 1 103 0 0 1 3 0 278 0 0 0 
0 0 0 0 0 0 0 0 0 0 2491 0 
1 0 15 0 2008 1459 0 0 0 0 789 13 
0 0 0 0 0 715 0 0 0 0 0 0 
0 348 0 0 0 0 0 0 0 0 0 0 
0 0 0 0 0 0 0 0 0 569 0 0 
0 0 0 0 0 1788 0 0 0 0 0 0 
1 0 2 0 1673 1069 76 1 2 0 0 0 
0 0 3 0 0 0 0 541 0 0 0 0 
0 0 0 0 0 78 0 0 10 475 0 0 
0 0 0 329 0 0 0 0 0 0 0 0 
0 0 0 0 10 3124 0 20 0 23 0 0 
10 4 5 0 766 0 0 0 0 0 0 0 
0 0 0 0 0 0 0 0 0 0 625 0 
0 0 0 71 0 0 2 0 48 117 830 0 
0 0 0 0 1 4 0 597 0 0 0 4 
0 0 0 0 1 0 0 0 0 0 1148 0 
0 23 0 1671 427 0 0 0 0 174 0 68 
17 0 0 2 0 1541 101 81 0 0 7 0 
0 0 0 0 0 1619 0 0 0 0 0 0 
0 0 0 1525 552 0 0 0 0 0 0 0 
0 0 0 0 1286 0 0 0 0 0 0 0 
0 0 0 0 0 787 0 0 0 0 0 0 
0 0 0 0 0 0 0 0 0 1126 0 0 
0 2 0 0 2876 0 0 0 0 0 0 0 
0 0 0 0 177 220 0 0 0 0 4 0 
0 0 0 0 0 0 0 0 0 1 1043 0 
0 1 0 895 3 0 1 0 0 604 2248 123 
0 0 0 0 0 0 1 0 0 1650 0 0 
0 4 0 0 0 1715 0 0 0 0 0 0 
0 0 0 0 0 1481 0 0 0 0 0 0 
83 4 0 630 727 756 0 0 0 980 3 0 
2 1340 296 3 0 5 18 611 0 0 0 0 
1 0 0 0 1129 0 0 0 0 0 0 0 
0 0 0 0 0 0 0 0 0 0 2073 0 
0 0 27 0 0 0 449 0 108 48 379 2 
0 0 102 6 0 1190 0 0 7 8 230 0 
0 200 0 12 14 199 0 0 25 1 1148 0 
1 3 4 0 0 535 0 0 63 0 95 0 
0 0 0 0 1297 0 0 0 0 0 0 0 
0 506 0 0 145 575 132 0 148 0 0 0 
0 0 0 0 0 819 0 0 0 0 0 0 
0 0 0 323 0 0 0 0 0 0 0 0 
0 0 0 0 0 0 0 0 0 966 0 0 
0 0 0 0 0 0 1568 0 1 1 0 0 
0 0 0 0 847 0 0 0 0 0 0 0 
0 0 0 0 501 0 0 0 0 0 0 0 
0 0 0 0 2821 0 0 0 0 0 0 0 
0 0 0 0 0 0 152 191 1124 0 1 0 
466 0 2 0 0 0 0 0 0 0 0 9 
0 0 0 0 587 0 0 0 0 0 0 0 
0 0 0 0 2694 0 0 0 0 0 0 0 
1 744 17 0 1 105 1311 0 0 0 0 0 
0 0 0 0 0 1634 0 0 0 0 0 0 
0 0 0 0 0 655 0 0 0 0 0 0 
0 0 0 0 0 0 0 0 0 0 1361 0 
0 374 0 0 7 0 3 2 0 0 1 3057 
0 0 0 0 0 0 0 0 0 0 1299 0 
0 0 0 0 0 0 491 1 15 0 0 1 
0 0 502 0 0 0 1 0 1 0 35 0 
52 0 2 50 421 0 0 0 0 0 396 0 
0 0 0 0 0 0 0 0 0 0 1049 0 
99 0 0 0 1 237 1 0 0 347 0 0 
0 0 0 1 1129 0 0 0 0 0 0 0 
48 0 0 731 1 0 0 0 11 0 48 0 
0 0 2 0 0 0 0 0 0 2341 0 0 
2542 1 6 0 0 0 3 116 603 0 4 0 
0 0 0 0 0 0 0 600 0 0 0 0 
0 1159 446 0 0 0 0 0 0 0 0 0 
0 0 0 0 0 0 0 0 0 0 329 0 
17 219 15 51 2 7 42 0 68 4 0 0 
0 0 0 0 2386 0 0 0 0 0 0 0 
0 0 0 0 0 1715 0 43 0 54 0 0 
0 0 0 0 0 0 0 0 0 186 0 0 
0 0 0 0 0 1918 0 0 0 0 0 0 
18 0 0 0 0 42 0 0 14 114 138 0 
0 0 0 0 0 395 0 0 0 0 0 1 
0 0 0 0 1789 0 0 0 6 0 0 0 
0 0 0 0 1218 0 0 0 0 0 0 0 
0 0 1 1 1623 1 0 0 0 0 0 0 
0 0 1 0 0 0 0 24 0 1027 0 0 
0 676 0 0 0 0 0 0 0 0 0 0 
0 0 0 0 797 596 2 923 0 1 5 3 
0 0 0 0 3 849 383 0 0 0 0 0 
0 0 0 0 0 0 0 0 0 0 438 0 
0 0 0 0 0 0 0 0 0 0 1580 0 
0 0 0 0 0 0 0 0 0 0 818 0 
0 0 0 0 0 0 0 0 0 0 655 0 
0 1 0 268 14 0 245 119 0 183 0 0 
4 0 0 5 5 260 1 1 0 2955 10 100 
0 10 1 0 0 3601 0 0 0 1 0 1 
0 0 0 0 0 2333 0 0 0 0 0 0 
