0 0 0 0 461 616 1320 0 0 0 6 0 
0 0 0 0 0 0 0 0 0 0 3345 0 
0 0 0 0 72 1621 0 0 0 0 0 116 
61 0 20 42 208 0 0 0 0 0 0 1 
0 0 0 0 0 3064 0 0 0 0 0 0 
0 5 0 0 0 4769 449 0 0 6 0 0 
0 0 0 0 0 3812 0 0 0 0 1 0 
0 0 0 0 0 762 0 0 0 0 1 0 
0 0 0 0 1631 1 0 0 0 0 0 0 
0 0 0 0 2022 808 0 0 0 0 76 1 
2 0 0 0 0 411 0 1458 0 326 82 0 
0 0 0 0 0 0 0 722 0 0 0 0 
0 0 0 0 0 0 0 0 0 0 0 2632 
0 0 0 0 0 0 0 0 0 0 0 450 
0 0 0 0 0 0 0 0 0 0 1031 0 
0 0 0 0 0 1 0 0 0 0 1469 0 
0 0 0 0 0 0 0 0 0 0 2599 0 
0 3 0 0 0 0 0 0 0 0 3489 207 
0 0 0 0 0 0 0 0 0 902 0 0 
0 59 47 534 1 0 0 31 171 1025 0 512 
0 0 0 0 0 0 0 0 0 0 3352 0 
0 0 0 1 0 6367 0 2 0 0 1 0 
0 0 0 0 0 867 0 1 0 0 1 0 
0 0 0 0 0 1325 0 0 0 0 0 0 
92 33 122 0 0 632 0 0 84 35 1 3 
0 0 0 0 1290 0 0 0 0 0 0 0 
7 1 131 0 0 0 0 12 1561 0 0 0 
1 0 0 0 2430 1344 0 0 0 2 0 0 
0 16 1934 0 0 7 10 0 1 1 52 0 
598 0 0 0 0 0 0 0 0 0 0 0 
0 0 12 2 313 0 103 0 0 0 0 0 
0 0 0 0 0 0 0 0 0 0 572 0 
0 0 0 0 0 0 0 671 0 0 0 0 
0 0 0 0 0 0 0 0 0 0 3248 0 
0 0 0 0 0 0 1 1 0 3 7680 0 
0 0 0 0 0 0 0 0 0 0 1 1078 
0 202 0 0 73 0 7 203 1352 0 0 1 
0 0 0 0 547 0 0 0 0 0 0 0 
0 0 0 0 0 0 265 0 0 0 0 0 
1 0 3 0 0 839 0 53 0 0 155 381 
0 0 1 0 0 0 0 1 0 0 3302 0 
0 0 0 878 12 0 1 0 0 0 0 0 
0 0 0 0 0 461 0 0 0 0 0 0 
0 103 0 31 1 0 0 0 6 0 1 2145 
0 0 0 0 0 0 1 0 388 0 0 0 
1048 163 297 0 0 1 0 14 0 3 956 4 
0 0 0 0 0 0 0 0 0 0 4280 0 
0 0 0 0 0 0 0 0 0 0 716 0 
0 0 0 0 0 0 3 346 0 0 0 0 
0 0 0 0 0 569 0 0 0 0 0 0 
0 419 0 707 7 0 12 0 10 0 1 0 
0 0 0 0 0 0 0 0 0 1788 0 0 
0 69 133 5 0 2 1 0 0 0 3219 44 
0 0 3 0 0 0 0 0 0 372 170 0 
0 0 0 0 0 0 0 0 0 564 0 0 
0 0 0 0 0 0 0 0 0 0 0 329 
0 0 3 0 1 0 0 0 458 5 0 3 
1 0 0 0 0 3 0 0 0 0 3505 0 
2 0 1 0 2 0 0 0 0 0 788 0 
0 0 0 0 0 605 0 0 0 0 0 0 
0 0 1053 0 0 0 0 4 0 1 0 0 
0 6 0 0 0 2 0 405 190 0 0 2 
0 0 0 0 0 585 0 0 0 0 0 0 
0 0 1 0 0 0 2 1 0 0 2339 41 
0 0 0 0 0 0 0 0 0 1748 0 0 
0 0 0 0 0 0 0 0 0 0 1554 0 
0 141 1451 334 159 0 0 0 0 0 0 2 
0 0 0 0 0 0 0 0 0 0 1225 0 
1 510 0 254 0 1 0 0 0 0 19 0 
66 0 0 0 358 30 0 25 4 0 3 640 
0 0 0 0 0 0 0 0 0 0 2742 0 
0 0 0 0 0 401 0 0 0 0 0 0 
0 4 2 0 2 0 8 0 3 12 973 0 
0 0 1 0 0 3889 18 0 0 20 0 0 
0 0 0 0 0 2552 0 0 0 0 0 0 
0 0 0 0 0 1618 0 0 0 2 0 0 
0 0 0 0 0 0 0 0 0 0 1364 0 
0 0 0 0 0 0 0 0 0 1481 0 0 
0 0 0 0 0 541 0 0 0 0 0 0 
0 0 0 0 0 0 0 0 0 0 3621 0 
0 0 0 0 0 0 0 0 0 0 2275 0 
0 3 0 319 710 0 0 0 0 96 1 0 
0 0 0 0 0 2073 0 0 0 0 0 0 
0 0 0 0 0 0 0 0 0 0 1010 0 
0 0 0 0 0 1547 0 0 0 0 1 0 
1 51 63 661 156 0 0 228 119 0 323 1 
0 0 0 0 680 0 0 0 0 0 0 0 
0 0 0 0 0 0 0 0 0 0 1298 0 
0 0 0 0 0 0 0 0 0 0 1546 0 
0 0 0 0 0 0 0 0 0 0 605 0 
0 2 0 1 314 0 0 0 0 6 0 0 
0 0 0 0 0 966 0 0 0 0 0 0 
1 0 0 5 0 1 1558 0 0 0 0 0 
0 0 0 0 0 0 0 0 0 0 839 0 
0 0 0 0 0 0 0 0 0 0 501 0 
0 13 82 1452 1227 0 0 30 0 2 0 0 
0 0 0 0 0 174 1276 19 4 0 0 0 
38 0 0 0 0 0 0 0 0 0 0 421 
0 0 0 0 0 0 0 0 0 0 526 0 
0 0 0 0 0 0 0 1 0 0 1762 0 
0 0 0 0 0 2165 0 0 0 0 0 0 
0 0 0 0 0 0 0 2 0 0 1602 0 
10 2 631 0 4 1 0 2 0 0 0 0 
0 0 0 1 0 1 0 2 2 0 1423 0 
0 68 541 592 2356 0 0 0 1 0 0 0 
0 6 89 0 0 17 262 0 0 21 314 0 
0 0 0 0 0 0 18 0 156 334 0 0 
0 0 537 1 0 0 0 0 0 0 1 0 
0 0 0 3 0 947 0 0 1 0 0 0 
0 0 0 0 0 1049 0 0 0 0 0 0 
0 0 0 0 285 24 237 0 58 8 0 0 
0 0 0 0 0 0 0 1 0 0 1138 0 
0 0 0 0 0 0 0 0 0 0 829 0 
0 0 0 0 0 2336 0 2 0 0 0 0 
0 3 47 0 0 0 14 830 2358 0 25 0 
0 0 0 0 0 0 0 0 0 600 0 0 
0 1714 0 0 0 0 0 0 0 0 0 0 
0 0 51 0 1 0 0 0 3 168 105 1 
0 0 0 2 0 425 0 0 0 0 0 0 
0 0 0 0 0 0 0 0 0 0 0 1711 
0 0 0 0 0 0 0 0 0 3 5099 0 
0 4 0 0 0 0 0 0 183 0 0 0 
0 0 20 2 4 1889 1 1 0 2 0 0 
0 0 0 0 0 1 0 0 0 57 0 268 
0 0 1 0 0 0 0 0 0 0 395 0 
0 0 2 0 0 0 0 0 0 0 1698 0 
0 0 0 0 0 0 0 0 0 0 1055 0 
0 0 0 0 0 0 0 0 0 0 884 0 
0 0 0 0 0 0 199 1 0 0 5 5 
24 1 0 2 0 0 8 693 0 0 0 0 
62 4 0 0 0 0 0 0 0 0 0 597 
0 0 0 0 0 0 0 0 0 0 2325 0 
8 16 0 0 0 0 0 901 302 0 4 0 
0 36 0 4 3 0 0 0 0 301 89 0 
