0 3 0 81 54 1834 0 0 0 1 378 0 
0 104 0 1649 67 1455 47 3 0 0 6 0 
1 0 1 1051 0 263 478 0 0 0 0 1 
0 0 232 102 1 0 0 0 0 0 0 0 
0 0 0 0 0 0 0 0 0 0 3073 0 
3 0 0 1 0 189 791 0 0 4106 127 13 
0 0 0 0 0 7 0 4 0 3788 2 2 
0 0 0 0 0 0 0 0 0 0 763 0 
0 0 0 0 0 0 0 0 0 0 0 1635 
1 0 0 1639 0 0 0 22 0 0 1230 0 
0 0 0 2 10 0 0 0 0 3 2265 0 
0 0 0 0 0 0 0 0 0 399 0 0 
0 1323 224 0 1 0 25 20 23 985 1 0 
0 0 452 0 0 0 0 0 0 0 0 0 
0 0 0 0 0 1031 0 0 0 0 0 0 
0 0 0 0 1476 0 0 0 0 0 0 0 
0 0 0 1 0 2619 0 0 0 0 0 0 
0 0 0 0 2819 0 0 0 0 0 0 0 
0 0 0 1 0 900 0 0 0 0 0 0 
0 0 0 0 0 0 0 0 0 0 782 0 
34 0 4 4 1825 884 0 366 0 0 1 286 
0 0 3 0 0 2 0 0 0 2373 3947 0 
0 0 0 0 0 0 0 0 0 870 0 0 
0 0 0 0 0 0 0 0 0 0 1326 4 
0 0 0 0 1002 0 0 0 0 0 0 0 
0 0 0 0 0 0 0 0 0 0 1419 0 
0 0 0 0 0 0 0 0 0 0 1708 0 
0 712 27 0 65 0 208 0 0 0 2504 82 
4 0 2 4 0 0 0 0 302 52 1659 0 
0 0 0 0 0 0 580 0 0 0 0 0 
0 0 0 0 0 0 430 0 0 0 0 0 
0 0 0 0 0 0 0 0 572 0 0 0 
0 0 0 0 1 9 0 661 0 0 0 0 
1 0 8 0 0 3124 0 0 0 1 0 0 
0 0 31 0 785 6882 5 0 0 0 0 0 
0 0 0 0 1079 0 0 0 0 0 0 0 
0 0 0 0 0 0 0 0 0 1838 0 0 
0 0 0 0 0 0 0 0 0 0 547 0 
0 0 0 0 0 264 0 0 0 0 1 0 
0 0 0 0 0 1430 0 0 0 0 0 0 
0 0 0 0 0 3303 0 0 0 0 0 0 
0 0 0 36 0 0 0 855 0 0 0 0 
0 0 0 0 0 0 0 0 0 0 1001 0 
0 108 0 5 2125 0 0 0 0 0 0 52 
0 83 0 0 0 0 8 0 294 0 0 1 
0 0 0 0 0 0 0 0 0 0 2485 0 
0 14 5 0 469 3246 0 25 0 0 264 0 
0 0 0 0 0 715 0 0 0 0 0 0 
0 349 0 0 0 0 0 0 0 0 0 0 
0 0 0 0 0 0 0 0 0 569 0 0 
0 0 0 0 0 1788 0 0 0 0 0 0 
2 19 10 16 2385 712 0 0 0 0 0 0 
1 6 0 0 0 0 0 536 0 0 0 0 
6 0 0 0 0 161 0 0 0 393 3 0 
0 0 0 329 0 0 0 0 0 0 0 0 
0 0 0 0 470 0 0 0 0 0 0 0 
8 0 0 0 7 3259 1 0 0 41 0 0 
0 0 0 0 772 0 0 0 0 0 2 0 
0 0 0 0 0 0 0 0 0 0 628 0 
0 0 0 0 0 0 0 0 0 0 1051 3 
3 0 0 0 0 3 0 599 0 0 0 0 
0 0 0 0 0 0 0 0 0 0 585 0 
296 0 309 436 271 0 7 0 0 748 238 73 
83 0 0 0 12 1418 0 193 43 0 0 0 
0 0 0 0 0 1600 0 0 0 0 0 0 
0 0 0 1595 480 0 0 11 0 0 0 0 
0 0 0 0 1231 0 0 0 0 0 0 0 
0 0 0 0 0 784 0 0 0 0 0 0 
0 0 0 0 0 0 0 0 0 1124 0 0 
0 0 1 0 2972 0 1 0 0 0 1 0 
0 0 0 0 179 199 0 4 19 0 0 0 
0 0 0 0 0 0 0 0 0 0 1033 0 
0 38 1 1641 0 0 158 0 96 2 1977 0 
1 0 0 0 0 0 0 0 0 2572 0 0 
0 0 0 0 0 0 0 0 0 1646 0 0 
0 0 1 0 0 1673 0 0 0 0 1 0 
0 0 0 0 0 1481 0 0 0 0 0 0 
3 0 0 891 968 1039 32 0 0 17 14 122 
0 1540 596 0 0 1 0 128 0 8 0 0 
0 0 0 0 1129 0 0 0 0 0 0 0 
0 0 0 0 0 0 0 0 0 0 2073 0 
0 6 608 10 152 16 31 0 1 60 22 109 
669 2 0 0 0 238 0 14 0 41 477 120 
1 6 18 0 1 275 2 0 0 0 1303 0 
0 0 0 0 0 595 0 0 0 0 103 0 
0 0 0 0 1297 0 0 0 0 0 0 0 
0 541 123 0 0 367 5 0 7 333 181 0 
2 0 0 0 0 732 0 0 0 0 0 0 
0 0 0 323 0 0 0 0 0 0 0 0 
0 0 0 0 0 0 0 0 0 966 0 0 
0 0 0 0 0 0 1568 1 0 1 0 0 
0 0 0 0 849 0 0 0 0 0 0 0 
0 0 0 0 501 0 0 0 0 0 0 0 
0 0 0 0 2809 0 0 0 0 0 0 0 
0 0 0 0 0 3 166 290 1009 0 0 0 
465 0 1 0 0 1 0 0 0 0 0 10 
0 0 0 0 523 0 0 0 0 0 0 0 
0 0 0 0 2471 0 0 0 0 0 0 0 
0 1875 0 0 0 27 274 0 0 0 0 0 
0 0 1 0 0 1510 0 0 0 0 0 0 
0 0 0 0 0 653 0 0 0 0 0 0 
0 0 0 0 0 0 0 0 0 0 1431 0 
0 382 0 52 12 0 0 0 0 1 0 3106 
0 0 0 0 0 0 0 0 0 0 709 0 
1 0 0 0 3 0 485 0 11 0 8 0 
0 0 532 0 0 0 0 0 0 0 6 1 
2 892 0 0 41 1 0 6 0 0 1 0 
0 0 0 0 0 0 0 0 0 0 1049 0 
34 0 0 11 0 322 0 0 0 5 135 162 
0 0 0 0 1137 0 1 0 0 0 0 0 
13 201 0 546 0 0 0 2 0 0 66 0 
1 0 0 0 0 0 0 0 0 2337 0 0 
2244 2 1 0 4 0 0 47 929 19 35 0 
0 0 0 0 0 0 0 600 0 0 0 0 
2 1013 320 0 0 0 0 0 0 0 378 0 
0 0 0 0 0 0 0 0 0 0 329 0 
0 11 9 0 365 0 24 16 0 0 1 0 
36 0 0 1491 39 0 0 25 1 78 41 0 
0 0 0 0 0 5138 1 0 32 0 4 0 
0 0 0 0 0 0 0 0 0 186 0 0 
0 0 0 0 0 1924 0 0 0 0 0 0 
0 35 3 0 14 16 0 110 0 0 52 96 
0 0 0 0 0 388 0 0 0 1 0 1 
0 2 0 0 1772 0 0 0 0 0 0 0 
0 0 0 0 1242 0 0 0 0 0 0 1 
0 0 0 0 1376 1 0 1 1 0 0 0 
0 0 0 0 0 0 0 0 0 0 550 0 
0 0 5 0 0 0 0 20 0 1026 0 0 
0 688 0 0 0 0 0 0 0 0 0 0 
0 0 0 3 1784 569 0 22 0 0 0 2 
0 0 2 1 5 792 416 22 0 0 0 0 
0 0 0 0 0 0 0 0 0 0 436 0 
0 0 0 0 0 0 0 0 0 0 1597 0 
0 0 0 0 0 0 0 0 0 0 819 0 
