0 0 3 0 567 568 1190 0 0 0 0 0 
0 0 0 0 0 0 0 0 0 0 3323 0 
0 0 0 0 72 1595 0 0 1 0 0 136 
67 0 22 50 216 0 0 0 0 0 0 0 
0 0 0 0 0 3258 0 0 0 0 0 0 
1 0 1 0 0 4759 414 0 0 16 0 0 
0 0 0 1 0 3118 0 0 0 0 0 0 
0 0 0 0 0 957 0 0 0 0 0 0 
0 0 0 0 1731 0 0 0 0 0 0 0 
0 4 0 0 2034 741 1 0 0 0 77 0 
0 0 0 0 0 458 42 0 18 51 1187 17 
0 0 0 0 0 0 0 399 0 0 0 0 
1 0 0 0 0 0 0 0 0 0 0 1793 
0 0 0 0 0 0 0 0 0 0 0 450 
0 0 0 0 0 0 0 0 0 0 1061 0 
0 0 0 1 0 0 0 0 0 0 1518 0 
0 0 0 0 0 0 0 0 0 0 2584 0 
3 0 0 0 0 0 0 0 4 0 2533 204 
0 0 0 0 0 0 0 0 0 902 1 0 
0 0 472 144 0 0 0 0 30 137 0 0 
0 0 0 0 0 0 0 0 0 0 3367 0 
0 0 0 0 2 5324 0 0 0 0 0 1 
0 0 0 3 0 866 0 0 0 0 0 0 
0 0 0 0 0 1409 0 0 0 0 0 0 
78 3 0 0 5 888 0 0 0 28 0 0 
0 0 0 0 1419 0 0 0 0 0 0 0 
0 4 0 27 0 0 0 0 1665 7 0 0 
0 0 3 0 1996 1618 0 3 0 1 0 0 
0 14 1925 0 0 9 0 0 0 0 61 0 
580 0 0 0 0 0 0 0 0 0 0 0 
0 0 1 0 306 1 3 55 64 0 0 0 
0 0 0 0 0 0 0 0 0 0 572 0 
0 0 0 0 0 0 0 671 0 0 0 0 
0 0 0 0 0 0 0 0 0 0 2764 0 
0 6 0 33 1 1 0 20 0 0 7716 0 
0 0 0 0 0 0 0 0 0 0 1 402 
0 1553 0 0 1 0 84 0 197 1 0 0 
0 0 0 0 547 0 0 0 0 0 0 0 
0 0 0 0 0 0 265 0 0 0 0 0 
0 1 0 41 2 752 113 0 0 0 0 522 
0 0 0 0 0 0 0 0 0 0 970 0 
0 0 0 884 1 4 0 0 0 1 0 1 
0 0 0 0 0 999 0 0 0 0 0 0 
0 135 0 43 0 2 0 0 0 1 0 2106 
0 0 0 0 1 0 0 0 385 0 0 0 
584 0 0 65 0 577 208 587 132 99 241 0 
0 0 0 0 0 0 0 0 0 0 4266 0 
0 0 0 0 0 0 0 0 0 0 715 0 
1 0 0 0 0 0 0 347 0 0 0 0 
0 0 0 0 0 569 0 0 0 0 0 0 
0 0 0 0 0 0 0 0 0 1788 0 0 
62 6 0 0 0 0 0 14 0 0 2712 5 
0 0 0 0 1 0 0 1 0 391 151 0 
0 0 0 0 0 0 0 0 0 563 0 0 
0 0 0 0 0 0 0 0 0 0 0 329 
0 0 0 2 0 4 0 0 0 0 3182 0 
0 0 0 0 0 0 0 0 0 0 794 0 
0 0 0 0 0 626 0 0 0 0 0 0 
0 0 1057 0 7 4 0 0 0 0 0 0 
1 0 3 3 6 16 0 462 98 17 0 0 
0 0 0 0 0 1149 0 0 0 0 0 0 
0 0 0 0 0 0 0 0 18 0 2338 6 
0 0 0 0 0 0 0 0 0 1749 0 0 
0 0 0 0 0 0 0 0 0 0 1622 0 
4 41 1559 336 137 0 3 0 0 0 1 0 
0 0 0 0 0 0 0 0 0 0 1285 0 
223 196 87 81 0 0 13 0 0 187 0 0 
0 2 0 0 1051 0 0 23 0 0 50 0 
0 0 0 0 0 0 0 0 0 0 2897 0 
0 0 0 0 0 400 0 0 0 0 0 0 
0 0 0 0 0 1 0 0 3 0 1037 0 
0 0 0 0 5 3866 0 0 13 0 0 0 
0 0 0 0 0 1650 0 0 0 0 0 0 
0 0 0 0 0 0 0 0 0 0 1728 0 
0 0 0 0 0 0 0 0 0 1481 0 0 
0 0 0 0 0 0 0 0 0 0 3185 0 
0 0 0 0 0 0 0 0 0 0 2283 0 
272 1 0 0 816 42 0 0 0 0 0 0 
0 0 0 0 0 2073 0 0 0 0 0 0 
0 0 0 0 0 0 0 0 0 0 1012 0 
0 0 0 0 0 1542 0 0 0 0 0 0 
146 0 222 574 0 96 0 296 0 0 264 0 
1 0 0 0 699 0 0 1 0 0 0 0 
0 0 0 0 0 0 0 0 0 0 1297 0 
0 0 0 0 0 0 0 0 0 0 1504 0 
0 0 0 0 0 0 0 0 0 0 826 0 
0 0 0 0 288 0 0 0 34 0 1 0 
0 0 0 0 0 966 0 0 0 0 0 0 
0 8 0 0 0 0 1556 0 0 0 0 6 
0 0 0 0 0 0 0 0 0 0 851 0 
0 0 0 0 0 0 0 0 0 0 501 0 
0 4 0 1557 1252 0 0 1 3 0 0 0 
0 0 0 0 0 195 1228 29 13 0 0 0 
61 0 0 0 0 0 0 0 0 0 0 416 
0 0 0 0 0 0 0 0 0 0 585 0 
0 3 0 0 0 0 0 0 0 0 2694 0 
0 0 0 0 0 2179 0 0 0 0 0 0 
0 0 4 0 0 0 0 0 3 0 1630 0 
0 0 5 0 0 642 0 0 8 0 0 0 
0 0 4 0 0 0 0 0 0 1 1358 0 
0 61 505 528 2348 0 0 1 0 1 0 0 
0 0 8 0 41 0 105 179 0 2 960 0 
0 0 0 0 1 1 12 0 164 330 0 0 
0 0 539 0 0 0 0 0 0 0 0 0 
0 0 0 0 0 923 0 0 0 0 0 0 
0 0 0 0 0 1049 0 0 0 0 0 0 
0 0 1 0 56 447 0 0 86 3 0 93 
0 0 0 0 0 0 0 0 0 0 1130 0 
0 0 0 0 0 0 0 0 0 0 839 0 
0 0 0 0 0 2346 0 1 1 0 0 0 
0 28 9 1 1 0 13 847 2355 0 22 0 
0 0 3 0 0 0 0 0 0 597 0 0 
0 1605 0 0 0 0 0 0 0 0 0 0 
240 0 68 10 4 0 0 0 7 0 0 0 
1 0 2 0 0 414 0 0 0 10 0 0 
0 0 0 0 0 0 0 0 0 0 0 2386 
0 0 0 0 1 0 0 0 0 1 1804 0 
0 0 0 0 0 0 0 0 186 0 0 0 
3 0 0 1 0 1714 13 177 0 0 8 0 
0 0 6 0 104 0 159 0 17 0 0 40 
0 0 0 0 0 0 0 0 0 0 397 0 
0 0 0 0 0 0 0 0 0 0 1799 0 
0 0 0 0 0 0 0 0 0 0 1218 0 
0 0 0 0 0 0 0 0 0 0 1626 0 
0 0 0 0 0 0 0 1051 0 0 0 0 
57 3 0 0 0 0 0 0 0 0 0 616 
0 0 0 0 0 0 0 0 0 0 2340 0 
15 0 11 2 0 0 0 1207 0 0 0 0 
12 0 18 0 3 0 11 0 34 245 115 0 
15 0 0 0 0 0 0 0 0 1562 0 3 
0 0 0 619 4 0 72 1 0 0 123 0 
0 527 0 77 0 15 35 0 1 0 0 0 
0 0 0 0 0 0 0 0 0 0 0 830 
0 0 0 0 0 3321 0 0 0 0 2 0 
0 0 0 0 1 0 0 0 0 1 3621 0 
0 0 0 0 0 0 0 0 0 0 2333 0 
