0 0 0 109 34 1858 0 0 2 0 407 0 
265 470 0 501 101 1938 4 0 93 0 0 0 
0 0 0 969 0 384 448 0 0 0 3 0 
0 0 207 114 0 0 0 0 0 0 0 0 
0 0 0 0 0 0 0 0 0 2 3074 0 
0 0 0 0 8 179 1002 0 0 3766 295 0 
1 0 3 0 1 16 0 5 0 3783 12 0 
0 0 0 0 0 0 0 0 0 0 763 0 
0 0 0 0 0 0 0 0 0 1 0 1640 
4 1 0 1428 2 21 0 24 0 0 1434 0 
0 0 0 0 3 0 0 0 0 0 2266 0 
0 2 0 0 0 1 0 0 0 719 0 0 
0 1407 854 298 0 1 0 0 31 96 0 0 
0 0 446 0 0 0 0 0 0 0 0 0 
0 0 0 0 0 1040 0 0 0 0 0 0 
0 0 0 0 1470 0 0 0 0 0 0 0 
0 0 0 0 0 2581 3 0 0 0 0 0 
0 0 0 0 3664 0 0 0 0 0 0 0 
0 0 0 0 0 869 0 0 0 0 2 0 
0 0 0 0 0 0 0 0 0 0 2381 0 
21 0 0 54 1793 511 0 790 0 0 0 193 
0 66 0 0 10 0 2 0 0 2023 4261 1 
0 0 0 0 0 0 0 0 0 869 0 1 
0 0 0 0 0 0 0 0 0 0 1325 0 
0 0 0 0 1002 0 0 0 0 0 0 0 
0 0 0 0 0 0 0 0 0 0 1290 0 
0 0 0 0 0 0 0 0 0 0 1712 0 
114 977 1 0 910 0 201 0 0 0 1013 546 
0 0 0 0 0 1 2 0 272 47 1678 3 
22 0 0 0 0 0 576 0 0 0 0 0 
0 0 0 0 0 0 430 0 0 0 0 0 
0 0 0 0 0 0 0 0 572 0 0 0 
0 0 0 0 31 0 0 640 0 0 0 0 
0 0 4 1 0 3264 0 0 1 0 0 0 
0 1 0 0 730 6978 2 0 0 0 0 0 
0 0 0 0 1079 0 0 0 0 0 0 0 
0 0 0 0 0 0 0 0 0 1839 0 0 
0 0 0 0 0 0 0 0 0 0 547 0 
0 0 9 0 0 254 0 0 0 0 2 0 
0 0 0 0 0 1433 0 0 0 0 0 0 
0 0 0 0 0 3303 0 0 0 0 0 0 
0 0 0 30 0 0 0 859 0 2 0 0 
0 0 0 0 0 0 0 0 0 0 461 0 
0 119 0 9 2111 0 0 0 0 0 0 45 
0 0 0 7 0 0 1 14 364 0 0 0 
0 0 0 0 0 0 0 0 0 0 2490 0 
0 33 0 0 105 3426 338 0 51 2 354 0 
0 0 0 0 0 697 0 0 0 0 0 0 
0 349 0 0 0 0 0 0 0 0 0 0 
0 0 0 0 0 0 0 0 0 569 0 0 
0 0 0 0 0 0 0 0 0 0 1156 0 
0 1 0 0 0 1787 0 0 0 0 0 0 
0 1 0 0 2240 1224 0 3 0 0 0 0 
0 0 2 0 0 1 0 541 0 0 1 0 
0 0 0 6 0 36 0 0 0 520 0 2 
0 0 0 329 0 0 0 0 0 0 0 0 
0 0 0 0 470 0 0 0 0 0 0 0 
0 2 3 7 19 3482 0 0 4 1 0 0 
0 0 4 0 751 0 20 1 0 0 0 0 
0 0 0 0 0 0 0 0 0 0 601 0 
0 0 0 4 1 3 18 0 0 83 962 0 
0 0 0 0 0 0 0 561 0 0 0 12 
0 0 0 0 0 0 0 0 0 0 585 0 
586 0 451 236 313 17 0 7 0 4 768 10 
658 8 0 177 0 725 5 175 0 1 0 0 
0 0 0 0 0 1530 0 0 0 0 0 0 
0 0 0 1537 546 1 0 1 0 0 0 0 
0 0 0 0 1244 0 0 0 0 0 0 0 
0 0 0 0 0 789 0 0 0 0 0 0 
0 0 0 0 0 0 0 0 0 1125 0 0 
0 0 0 0 2755 0 0 0 0 0 0 0 
0 1 0 0 230 170 0 0 0 0 0 0 
0 0 0 0 0 0 0 0 0 0 1003 0 
0 0 0 1613 70 8 284 0 599 0 1348 0 
0 0 0 0 0 0 0 0 0 2530 0 0 
0 0 0 0 0 0 0 0 0 1621 0 0 
0 0 0 0 0 1339 0 0 0 0 0 0 
0 0 0 0 0 1511 0 0 0 0 0 0 
232 0 0 0 0 36 0 275 0 0 0 1 
0 6 0 1802 715 579 6 0 0 1 18 494 
0 1794 77 0 68 16 0 192 0 0 0 124 
0 0 0 0 1127 0 0 0 1 0 0 0 
0 0 0 0 0 0 0 0 0 0 2073 0 
0 0 117 0 272 0 0 4 0 42 19 559 
85 29 8 0 0 346 37 0 0 29 1017 0 
0 60 0 0 9 304 1 1 4 0 1224 0 
2 2 0 0 0 655 0 0 0 0 28 0 
0 0 0 0 1297 0 0 0 0 0 0 0 
0 291 0 5 27 652 0 0 0 441 148 0 
0 0 0 0 0 605 0 0 0 0 0 0 
0 0 0 323 0 0 0 0 0 0 0 0 
0 0 0 0 0 0 0 0 0 966 0 0 
0 0 0 0 0 0 1563 0 3 4 0 0 
0 0 0 0 839 0 0 0 0 0 0 0 
0 0 0 0 501 0 0 0 0 0 0 0 
0 0 0 0 2810 0 0 0 0 0 0 0 
0 0 2 0 0 0 197 289 988 0 0 0 
448 0 1 0 0 0 0 0 0 0 0 10 
0 0 0 0 517 0 0 0 0 0 0 0 
0 0 0 0 1763 0 0 0 0 0 1 0 
167 1115 0 0 1 128 751 0 0 0 4 1 
0 0 3 0 0 1584 0 0 0 0 0 0 
0 0 0 0 0 649 0 0 0 0 0 0 
0 0 0 0 0 0 0 0 0 0 1427 0 
0 326 0 35 3 0 1 0 0 0 1 3194 
0 0 0 0 0 0 0 0 0 0 710 0 
1 1 0 0 0 1 485 0 20 0 0 0 
0 0 530 0 0 0 0 0 0 0 0 9 
0 858 16 0 76 0 0 0 1 0 0 0 
0 0 0 0 0 0 0 0 0 0 1049 0 
7 0 0 0 0 13 0 25 55 294 0 218 
0 0 0 2 1140 0 0 0 0 0 0 1 
0 208 0 617 0 3 0 0 0 0 0 0 
1 0 0 0 0 0 0 0 0 2332 1 0 
2294 10 0 0 0 0 5 165 777 15 14 0 
0 0 0 0 0 0 0 599 0 0 0 0 
0 963 354 0 0 0 2 0 0 0 395 0 
0 0 0 0 0 0 0 0 0 0 329 0 
0 0 0 2 205 0 0 0 128 76 16 0 
0 7 0 1548 0 0 0 3 0 151 2 0 
0 0 0 0 0 5059 7 1 0 0 0 9 
0 0 0 0 0 0 0 0 0 186 0 0 
0 0 0 0 0 1919 0 0 0 0 0 0 
0 1 81 0 0 1 39 0 0 10 194 0 
0 0 0 0 0 403 0 0 0 0 0 0 
0 0 0 0 1680 0 0 0 0 0 0 0 
0 0 0 0 1054 0 0 0 0 0 0 0 
0 0 0 0 884 0 0 0 0 0 0 0 
0 0 0 0 0 0 0 0 0 0 210 0 
3 4 0 24 75 0 6 429 0 71 117 0 
0 615 0 0 0 0 0 0 0 0 0 0 
7 0 0 184 1426 333 24 289 0 0 57 12 
0 0 0 0 0 468 131 664 0 0 0 0 
0 0 0 0 0 0 0 0 0 0 433 0 
