0 0 0 145 48 1769 0 0 0 0 907 1 
0 446 507 305 513 372 107 239 303 198 170 257 
0 37 0 1008 0 300 451 0 0 0 0 0 
0 83 152 75 0 0 0 0 0 0 0 0 
1 0 0 0 0 1 0 0 0 0 2995 0 
96 152 79 0 166 401 1124 3 51 4275 377 0 
0 0 0 0 1 1 0 0 0 3813 51 0 
0 0 0 0 0 0 0 0 0 0 633 0 
0 0 0 0 0 0 0 0 0 0 0 563 
0 67 26 1327 50 188 2 18 36 121 1103 0 
0 2 0 0 0 0 0 132 1 6 2860 1 
0 0 0 0 0 0 0 0 0 722 0 0 
0 736 238 409 306 81 43 62 568 186 0 46 
0 0 446 0 0 0 0 0 0 0 0 0 
0 0 0 0 0 938 0 0 0 0 0 0 
0 0 0 0 601 0 0 0 0 0 0 0 
0 0 0 0 0 1361 0 0 0 0 0 0 
2 0 0 0 5809 0 0 1 0 0 0 4 
0 0 0 0 0 863 2 0 0 0 0 0 
0 0 0 0 0 0 0 0 0 0 2385 0 
376 27 161 474 1468 730 300 680 734 310 103 390 
575 322 64 116 73 212 324 565 287 1170 3226 72 
0 0 0 0 0 0 0 0 0 802 0 0 
0 0 0 0 0 0 1 0 0 0 1075 0 
0 0 0 0 1002 0 0 0 0 0 0 0 
0 0 0 0 0 0 0 0 0 0 1290 0 
0 0 0 0 0 0 0 0 0 0 1707 0 
0 1337 202 171 101 288 172 398 122 193 392 387 
0 0 0 2 0 0 0 0 368 59 1591 0 
22 0 0 0 0 0 576 0 0 0 0 0 
0 0 0 0 0 0 431 0 0 0 0 0 
0 0 0 0 0 0 0 0 322 0 0 0 
0 0 0 0 0 98 0 547 10 0 0 16 
46 475 113 281 264 1949 386 100 476 89 124 461 
0 0 0 0 632 9246 0 0 0 0 0 0 
81 745 15 346 300 0 69 161 61 336 0 0 
0 0 0 0 0 0 0 0 0 1962 0 0 
0 0 0 0 0 0 0 0 0 0 547 0 
1 0 0 0 0 258 0 0 0 0 6 0 
0 0 0 0 0 3366 0 0 0 0 0 0 
0 0 0 0 0 2272 0 0 0 0 0 0 
0 0 0 9 0 0 0 882 0 0 0 0 
0 0 0 0 0 0 0 0 0 0 461 0 
86 108 0 2 2018 0 2 0 0 0 6 47 
131 4 2 12 1 0 0 0 231 0 4 0 
0 0 0 0 0 0 0 0 0 0 2476 0 
102 516 212 234 319 1370 252 320 218 40 507 569 
0 0 0 0 0 697 0 0 0 0 0 0 
0 348 0 0 0 0 0 0 0 0 0 0 
0 0 0 0 0 0 0 0 0 294 0 0 
0 0 0 0 0 0 0 0 0 0 1156 0 
0 0 0 0 0 1791 0 0 0 0 0 0 
233 0 311 1 2301 935 176 0 94 6 30 120 
46 88 5 145 1333 0 6 18 32 31 116 373 
15 18 0 0 0 118 299 256 0 169 0 3 
0 0 3 0 0 0 0 541 0 0 0 0 
1 0 0 1 20 21 0 0 5 517 0 0 
0 0 0 329 0 0 0 0 0 0 0 0 
0 0 0 0 470 0 0 0 0 0 0 0 
0 35 0 20 31 3174 52 6 48 0 3 64 
0 0 0 0 922 0 0 60 0 2 0 65 
0 0 0 0 0 0 0 0 0 0 549 0 
0 3 2 30 0 0 0 7 1 5 951 70 
0 0 0 8 0 362 85 1397 0 0 0 0 
0 0 0 0 0 0 0 0 0 0 585 0 
142 399 565 338 221 169 39 0 295 307 197 52 
221 0 69 624 18 584 153 175 0 0 0 162 
0 0 0 0 0 1261 0 0 0 0 0 0 
0 0 62 1800 177 0 4 1 0 0 0 0 
0 0 0 0 1949 0 0 0 0 0 0 0 
0 0 0 0 0 787 0 0 0 0 0 0 
0 0 0 0 0 0 0 1 0 1172 0 0 
0 0 0 0 1407 0 0 0 0 0 0 0 
0 0 20 0 182 198 0 1 1 0 0 0 
0 0 0 0 0 0 0 0 0 0 580 0 
0 0 1 0 0 0 0 0 0 0 968 0 
115 0 119 780 239 977 318 291 453 242 392 19 
0 0 0 0 0 0 0 0 2 1543 0 0 
0 0 0 0 0 0 0 0 0 1247 0 0 
0 0 0 0 0 1194 0 0 0 0 1 0 
0 0 0 0 0 1254 0 0 0 0 0 0 
251 87 67 0 0 19 0 0 0 110 2 2 
1 3 189 841 424 384 143 150 9 156 426 778 
14 812 29 287 372 10 196 142 32 147 143 148 
0 0 0 0 1129 0 0 0 0 0 0 0 
0 0 0 0 0 0 0 0 0 0 2073 0 
278 168 0 2 257 141 4 0 0 0 81 85 
0 0 10 76 190 236 204 50 143 312 423 0 
383 138 29 0 144 178 67 4 0 0 539 122 
0 0 0 6 18 530 0 0 0 0 132 19 
0 0 0 0 855 0 0 0 0 0 0 0 
349 131 0 0 134 452 45 0 0 90 293 22 
0 0 0 0 0 0 0 0 0 0 0 1014 
0 0 0 0 0 730 0 0 0 0 0 0 
0 0 0 323 0 0 0 0 0 0 0 0 
599 201 160 98 0 2974 448 100 319 140 1 25 
0 0 1 0 0 0 0 0 0 1348 0 0 
0 0 0 0 0 0 1561 0 0 9 0 0 
0 0 0 0 799 0 0 0 0 0 0 0 
0 0 0 0 768 0 0 0 0 0 0 0 
0 0 0 0 2843 0 0 0 0 0 0 0 
0 0 0 0 0 0 218 230 1038 0 0 0 
433 0 1 0 1 0 0 0 0 0 0 9 
0 0 0 0 488 0 0 0 0 0 0 0 
0 0 0 0 1907 0 0 0 0 0 0 0 
172 225 18 558 434 95 240 262 73 23 26 57 
0 0 0 0 0 548 0 0 0 0 0 0 
0 0 0 0 0 639 0 0 0 0 0 0 
0 0 0 0 0 0 0 0 0 0 1396 0 
0 446 137 92 4 0 3 0 0 1 0 2972 
0 0 0 0 0 0 0 0 0 0 744 0 
0 3 0 0 0 0 491 0 13 0 1 0 
2 0 441 0 0 58 28 0 3 0 0 0 
0 1557 0 0 0 3 0 0 0 0 0 0 
0 0 0 0 0 0 0 0 0 0 1049 0 
0 21 32 0 17 0 0 73 0 20 434 0 
0 0 0 0 1308 0 0 0 0 0 0 0 
1 0 0 440 5 0 0 0 261 1 0 125 
0 0 0 0 675 0 0 0 0 0 0 0 
0 0 0 0 0 0 0 0 0 1085 0 0 
2345 16 7 0 0 0 1 116 763 10 17 4 
0 0 0 2 0 0 0 597 0 0 0 0 
1 961 322 0 0 0 0 0 0 0 430 0 
0 1 0 0 0 0 0 0 181 22 46 0 
0 0 0 0 0 0 0 0 0 0 177 0 
