0 0 0 89 29 1770 3 0 0 3 436 0 
0 63 0 1272 30 1966 4 0 0 0 0 0 
0 0 0 1088 0 264 453 0 1 0 0 0 
0 0 192 149 0 0 0 1 0 0 1 1 
0 0 0 0 0 0 0 1 0 0 2575 0 
1 0 0 21 0 183 885 0 0 4061 50 0 
0 0 0 0 1 31 0 0 0 3778 3 0 
0 0 0 0 0 0 0 0 0 0 763 0 
0 0 0 0 0 0 0 0 0 0 0 1637 
0 0 0 1414 0 0 0 0 21 0 1429 0 
2 0 0 0 4 0 0 2 0 0 1972 1 
0 0 0 0 1 0 0 0 0 398 0 0 
64 1507 371 0 0 281 2 0 0 379 0 0 
0 0 456 0 0 0 0 0 0 0 0 0 
0 0 0 0 0 1032 0 0 0 0 0 0 
0 0 0 0 1470 0 0 3 0 0 1 0 
0 0 0 0 0 2578 0 0 0 0 0 0 
0 0 0 0 2802 0 4 0 0 0 0 0 
0 0 0 0 0 871 0 0 0 1 0 0 
0 0 0 0 0 0 0 0 0 0 782 0 
0 0 0 0 2068 550 0 401 0 0 2 352 
0 0 0 0 2 0 0 4 0 1371 4822 0 
0 0 0 0 0 0 0 0 0 866 0 0 
0 0 0 0 0 0 0 0 0 5 1382 0 
0 0 0 0 1002 0 0 0 0 0 0 0 
0 0 0 0 0 0 0 0 1 0 1418 0 
0 0 0 0 0 0 0 0 0 0 1701 0 
0 1245 0 9 0 5 494 1 101 0 1765 0 
0 0 0 0 0 0 0 0 282 33 1703 2 
0 0 0 0 0 1 579 0 0 0 0 0 
0 0 0 0 0 0 430 0 0 0 0 0 
0 1 0 0 0 0 0 0 570 0 1 0 
15 0 0 0 0 125 1 520 10 0 0 0 
0 0 0 0 0 3172 0 0 0 0 0 0 
0 0 0 0 666 7072 1 0 0 0 6 0 
1 0 0 0 1077 0 0 0 0 0 0 0 
0 0 0 0 0 0 0 0 0 1838 0 0 
0 0 0 0 0 0 0 0 0 0 547 0 
1 0 0 1 0 262 0 0 0 0 1 0 
0 0 0 0 0 1431 0 0 0 0 0 0 
0 0 0 0 0 3303 0 0 0 0 0 0 
0 0 0 18 0 0 0 871 0 0 0 2 
0 0 0 0 0 0 0 0 0 0 1003 0 
0 220 0 7 2021 0 1 0 0 0 0 47 
3 1 0 0 0 0 0 0 385 0 0 0 
0 0 0 0 0 0 0 0 0 0 2491 0 
0 0 0 0 789 2616 0 37 0 0 520 0 
0 0 0 0 0 715 0 0 0 0 0 0 
0 349 0 0 0 0 0 0 0 0 0 0 
0 0 0 0 0 0 0 0 0 569 0 0 
0 0 0 1 0 1787 0 0 0 0 0 0 
0 0 9 7 2647 536 0 1 0 0 0 0 
0 0 0 22 0 0 0 516 0 6 0 0 
22 8 0 0 0 44 3 26 0 460 0 0 
0 0 0 329 0 0 0 0 0 0 0 0 
0 0 0 0 470 0 0 0 0 0 0 0 
0 0 0 0 14 3297 0 0 0 3 1 19 
0 0 0 0 796 0 1 0 0 0 0 0 
0 0 0 0 0 0 0 0 0 0 621 0 
0 0 0 0 0 0 0 0 0 0 1056 0 
0 0 0 0 0 0 0 605 0 0 0 0 
0 0 1 0 0 1 0 0 0 0 1147 0 
93 0 482 630 326 41 0 0 0 793 0 0 
0 0 1 0 0 1117 2 194 221 1 0 213 
0 1 0 0 1 1600 0 0 0 0 0 0 
0 0 0 1639 443 0 0 0 0 0 0 0 
0 0 0 0 1284 0 0 0 0 0 0 0 
0 0 0 0 0 783 0 0 0 0 0 0 
0 0 0 0 0 0 0 0 0 1124 0 0 
0 0 1 0 2952 0 0 0 0 0 0 0 
0 0 0 0 178 211 0 12 0 0 0 0 
0 0 0 0 0 0 0 0 0 0 1043 0 
0 209 1 1680 0 0 147 0 0 27 1852 2 
0 0 0 0 0 0 0 0 0 2580 0 0 
0 0 0 0 0 0 0 0 0 1646 0 0 
0 0 0 0 0 1672 0 0 0 0 0 0 
0 0 0 0 0 1511 0 0 0 0 0 0 
0 36 0 1351 751 914 2 1 0 0 0 14 
1 1703 316 19 2 0 0 219 0 0 17 0 
0 0 0 0 1129 0 0 0 0 0 0 0 
0 0 0 0 0 0 0 0 0 0 2073 0 
1 0 677 0 0 0 0 0 0 119 6 203 
650 0 29 0 61 231 29 0 0 0 422 114 
3 247 1 0 0 205 0 0 131 4 1012 0 
0 0 0 0 0 591 0 0 0 0 111 0 
0 0 0 0 1297 0 0 0 0 0 0 0 
0 541 0 0 0 306 158 0 6 337 195 0 
0 0 0 0 0 806 0 0 0 0 0 0 
0 0 0 323 1 0 0 0 0 0 0 0 
0 0 0 0 0 0 0 0 0 966 0 0 
0 0 0 0 0 0 1566 0 0 2 2 0 
0 0 0 0 848 0 0 0 0 0 0 0 
0 0 0 0 501 0 0 0 0 0 0 0 
0 0 0 0 2813 0 0 0 0 0 0 0 
0 0 0 0 10 0 178 269 1015 0 0 0 
463 0 3 0 0 0 0 0 0 0 0 11 
0 0 0 0 521 0 0 0 1 0 0 0 
0 0 0 0 2463 5 0 0 0 1 0 0 
0 1901 0 0 0 0 274 0 0 1 0 0 
1 0 0 0 0 1524 0 0 0 0 0 0 
0 0 0 0 0 652 0 0 0 0 0 0 
1 0 0 0 0 0 0 0 0 0 1424 0 
0 389 1 21 2 0 0 0 0 0 2 3132 
0 0 0 0 0 0 0 0 0 0 1027 0 
1 0 0 0 0 0 496 0 11 0 0 0 
0 0 466 0 5 0 0 0 0 67 0 0 
0 752 0 2 180 0 0 6 0 0 0 0 
0 0 0 0 0 0 0 0 0 0 1049 0 
25 0 0 0 0 403 0 0 0 1 208 49 
0 0 0 0 1144 0 0 0 0 0 0 0 
0 21 0 737 28 0 1 0 0 0 38 1 
0 0 0 0 0 0 0 0 0 2347 0 0 
2496 12 0 0 0 15 0 55 650 0 48 0 
0 0 0 0 0 0 0 600 0 0 0 0 
0 981 386 0 0 0 0 0 0 0 345 1 
0 0 0 0 0 0 0 0 0 0 329 0 
0 0 171 0 79 0 106 69 0 0 1 0 
0 16 36 881 191 0 0 0 0 510 77 0 
0 1 0 0 0 5134 0 0 0 2 0 1 
0 0 0 0 0 0 0 0 0 186 0 0 
0 0 0 0 0 1932 0 0 0 0 0 0 
107 0 0 0 0 0 1 81 0 0 0 137 
0 0 0 0 0 388 0 0 3 1 0 0 
0 0 0 0 1735 1 0 0 0 0 0 0 
0 0 0 0 1241 0 0 0 0 0 0 0 
0 0 1 0 1377 1 0 0 0 0 0 0 
0 0 0 0 1 0 0 0 0 0 550 0 
0 1 1 0 0 0 0 18 0 1031 0 0 
0 678 0 0 0 0 0 0 0 0 0 0 
1 0 0 8 1084 1242 13 0 0 0 0 0 
0 0 0 3 0 820 354 46 9 0 5 1 
0 0 0 0 0 0 0 0 0 0 436 0 
0 0 0 0 0 0 0 0 0 0 1599 0 
0 0 0 0 0 0 0 0 0 0 820 0 
