0 0 9 7 245 301 1001 1 13 0 1055 0 
0 0 0 0 0 0 0 0 0 0 3364 0 
0 0 2 0 79 1618 0 0 0 0 0 111 
94 0 19 19 194 0 0 1 0 1 0 0 
0 0 0 0 0 2990 0 0 0 0 0 0 
0 0 0 0 0 4820 518 1 1 1 0 0 
0 0 0 0 0 3828 0 0 0 0 4 0 
0 0 0 0 0 633 0 0 0 0 0 0 
0 0 0 0 670 0 0 0 0 0 0 0 
0 0 8 0 2085 727 0 0 0 0 99 0 
0 0 0 0 0 359 0 2640 0 0 0 0 
0 0 0 0 0 0 0 722 0 0 0 0 
0 0 0 0 0 0 0 0 0 0 0 2676 
0 0 0 0 0 0 0 0 0 0 0 449 
0 0 0 0 0 0 0 0 0 0 1043 0 
0 0 0 0 0 0 0 0 0 0 810 0 
0 0 0 0 0 0 0 0 0 0 2670 0 
0 0 0 11 0 0 0 0 0 0 4280 126 
0 0 0 0 0 0 0 0 0 870 0 0 
0 110 178 432 5 0 0 3 83 1028 0 544 
0 0 0 0 0 0 0 0 0 0 5778 0 
1 0 0 0 0 6745 0 0 0 0 0 2 
0 0 0 0 0 863 0 1 0 0 0 0 
0 0 0 0 0 1148 0 0 0 0 0 0 
357 227 219 56 0 3 0 0 0 0 0 140 
0 0 0 0 1290 0 0 0 0 0 0 0 
0 0 0 0 0 60 82 5 783 0 781 0 
0 2 0 0 2304 1465 0 0 0 0 0 0 
1 10 1938 0 0 3 0 0 0 0 56 0 
598 0 0 0 0 0 0 0 0 0 0 0 
11 0 305 0 0 0 0 18 33 63 0 0 
2 0 2 0 0 1 0 0 0 0 567 0 
0 0 0 0 0 0 0 671 0 0 0 0 
0 0 0 0 0 0 0 0 0 0 4803 0 
0 0 0 151 33 47 0 14 50 109 7870 31 
0 0 0 0 0 0 0 0 0 0 0 402 
0 0 0 1 0 0 0 4 1807 31 0 0 
0 0 0 0 547 0 0 0 0 0 0 0 
0 0 0 0 0 0 265 0 0 0 0 0 
0 0 110 0 183 1100 0 1 0 3 37 0 
0 0 0 0 0 0 0 0 0 0 2887 0 
0 14 0 876 0 0 0 0 0 0 1 0 
0 0 0 0 0 461 0 0 0 0 0 0 
0 197 2 40 0 0 0 0 0 0 0 2028 
0 0 0 0 0 0 0 0 386 0 0 0 
629 539 509 0 7 45 80 302 11 27 327 0 
0 0 0 0 0 0 0 0 1 0 4546 0 
0 0 0 0 0 0 0 0 0 0 697 0 
0 3 0 0 0 0 2 343 0 0 0 0 
0 0 0 0 0 569 0 0 0 0 0 0 
0 0 93 979 46 0 0 5 29 0 0 4 
0 0 0 0 0 0 0 0 0 1789 0 1 
0 185 610 0 67 0 1 433 1 225 2257 406 
32 3 14 0 0 0 0 0 0 412 85 0 
0 0 0 0 0 1 0 0 0 563 0 0 
0 0 0 0 0 0 0 0 0 0 0 329 
4 4 2 5 0 115 0 0 291 0 0 49 
0 0 0 0 0 3 0 0 0 0 3490 0 
0 0 0 0 0 0 9 0 4 0 728 0 
0 0 0 0 0 549 0 0 0 0 0 0 
0 0 1062 0 4 0 0 0 0 0 0 0 
101 0 0 80 4 0 20 941 700 0 0 0 
0 0 0 0 0 585 0 0 0 0 0 0 
2 0 0 0 0 0 0 0 0 0 2378 16 
0 0 0 0 0 0 0 0 0 2007 0 0 
0 0 0 0 0 0 0 0 0 0 1252 0 
0 64 1153 637 174 0 0 2 0 0 3 2 
0 0 0 0 0 0 0 0 0 0 1949 0 
0 301 0 0 456 1 1 0 11 19 0 0 
72 0 0 218 0 553 0 44 19 0 30 189 
0 0 0 0 0 0 0 0 0 0 3254 0 
0 0 0 0 0 402 0 0 0 0 0 0 
0 2 0 11 2 0 0 0 0 0 452 112 
0 0 0 0 2 0 0 0 0 0 981 0 
0 0 0 2 0 3941 0 0 9 0 0 0 
0 0 0 0 0 2509 0 0 0 0 0 0 
0 0 0 0 0 1136 0 0 0 0 0 0 
0 0 0 0 0 0 0 0 0 0 1209 0 
0 0 0 0 0 0 0 0 0 1254 0 0 
0 0 0 0 0 541 0 0 0 0 0 0 
0 0 0 0 0 0 0 0 0 0 3606 0 
0 0 0 0 0 0 0 0 0 1 2300 0 
1 0 0 321 181 0 0 0 0 0 358 267 
0 0 0 0 0 2073 0 0 0 0 0 0 
0 0 0 0 0 0 0 0 0 0 1004 0 
0 0 0 0 0 1652 0 0 0 0 0 0 
736 0 44 0 688 65 0 0 25 0 45 0 
0 0 1 0 691 0 0 0 0 0 0 0 
89 2 456 0 36 1 0 0 0 1 269 0 
0 0 0 0 0 0 0 0 0 0 1524 0 
0 0 0 0 674 0 0 0 285 0 6 0 
0 0 0 0 0 0 0 0 0 0 814 0 
0 0 0 0 307 0 0 5 0 1 9 1 
0 0 0 0 0 1352 0 0 0 0 0 0 
0 0 3 0 0 0 1567 1 0 0 0 0 
0 0 0 0 0 0 0 0 0 0 828 0 
0 0 0 0 0 0 0 0 0 0 768 0 
5 0 554 1090 861 0 0 0 0 0 356 2 
0 0 0 0 0 161 1272 24 14 0 2 0 
35 0 0 0 0 0 0 0 0 0 0 424 
0 0 0 0 0 0 0 0 0 0 488 0 
0 0 0 0 0 0 0 0 0 0 2150 0 
0 0 0 0 0 2183 0 0 0 0 0 0 
0 0 0 0 0 0 0 0 3 1 1153 0 
124 1 391 3 4 0 0 0 0 11 113 0 
0 1 14 0 0 49 0 0 0 0 1370 0 
0 49 539 610 2380 0 0 0 0 0 0 0 
0 1 0 5 0 0 0 0 0 9 697 0 
0 0 0 0 0 0 10 0 151 347 0 0 
0 0 534 0 5 0 0 0 0 0 0 0 
0 2 0 0 0 626 0 0 1 0 0 922 
0 0 0 0 0 1049 0 0 0 0 0 0 
0 0 146 2 358 0 39 61 2 0 0 1 
0 0 0 0 0 0 0 0 0 0 2577 0 
0 0 0 0 0 0 0 0 0 0 821 0 
0 0 0 0 0 0 0 0 0 0 0 675 
0 0 0 0 0 2347 0 0 0 0 0 1 
0 39 34 1 3 0 29 917 2254 0 3 0 
0 0 0 0 0 0 0 0 3 596 0 0 
0 1712 0 0 0 1 0 0 0 0 0 0 
1 0 7 1 0 0 0 0 2 166 0 0 
0 0 0 63 1 203 21 0 0 0 86 0 
0 0 0 0 0 0 0 0 0 0 0 1711 
0 0 0 0 0 0 0 0 0 1 4057 0 
0 0 1 0 0 14 0 0 171 0 0 0 
3 0 0 0 135 1745 32 0 0 0 0 13 
0 0 0 0 3 0 4 0 23 0 252 44 
