0 0 0 95 17 1766 0 0 0 1 755 0 
351 462 177 632 76 889 12 271 414 1 0 84 
0 0 0 997 13 271 526 0 1 0 0 0 
0 88 178 62 0 0 0 0 0 0 0 0 
0 0 0 0 0 0 0 0 3 0 2979 0 
0 5 6 0 0 176 860 2 0 3984 305 10 
2 0 1 2 3 4 0 0 0 3773 1 0 
0 0 0 0 0 0 0 0 0 0 633 0 
0 0 0 0 0 0 0 0 0 0 0 676 
0 7 0 1264 0 0 0 0 140 0 1502 0 
0 0 0 1 0 0 0 56 0 21 2919 1 
0 0 0 0 0 0 0 0 0 721 0 0 
8 775 882 248 0 249 0 1 54 423 5 28 
0 0 449 0 0 0 0 0 0 0 0 0 
0 0 0 0 0 1028 0 0 0 0 0 0 
0 0 0 0 811 0 0 0 0 0 0 0 
0 0 0 0 0 2663 0 0 0 0 0 0 
0 0 0 1 4236 6 0 0 0 0 7 0 
1 0 0 0 0 901 0 0 0 0 0 0 
0 0 0 0 0 0 0 0 0 0 2380 0 
121 0 0 551 2086 735 111 667 516 44 60 886 
75 296 16 5 0 0 0 87 240 2082 3902 10 
1 0 0 0 0 0 0 0 0 868 0 0 
0 0 0 0 0 0 0 0 0 0 1205 0 
0 0 0 0 1002 0 0 0 0 0 0 0 
0 0 0 0 0 0 0 0 0 0 1290 0 
0 0 0 0 0 0 0 0 0 0 1711 0 
0 1500 73 8 281 393 212 1 0 0 715 603 
0 0 3 1 0 13 0 0 347 46 1586 0 
26 0 1 0 0 0 570 0 0 0 0 1 
0 0 0 0 0 0 430 0 0 0 0 0 
1 0 1 0 0 0 0 0 570 0 0 0 
26 112 0 0 0 0 40 492 0 0 1 0 
0 32 685 12 4 3083 607 27 196 12 23 131 
0 0 0 0 865 7233 0 0 0 7 0 11 
4 134 0 42 186 0 0 0 36 0 0 0 
0 0 0 0 0 0 0 0 0 1843 0 0 
0 0 0 0 0 0 0 0 0 0 547 0 
0 0 12 0 0 236 0 0 0 17 0 0 
0 0 0 0 0 1432 0 0 0 0 0 0 
0 0 0 0 0 2887 0 0 0 0 0 0 
2 0 0 12 0 1 1 875 0 0 0 0 
0 0 0 0 0 0 0 0 0 0 461 0 
2 147 0 5 2088 0 0 3 0 0 0 28 
0 0 0 123 53 6 0 0 204 0 0 0 
0 0 0 0 0 0 0 0 0 0 2476 0 
183 0 38 4 52 2371 553 0 461 0 705 175 
0 0 0 0 0 697 0 0 0 0 0 0 
0 348 0 0 0 0 0 0 0 0 0 0 
0 0 0 0 0 0 0 0 0 569 0 0 
0 0 0 0 0 0 0 0 0 0 1156 0 
0 0 0 0 0 1789 0 0 0 0 0 0 
0 0 0 0 3058 1128 0 0 0 0 0 0 
1 0 0 0 0 8 1 455 25 56 0 0 
0 0 0 1 0 18 0 0 7 514 24 0 
0 0 0 329 0 0 0 0 0 0 0 0 
0 0 0 0 470 0 0 0 0 0 0 0 
0 0 0 0 45 3442 0 0 3 0 0 0 
0 0 0 1 716 0 0 0 0 12 0 0 
0 0 0 0 0 0 0 0 0 0 549 0 
0 0 2 0 0 0 0 0 18 0 1049 0 
0 0 3 22 0 331 127 1364 0 0 0 0 
0 0 0 0 0 0 0 0 0 0 585 0 
0 30 1430 7 137 70 0 0 453 60 201 0 
413 16 0 346 0 532 0 217 0 0 0 482 
0 0 0 0 0 1256 0 0 0 0 0 0 
2 0 0 1852 179 1 0 0 0 0 0 0 
0 0 0 0 1949 0 0 0 0 0 0 0 
0 0 0 0 0 783 0 0 0 0 0 0 
0 0 0 0 0 0 0 0 0 1123 0 0 
0 2 0 0 3236 0 0 2 0 0 0 1 
0 0 0 0 121 274 0 1 4 0 0 1 
0 0 0 0 0 0 0 0 0 0 581 0 
0 0 0 0 0 0 0 0 0 0 991 0 
0 0 0 1011 0 665 70 198 196 963 851 0 
0 4 0 0 0 0 0 0 0 2536 0 1 
0 0 0 0 1 0 1 0 0 1134 0 0 
0 0 0 0 0 1219 0 0 0 0 0 0 
0 0 0 0 0 1224 0 0 0 0 0 0 
306 16 185 28 1 0 0 0 6 2 0 0 
0 0 4 629 968 1481 0 0 0 2 72 451 
96 1207 0 19 330 0 0 188 0 309 0 157 
0 0 0 0 1129 0 0 0 0 0 0 0 
0 0 0 0 0 0 0 0 0 0 2073 0 
20 127 67 182 217 0 122 0 0 0 0 283 
0 27 0 0 0 886 43 0 0 26 595 74 
490 2 19 0 4 0 0 6 2 0 1079 0 
0 0 0 0 1 500 0 2 6 0 172 0 
0 0 0 0 852 0 0 0 0 0 0 0 
126 376 0 0 217 303 0 3 0 237 160 87 
0 0 0 0 0 0 0 0 0 0 0 958 
0 0 0 0 0 814 0 0 0 0 0 0 
0 0 0 323 0 0 0 0 0 0 0 0 
0 0 0 0 0 0 0 0 0 1348 0 0 
0 0 0 2 0 0 1552 0 0 17 0 0 
0 0 0 0 824 0 0 0 0 0 0 0 
0 0 0 0 768 0 0 0 0 0 0 0 
0 0 0 0 2882 0 0 0 0 0 0 0 
0 0 0 0 0 0 154 212 1104 0 0 0 
449 0 1 0 0 0 0 0 0 0 0 9 
0 0 0 0 488 0 0 0 0 0 0 0 
0 0 0 0 2317 0 0 0 0 0 0 0 
198 796 0 0 373 28 428 6 241 0 115 0 
0 0 0 0 0 1318 0 0 0 0 0 0 
0 0 0 0 0 647 0 0 0 0 0 0 
0 0 0 0 0 0 0 0 0 0 1435 0 
9 330 0 86 3 0 0 0 0 0 3 3148 
0 0 0 0 0 0 0 0 0 0 712 0 
0 0 0 0 0 0 490 0 18 0 0 0 
0 1 535 0 0 0 0 0 2 1 0 0 
0 1548 0 3 0 0 0 0 0 0 0 0 
0 0 0 0 0 0 0 0 0 0 1049 0 
15 0 0 0 8 9 0 87 0 74 382 39 
0 0 1 0 2585 0 0 0 0 2 0 0 
1 50 18 754 0 0 0 0 1 0 0 0 
0 0 0 0 675 0 0 0 0 0 0 0 
0 0 0 0 0 0 0 0 0 2351 0 0 
2454 31 7 0 0 0 0 76 709 0 3 0 
0 0 0 0 0 0 0 599 0 0 0 0 
1 954 338 0 2 0 0 0 0 0 414 2 
0 0 0 0 0 0 0 0 0 0 177 0 
1 0 0 2 249 0 0 121 0 1 0 0 
0 80 14 1097 49 0 35 0 0 435 0 0 
0 0 0 0 1 4097 3 0 0 0 0 0 
0 0 0 0 0 0 0 0 0 186 0 0 
0 0 0 0 0 1917 0 0 0 0 0 0 
0 0 44 0 0 20 2 5 33 0 222 0 
