0 0 16 0 390 262 1654 0 0 0 0 1 
0 0 0 0 0 0 0 0 0 0 3326 0 
0 0 0 0 61 1636 0 0 0 0 0 106 
70 0 22 50 215 1 0 0 0 0 0 0 
0 0 0 0 0 2849 0 0 0 0 0 0 
0 0 0 1 0 4805 399 0 0 3 0 0 
0 0 0 0 0 3789 0 0 0 0 2 0 
0 0 0 0 0 763 0 0 0 0 0 0 
0 0 0 0 1728 0 0 0 0 0 0 0 
0 8 0 2 2072 700 0 0 0 0 62 0 
0 0 0 1 141 88 359 83 0 115 988 0 
0 0 0 0 0 0 0 398 0 0 0 0 
0 1 0 0 0 0 0 0 0 0 0 1789 
0 0 1 0 0 0 0 2 1 0 0 446 
0 0 0 0 0 0 0 0 0 0 1037 0 
0 0 0 0 1 0 0 0 0 0 1512 0 
0 0 0 0 0 0 0 0 0 0 2588 0 
0 0 6 0 0 1 0 0 0 0 2459 336 
0 0 0 0 0 0 0 0 0 869 0 0 
0 0 201 0 0 1 1 8 0 524 0 47 
0 0 0 0 0 0 0 0 0 0 3343 0 
0 1 0 0 0 5940 0 1 0 12 0 0 
1 4 0 0 0 859 0 0 0 0 0 0 
0 0 0 0 0 1416 0 0 0 0 0 0 
8 3 0 0 1 978 0 4 0 0 0 8 
0 0 0 0 1419 0 0 0 0 0 0 0 
0 3 2 0 0 0 0 0 1701 0 0 0 
5 0 2 0 1979 1630 0 0 0 0 0 0 
0 30 1896 0 0 7 0 0 27 2 41 0 
580 0 0 0 0 0 0 0 0 0 0 0 
0 2 0 69 3 3 11 246 0 95 1 0 
0 0 0 0 0 0 1 0 0 0 571 0 
0 0 0 0 0 0 0 671 0 0 0 0 
0 0 0 0 0 0 0 0 0 0 3126 0 
2 0 0 0 0 0 0 0 0 0 7882 7 
0 0 0 0 0 0 0 0 0 0 1 1077 
0 1093 0 0 0 0 32 89 153 0 19 450 
0 0 0 0 547 0 0 0 0 0 0 0 
0 0 0 0 0 0 265 0 0 0 0 0 
0 12 0 83 1 1316 0 13 5 1 0 0 
0 0 0 0 1 0 0 0 3 0 3299 0 
0 2 2 886 0 0 0 1 0 0 0 0 
0 0 0 0 0 998 0 0 0 0 0 0 
0 118 0 42 0 0 0 0 0 2 0 2125 
0 0 0 0 0 0 0 0 386 0 0 0 
961 8 0 0 0 197 1 51 0 216 1024 32 
0 0 0 0 0 0 0 0 0 0 4134 0 
0 0 0 0 0 0 0 0 0 0 715 0 
0 0 0 0 0 0 0 348 0 0 0 0 
0 0 0 0 0 569 0 0 0 0 0 0 
0 0 0 0 0 0 0 0 0 1789 0 0 
0 0 443 0 0 0 0 0 0 0 2457 53 
0 4 0 0 0 0 0 0 0 476 66 0 
0 0 0 0 0 0 0 0 0 563 0 0 
0 0 0 0 0 0 0 0 0 0 0 329 
0 0 0 0 0 7 0 0 1 1 3245 0 
0 0 2 0 0 0 0 7 2 0 775 0 
0 0 0 0 0 620 0 0 0 0 0 0 
0 0 1044 1 2 0 0 3 0 3 15 0 
0 10 2 0 0 7 0 343 232 11 0 0 
0 0 0 0 0 1149 0 0 0 0 0 0 
0 0 0 7 1 0 0 0 0 0 2333 24 
0 0 0 0 0 0 0 0 0 1749 0 0 
0 0 0 1 0 0 0 0 0 0 1620 0 
0 73 1541 302 156 0 0 0 0 0 0 0 
0 0 0 0 0 0 0 1 0 2 1287 0 
80 16 0 568 0 0 0 23 99 0 0 0 
1 0 0 520 270 0 10 0 0 0 0 326 
0 0 0 0 0 0 0 0 0 0 2922 0 
0 0 0 0 0 401 0 0 0 0 0 0 
0 0 0 8 16 0 33 1 3 0 999 0 
0 0 0 0 0 3869 0 0 0 3 0 0 
0 0 0 0 0 2617 0 0 0 0 0 0 
0 0 0 1 0 1645 0 0 1 0 0 0 
0 0 0 0 0 0 0 0 0 0 1593 0 
0 0 0 0 0 0 0 0 0 1511 0 0 
0 0 0 0 0 0 0 0 0 0 3162 0 
0 0 0 0 0 0 0 0 0 0 2279 0 
0 0 0 0 993 12 0 7 0 7 0 109 
0 0 0 0 0 2073 0 0 0 0 0 0 
0 0 0 0 0 0 0 0 0 0 1010 0 
0 0 0 0 0 1557 0 0 0 0 0 0 
0 0 551 463 0 3 2 507 0 0 68 2 
0 0 0 0 697 0 0 0 0 0 0 0 
1 0 0 0 0 0 0 0 0 0 1296 0 
0 0 0 0 0 0 0 0 0 0 1550 0 
0 0 0 0 0 0 0 0 0 0 809 0 
5 0 0 0 328 0 0 0 0 0 0 0 
0 0 0 0 0 966 0 0 0 0 0 0 
0 16 1 0 0 0 1552 0 0 0 0 0 
0 0 0 0 0 0 0 0 0 0 833 0 
0 0 0 0 0 0 0 0 0 0 501 0 
0 0 11 1599 1203 0 0 0 0 0 1 0 
0 2 0 1 0 209 1230 13 15 0 0 0 
58 0 0 0 0 0 0 0 0 0 0 419 
0 0 0 0 0 0 0 0 0 0 584 0 
0 0 0 0 0 0 0 0 0 0 2662 0 
0 0 0 0 0 2192 0 0 0 0 0 0 
0 0 0 0 0 2 0 0 0 0 1558 0 
16 14 24 0 0 570 0 0 1 0 29 0 
0 1 8 0 21 2 0 0 1 0 1331 3 
0 68 623 511 2245 0 0 0 0 0 0 0 
0 5 0 8 0 0 0 0 0 0 1283 0 
0 0 0 0 0 0 14 1 180 313 0 0 
0 0 533 0 0 3 0 0 3 0 0 0 
0 0 0 0 0 902 0 0 0 15 0 3 
0 0 0 0 0 1049 0 0 0 0 0 0 
0 0 1 0 308 0 0 0 0 0 5 371 
0 0 0 0 0 0 0 0 0 0 1140 0 
0 0 0 0 0 0 0 0 0 0 839 0 
0 0 0 0 0 2336 0 2 0 0 0 0 
0 3 48 0 0 0 11 861 2332 0 22 0 
0 0 0 0 0 0 0 0 0 600 0 0 
0 1604 0 0 0 0 0 0 0 0 0 0 
0 0 0 1 0 14 0 0 0 0 314 0 
3 0 0 0 0 425 0 0 0 0 0 0 
0 0 0 0 0 0 0 0 0 0 0 1711 
0 0 0 0 0 0 0 0 0 3 5116 0 
0 0 0 0 0 4 13 0 168 0 1 0 
10 2 4 0 11 1898 0 0 0 0 0 0 
0 0 0 0 0 106 85 0 10 78 0 47 
0 0 0 0 0 0 0 0 0 0 401 0 
0 0 1 0 0 0 0 0 0 0 1745 0 
0 0 0 0 0 0 0 0 0 0 1219 1 
0 0 0 0 0 0 0 0 0 0 1628 0 
0 0 1 0 0 0 0 1052 0 0 0 0 
79 1 0 0 0 0 0 0 0 0 0 597 
0 0 0 0 0 0 0 0 0 0 2348 0 
0 0 81 0 10 0 3 1142 0 0 0 0 
6 0 0 7 2 0 0 0 0 311 109 0 
3 0 0 206 0 0 0 0 1 1310 66 0 
0 38 0 515 0 0 46 0 0 0 219 0 
2 654 0 0 0 0 0 0 0 0 0 0 
0 0 0 0 0 0 0 0 0 0 0 832 
