1 0 1 127 37 1780 0 0 0 0 384 0 
27 3 0 1183 0 2115 5 0 7 0 0 0 
0 0 0 1135 0 296 370 0 1 0 0 0 
0 0 193 161 0 0 0 0 0 0 0 0 
0 0 0 0 0 0 0 0 0 0 2743 0 
1 0 0 0 10 190 1044 0 0 3816 166 0 
0 0 0 9 0 11 1 0 5 3769 18 1 
0 0 0 0 0 0 0 0 0 0 763 0 
0 0 0 0 0 0 0 1 0 0 0 1633 
6 0 0 1445 0 0 0 1 1 0 1400 3 
0 0 2 1 2 0 0 0 0 0 1710 0 
0 0 0 0 0 0 0 0 0 399 0 0 
332 1544 177 25 1 151 0 2 3 374 0 2 
0 0 452 0 0 0 0 0 0 0 0 0 
0 0 0 0 0 1033 0 0 0 0 0 0 
0 0 0 0 1476 0 0 0 0 0 0 0 
0 0 0 0 0 2612 0 0 0 0 0 0 
0 0 0 0 2843 0 17 0 0 0 0 2 
0 2 0 0 0 868 0 0 0 0 1 0 
0 0 0 0 0 0 0 0 0 0 782 0 
0 0 0 1 2018 698 0 414 0 0 3 255 
0 29 0 0 34 0 0 0 0 1461 4502 0 
0 0 1 0 0 0 0 0 0 866 0 0 
0 0 0 0 0 0 0 0 0 0 1388 0 
0 0 0 0 1003 0 0 0 0 0 0 0 
0 0 0 0 0 0 0 0 0 0 1419 0 
0 0 0 0 0 0 0 0 0 0 1702 0 
0 1263 0 1 0 0 165 9 171 2 2005 0 
0 0 0 0 0 1 0 0 342 36 1644 0 
0 0 0 0 0 0 580 0 0 0 0 0 
0 0 0 0 0 0 430 0 0 0 0 0 
0 0 0 1 0 0 0 0 571 0 0 0 
0 1 0 0 0 180 0 445 11 0 0 34 
0 0 0 0 1 3160 0 0 1 0 0 0 
0 0 0 0 521 7263 2 0 0 0 0 0 
0 0 0 1 1077 0 0 0 0 0 0 0 
0 0 0 0 0 0 0 0 0 1838 0 0 
0 0 0 0 0 0 0 0 0 0 547 0 
0 8 0 0 0 255 1 0 0 0 0 1 
0 0 0 0 0 1432 0 0 0 0 0 0 
0 0 0 0 0 3303 0 0 0 0 0 0 
0 0 0 19 0 0 0 872 0 0 0 0 
0 0 0 0 0 0 0 0 0 0 1004 0 
0 100 0 11 2156 0 0 0 0 0 0 23 
0 0 0 0 1 0 0 0 382 0 0 3 
0 0 0 0 0 0 0 0 0 0 2489 0 
0 60 0 0 1108 2191 93 94 0 0 433 15 
0 0 0 0 0 715 0 0 0 0 0 0 
0 349 0 0 0 0 0 0 0 0 0 0 
0 0 0 0 0 0 0 0 0 569 0 0 
0 0 0 0 0 1789 0 0 0 0 0 0 
0 0 0 6 2660 406 0 0 5 0 0 30 
0 0 0 0 0 0 0 544 0 0 0 0 
0 0 0 1 0 65 0 3 0 494 0 0 
0 0 0 329 0 0 0 0 0 0 0 0 
0 0 0 0 470 0 0 0 0 0 0 0 
0 0 0 0 27 3237 0 0 12 1 0 0 
0 0 6 0 729 0 0 1 30 7 20 0 
0 0 0 0 0 0 0 0 0 0 623 0 
0 2 0 0 0 2 0 0 0 0 1053 0 
0 0 0 1 0 4 0 598 0 0 0 2 
0 0 0 0 0 0 0 0 0 0 1149 0 
3 0 239 925 472 23 0 0 0 706 0 0 
16 0 0 0 0 782 0 694 176 0 2 79 
0 0 0 0 0 1606 0 0 0 0 0 0 
0 0 0 1578 499 0 0 0 0 0 0 0 
0 0 0 0 1284 0 0 0 0 0 0 0 
0 0 0 0 0 784 0 0 0 1 0 0 
0 0 0 0 0 0 0 0 0 1123 0 0 
1 0 0 0 2962 0 0 1 0 0 0 0 
0 0 0 0 183 217 0 0 0 0 0 1 
1 0 0 0 0 0 0 0 0 0 1047 0 
0 183 0 1478 0 0 160 2 0 112 1952 0 
0 0 0 0 0 0 0 0 0 2581 0 0 
0 0 0 0 0 0 0 0 0 1647 0 0 
0 0 0 0 0 1674 0 0 2 1 0 0 
0 0 0 0 0 1511 0 0 0 0 0 0 
0 37 2 1217 516 1242 2 0 0 0 0 62 
0 1653 477 82 0 0 0 66 0 0 0 0 
0 0 0 0 1127 0 0 0 0 0 0 0 
0 0 0 0 0 0 0 0 0 0 2073 0 
0 0 776 0 0 0 0 0 0 4 0 225 
316 0 1 5 164 655 0 0 0 0 407 9 
1 160 5 3 2 138 0 0 13 15 1262 0 
0 0 2 1 7 520 0 0 0 0 167 0 
0 0 0 0 1298 0 0 0 0 0 0 0 
0 640 0 0 0 318 4 46 0 339 196 0 
0 0 0 0 0 791 0 0 0 0 0 0 
0 0 0 323 0 0 0 0 0 0 0 0 
0 0 0 0 0 0 0 0 0 966 0 0 
0 0 0 0 7 0 1559 0 1 3 0 0 
0 0 0 0 848 0 0 0 0 0 0 0 
0 0 0 0 501 0 0 0 0 0 0 0 
0 0 0 0 2820 1 0 0 0 0 0 0 
1 0 0 0 0 0 169 273 1030 0 0 0 
465 0 1 0 0 0 0 0 0 0 0 11 
0 0 0 0 520 0 0 0 0 0 0 0 
0 0 0 0 2478 0 0 0 0 0 0 0 
0 1839 0 0 0 0 351 0 1 0 0 2 
0 0 0 0 0 1522 0 0 0 0 0 1 
0 0 0 0 0 654 0 0 0 0 0 0 
0 0 0 0 0 0 0 0 0 0 1426 0 
0 435 1 3 5 0 0 0 0 0 0 3097 
0 0 0 0 0 0 0 0 0 0 1294 0 
0 0 0 0 0 1 496 0 9 0 0 2 
0 0 477 0 10 0 3 0 0 48 1 0 
0 534 0 0 362 0 0 17 0 0 5 1 
0 0 0 0 0 0 0 0 0 0 1049 0 
33 0 0 0 4 451 0 0 0 0 198 0 
0 0 0 0 1139 0 0 1 0 0 0 0 
0 0 0 777 36 0 0 0 0 0 14 0 
0 0 1 0 0 0 0 0 0 2337 0 0 
2508 4 1 0 0 0 0 171 584 0 11 0 
0 0 1 0 0 5 0 594 0 0 0 0 
0 1002 339 0 0 0 0 0 0 0 371 0 
0 0 0 0 0 0 0 0 0 0 329 0 
8 15 292 0 0 0 82 15 16 0 0 0 
0 7 9 1013 389 0 0 0 0 262 31 0 
0 0 0 0 0 5085 0 0 0 11 0 0 
0 0 0 0 0 0 0 0 0 186 0 0 
0 0 0 0 0 1932 0 0 0 0 0 0 
28 0 0 0 0 0 0 275 0 0 0 23 
0 0 0 0 0 394 0 0 0 0 0 0 
0 0 0 0 1732 0 0 1 0 0 0 0 
0 0 0 0 1242 0 0 0 0 0 0 0 
0 6 0 0 1367 1 0 0 0 2 0 2 
1 0 0 0 0 0 0 0 0 0 550 0 
0 0 0 0 0 0 0 43 0 1008 0 0 
0 672 0 0 0 0 6 0 0 0 0 0 
0 13 0 8 1529 718 59 0 8 0 16 0 
0 0 6 0 0 893 338 0 0 0 0 0 
0 0 0 0 0 0 0 0 0 0 436 0 
0 0 0 0 0 0 0 0 0 0 1600 0 
0 0 0 0 0 0 0 0 0 0 821 0 
