0 2 0 124 23 1761 1 0 0 0 410 0 
0 1 2 164 1 2800 1 0 8 0 0 355 
0 0 0 1067 0 419 321 0 0 0 0 0 
0 0 193 159 0 0 0 0 0 2 0 0 
0 0 0 0 0 0 0 0 0 2 3293 0 
0 0 0 4 0 115 1214 4 0 3682 189 0 
0 0 0 0 0 2 0 0 0 3109 0 0 
0 0 0 0 0 0 0 0 0 0 978 0 
0 0 0 0 0 0 0 0 0 0 0 1729 
1 0 34 1010 0 3 0 15 0 0 1774 35 
0 0 0 1 0 1 0 0 0 0 1871 0 
0 0 0 0 0 0 0 0 0 399 0 0 
332 1114 290 0 0 0 2 10 0 33 1 0 
0 0 453 0 0 0 0 0 0 0 0 0 
0 0 0 0 0 1057 0 0 0 0 0 0 
0 0 0 0 1512 0 0 0 0 0 0 0 
0 0 0 0 0 2593 1 0 0 0 0 0 
0 0 0 0 2758 0 0 0 0 0 0 0 
0 0 0 0 0 873 0 0 0 0 0 0 
0 0 0 0 0 0 0 0 0 0 782 0 
1 0 1666 20 1333 119 0 0 14 0 230 0 
0 12 0 0 0 0 13 10 5 1179 4060 0 
0 0 0 0 0 0 0 0 0 865 0 0 
0 0 0 0 1 0 0 0 0 0 1410 0 
0 0 0 0 1002 0 0 0 0 0 0 0 
0 0 0 0 0 0 0 0 0 0 1419 0 
0 0 0 0 0 0 0 0 0 0 1707 0 
0 716 0 0 6 105 0 0 0 0 2616 171 
0 0 0 1 0 3 0 0 312 18 1696 0 
0 0 0 0 0 0 580 0 0 0 0 0 
0 0 0 0 0 0 430 0 0 0 0 0 
0 0 0 0 0 0 0 0 572 0 0 0 
0 36 0 0 0 0 0 635 0 0 0 0 
0 1 0 0 0 2671 0 0 0 4 0 1 
5 0 0 0 1367 6380 0 6 0 1 9 0 
0 12 94 0 155 108 0 33 0 0 0 1 
0 0 0 0 0 0 0 0 0 1836 0 0 
0 0 0 0 0 0 0 0 0 0 547 0 
0 0 0 1 0 264 0 0 0 0 0 0 
0 0 0 0 0 1431 0 0 0 0 0 0 
0 0 0 0 0 970 0 0 0 0 0 0 
0 1 0 12 0 0 0 878 0 0 0 0 
0 1 0 0 0 0 0 0 0 0 993 0 
0 112 0 5 2142 0 0 1 0 1 0 23 
0 0 32 44 1 0 1 0 308 0 0 0 
0 0 0 0 0 0 0 0 0 0 1597 0 
0 0 3 0 2258 1333 1 0 3 0 644 0 
0 0 0 0 0 715 0 0 0 0 0 0 
0 349 0 0 0 0 0 0 0 0 0 0 
0 0 0 0 0 0 0 0 0 569 0 0 
0 0 0 0 0 1789 0 0 0 0 0 0 
0 4 65 80 1781 725 143 31 0 0 0 0 
11 0 0 0 0 0 0 533 0 0 0 0 
0 0 0 3 2 14 0 0 7 535 2 0 
0 0 0 329 0 0 0 0 0 0 0 0 
21 0 0 0 19 3145 22 0 1 0 2 0 
0 0 0 0 767 11 0 0 0 1 0 0 
0 0 0 0 0 0 0 0 0 0 623 0 
0 0 0 0 2 0 0 0 0 0 990 62 
0 0 0 0 0 0 0 606 0 0 0 0 
0 0 0 0 0 0 0 0 0 0 1149 0 
0 189 0 1666 440 0 9 1 0 40 14 5 
0 68 0 0 0 1119 437 88 0 0 14 23 
0 0 0 0 0 1622 0 0 0 0 0 0 
0 0 0 1549 514 1 0 0 0 0 14 0 
0 0 0 0 1287 0 0 0 0 0 0 0 
0 0 0 0 0 787 0 0 0 0 0 0 
0 0 0 0 0 0 0 0 0 1126 0 0 
0 0 0 0 2898 0 0 0 3 0 0 0 
0 0 0 3 206 192 0 0 0 0 0 0 
0 0 0 0 0 0 0 0 0 0 1040 0 
1 0 0 705 0 0 0 0 8 424 2514 188 
0 0 0 0 0 0 0 0 0 1649 0 0 
0 0 0 0 0 1671 0 0 0 0 0 0 
0 0 0 0 0 1511 0 0 0 0 0 0 
0 10 0 693 819 781 0 0 35 834 9 0 
0 1010 70 0 0 0 39 1149 9 2 2 0 
0 0 0 0 1129 0 0 0 0 0 0 0 
0 0 0 0 0 0 0 0 0 0 2073 0 
0 4 0 2 0 17 353 0 463 27 146 0 
0 0 183 0 7 829 4 0 8 0 527 17 
0 39 17 0 2 298 91 4 85 0 1019 36 
0 0 1 0 0 617 0 0 3 3 80 0 
0 0 0 0 1298 0 0 0 0 0 0 0 
7 220 0 0 240 569 111 0 355 0 9 0 
0 0 0 0 0 804 0 1 0 0 0 1 
0 0 0 323 0 0 0 0 0 0 0 0 
0 0 0 0 0 0 0 0 0 966 0 0 
0 0 0 2 0 0 1563 3 0 2 0 0 
0 0 0 0 850 0 0 0 0 0 0 0 
0 0 0 0 501 0 0 0 0 0 0 0 
1 0 0 0 2825 0 0 0 0 0 0 0 
0 0 0 0 2 0 159 196 1103 4 0 0 
466 0 1 0 0 0 0 0 0 0 0 10 
0 0 0 0 583 0 0 0 0 0 0 0 
0 1 0 0 2680 0 0 0 3 0 0 0 
0 1090 0 0 0 209 867 0 0 6 14 0 
3 0 0 0 0 1649 0 0 0 0 0 0 
0 0 0 0 0 654 0 0 0 0 0 0 
0 0 0 0 0 0 0 0 0 0 1262 0 
0 422 0 0 12 0 0 1 0 10 0 3002 
0 0 0 0 0 0 0 0 0 0 1291 0 
0 0 0 0 0 0 495 0 13 0 0 0 
2 16 519 0 2 0 0 0 0 0 0 0 
101 1 0 0 284 0 0 56 0 0 479 0 
0 0 0 0 0 0 0 0 0 0 1049 0 
192 11 0 1 0 218 0 13 4 244 0 2 
0 3 0 0 1123 0 0 0 2 0 0 0 
0 0 1 589 0 0 0 0 1 69 176 0 
0 0 0 0 0 0 0 0 1 2338 0 0 
2362 46 3 2 0 0 3 48 804 0 5 0 
0 0 0 0 0 0 0 596 0 4 0 0 
0 1188 416 0 0 0 0 0 0 0 0 0 
0 0 0 0 0 0 0 0 0 0 329 0 
0 44 0 327 0 0 27 0 0 0 8 21 
0 0 0 0 2385 0 0 1 0 0 0 0 
0 1 0 0 0 1664 31 0 0 157 0 0 
0 0 0 0 0 0 0 0 0 186 0 0 
0 0 0 0 0 1916 0 0 0 0 0 0 
0 0 0 2 0 4 0 0 96 163 16 45 
0 0 0 0 0 395 0 0 0 0 0 0 
0 0 0 0 1804 0 0 0 0 0 0 0 
0 0 0 0 1217 0 0 0 0 0 0 0 
0 0 0 1 1624 2 0 0 0 0 0 0 
1 0 0 0 0 0 0 13 0 1034 0 3 
0 686 0 0 0 0 0 0 0 0 0 0 
0 0 7 0 632 973 4 594 0 0 120 18 
0 0 0 0 0 971 251 0 0 0 15 1 
0 0 0 0 0 0 0 0 0 0 437 0 
0 0 0 0 0 0 0 0 0 0 1579 0 
0 0 0 0 0 0 0 0 0 0 818 0 
0 0 0 0 0 0 0 0 0 0 655 0 
0 56 0 484 186 0 104 6 1 0 0 0 
0 0 0 0 0 152 56 0 0 2742 369 0 
0 2 1 0 0 3672 0 0 0 0 0 0 
0 0 0 0 0 2333 0 0 0 0 0 0 
0 0 0 0 0 0 0 0 0 0 906 0 
