0 0 1 104 13 1790 0 0 0 0 417 0 
0 0 40 418 0 2844 2 0 40 0 0 0 
0 0 0 1171 0 319 312 5 0 0 0 0 
0 0 195 162 0 1 0 0 0 0 0 0 
0 0 0 0 0 0 0 3 1 0 2841 0 
0 0 0 0 0 252 920 0 60 3742 233 0 
0 0 0 0 2 32 0 0 0 3750 20 0 
0 0 0 0 0 0 0 0 0 0 763 0 
0 0 0 0 0 0 0 0 0 0 0 1689 
13 0 0 899 0 1 0 0 0 1 1924 3 
0 0 0 0 0 0 0 0 0 0 1777 0 
0 0 0 0 0 0 0 0 0 399 0 0 
209 909 399 0 0 48 35 0 0 136 0 55 
0 0 450 0 0 0 0 0 0 0 0 0 
0 0 0 0 0 1032 0 0 0 0 0 0 
0 0 0 0 1519 0 0 0 0 0 0 0 
0 0 0 0 0 2608 1 0 0 0 2 0 
1 3 0 0 2826 0 0 0 0 0 0 0 
0 0 0 0 0 868 0 0 0 0 0 0 
0 0 0 0 0 0 0 0 0 0 782 0 
9 0 65 0 2226 1043 0 0 0 0 0 0 
0 0 0 1 0 1 0 0 44 1847 4048 15 
0 0 0 0 0 0 0 0 0 866 0 0 
0 0 0 0 0 0 0 0 0 0 1415 0 
0 0 0 0 1002 0 0 0 0 0 0 0 
0 0 0 0 0 0 0 0 0 0 1419 0 
0 0 0 0 0 0 0 0 0 0 1706 0 
6 1719 0 4 23 1 181 0 14 0 1664 0 
7 0 0 0 0 0 0 9 264 28 1713 0 
0 0 0 0 0 0 580 0 0 0 0 0 
0 0 0 0 0 0 430 0 0 0 0 0 
0 0 0 0 0 0 0 2 570 0 0 0 
0 0 0 0 0 0 0 671 0 0 0 0 
0 0 0 1 4 3144 0 0 0 0 0 0 
0 4 0 0 679 7225 0 11 0 2 7 1 
0 0 0 0 1075 3 0 0 0 0 0 0 
0 0 0 0 0 0 0 0 0 1836 0 0 
0 0 0 0 0 0 0 0 0 0 547 0 
0 0 0 4 2 250 0 0 0 0 9 0 
0 0 0 0 0 1431 0 0 0 0 0 0 
0 0 0 0 0 3303 0 0 0 0 0 0 
0 5 0 25 0 0 0 861 0 0 0 0 
0 0 0 0 0 0 0 0 0 0 1001 0 
0 109 0 29 2104 0 0 0 0 0 0 46 
20 0 0 0 0 0 0 0 366 0 0 0 
0 0 0 0 0 0 0 0 0 0 2487 0 
6 0 5 0 1227 2236 18 4 13 0 540 2 
0 0 0 0 0 715 0 0 0 0 0 0 
0 348 1 0 0 0 0 0 0 0 0 0 
0 0 0 0 0 0 0 0 0 569 0 0 
1 0 0 0 0 1788 0 0 0 0 0 0 
0 0 22 0 1843 1063 0 0 22 4 0 0 
0 0 0 0 0 0 0 542 0 0 4 0 
10 1 0 0 0 1 0 21 7 523 0 0 
0 0 0 329 0 0 0 0 0 0 0 0 
9 0 0 3 61 3151 0 0 0 0 0 0 
0 0 1 0 778 0 0 7 0 0 0 0 
0 0 0 0 0 0 0 0 0 0 625 0 
0 66 0 1 0 0 48 0 19 0 920 0 
8 2 0 0 2 0 0 590 3 0 0 0 
0 0 0 0 0 0 0 0 0 0 1149 0 
233 0 213 1229 351 0 0 1 0 336 0 0 
0 0 0 0 0 1148 185 299 81 0 13 24 
0 0 0 0 0 1634 0 0 0 0 0 0 
0 0 0 1631 443 0 0 0 0 0 1 0 
0 0 0 0 1288 0 0 0 0 0 0 0 
0 0 0 0 0 786 0 0 0 0 0 0 
0 0 0 1 0 0 0 0 0 1126 0 0 
0 0 0 3 2952 0 0 0 0 0 0 2 
4 0 18 0 129 240 0 0 1 9 0 0 
0 0 0 0 0 0 0 0 0 0 1062 0 
0 94 0 2556 0 0 2 0 15 0 1197 0 
0 0 0 0 0 0 0 0 0 2605 0 0 
0 0 0 0 0 0 0 0 0 1645 0 0 
0 0 0 0 0 1616 0 0 0 0 1 0 
0 0 0 0 0 1511 0 0 0 0 0 0 
9 0 0 621 866 1577 0 0 0 81 0 0 
0 1211 164 0 0 0 1 900 0 0 0 0 
0 0 0 0 1128 0 0 0 0 0 0 0 
0 0 0 0 0 0 0 0 0 0 2073 0 
0 2 435 1 0 30 317 14 0 0 0 210 
0 0 3 12 3 487 0 1 4 0 1047 0 
72 430 4 27 7 95 0 0 8 0 953 0 
0 2 0 0 0 621 0 0 0 0 71 0 
0 0 0 0 1298 0 0 0 0 0 0 0 
0 743 0 36 0 245 439 0 0 82 1 0 
0 0 0 0 0 789 0 0 0 0 0 0 
0 0 0 332 1 0 0 0 0 0 0 0 
0 0 0 0 0 0 0 0 0 966 0 0 
3 0 0 0 0 0 1565 0 0 1 0 0 
0 0 0 0 833 0 0 0 0 0 0 0 
0 0 0 0 501 0 0 0 0 0 0 0 
0 0 0 0 2807 0 0 0 0 0 0 0 
0 0 0 0 0 2 193 276 999 0 0 0 
467 0 1 0 0 0 0 0 0 0 0 9 
1 0 0 0 585 0 0 0 0 0 0 0 
0 0 0 0 2647 0 1 0 0 1 0 0 
1 1054 0 0 14 0 1087 0 0 0 0 34 
0 0 0 0 0 1557 0 0 0 0 0 0 
0 0 0 0 0 654 0 0 0 0 0 0 
0 0 0 0 0 0 0 0 0 0 1372 0 
0 379 4 0 7 0 0 0 0 1 0 3095 
0 0 0 0 0 0 0 0 0 0 1293 0 
0 5 0 0 0 0 486 0 17 0 0 0 
0 18 521 0 0 0 0 0 0 0 0 0 
15 252 0 0 649 0 0 0 0 4 4 0 
0 0 0 0 0 0 0 0 0 0 1049 0 
278 0 10 0 0 395 0 2 0 0 0 0 
0 0 0 0 1139 0 0 0 0 0 0 0 
0 0 0 547 136 0 24 116 1 0 0 8 
0 0 0 0 0 0 0 0 0 2339 0 0 
2387 1 33 0 4 0 0 127 659 0 65 0 
0 0 0 0 0 0 0 600 0 0 0 0 
0 1266 337 0 0 0 0 0 0 1 0 0 
0 0 0 0 0 0 0 0 0 0 329 0 
0 34 93 0 0 0 281 5 0 11 2 0 
0 48 0 562 959 5 112 4 0 0 0 21 
13 0 6 0 0 5061 0 0 0 0 4 3 
0 0 0 0 0 0 0 0 0 186 0 0 
0 0 0 0 0 1925 0 0 0 0 0 0 
0 1 53 0 0 0 0 137 84 51 0 0 
0 0 0 0 0 399 0 0 0 0 0 0 
0 0 0 0 1757 0 0 0 0 0 3 0 
0 0 0 0 1220 0 0 0 0 0 0 0 
0 0 0 0 1624 3 0 0 0 0 0 0 
0 0 0 0 0 0 0 15 0 1037 0 0 
0 676 0 0 0 0 0 0 1 0 0 0 
0 0 0 0 1052 955 11 322 0 0 0 0 
1 0 0 0 1 866 367 2 0 0 0 0 
0 0 0 0 0 0 0 0 0 0 435 0 
0 0 0 0 0 0 0 0 0 0 1586 0 
0 0 0 0 0 0 0 0 0 0 818 0 
0 0 0 0 0 0 0 0 0 0 656 0 
162 203 0 12 0 0 35 14 0 292 0 113 
