13 13 0 0 469 383 1509 0 0 0 0 7 
0 0 0 0 0 0 0 0 0 0 3350 0 
0 0 0 0 85 1606 0 0 0 0 0 112 
66 0 21 39 207 0 0 0 0 0 0 0 
0 0 0 0 0 3062 0 0 0 0 0 0 
0 0 0 0 0 4787 426 0 0 2 1 0 
2 0 0 0 0 3824 0 0 0 0 1 0 
0 0 0 0 0 763 0 0 0 0 0 0 
0 1 0 0 1632 0 0 0 0 0 0 1 
9 0 0 0 1931 846 0 0 0 0 90 7 
0 0 0 0 41 261 78 1469 0 191 233 11 
0 0 0 0 0 0 0 401 0 0 0 0 
0 0 0 0 0 0 0 0 0 0 0 2614 
0 0 0 1 0 0 0 0 0 0 0 446 
0 0 0 0 0 0 0 0 0 0 1035 0 
0 0 0 0 0 0 0 0 1 0 1470 0 
0 0 0 0 0 0 0 0 0 0 2606 0 
0 0 0 0 0 3 0 0 0 0 2663 175 
0 0 0 0 0 0 0 0 0 867 0 2 
47 0 11 54 0 0 0 4 45 280 0 341 
0 0 0 0 0 0 0 0 0 0 3362 0 
0 0 0 1 0 6341 0 0 2 0 0 1 
0 0 0 0 0 865 0 0 0 0 0 1 
0 0 0 0 0 1332 0 0 0 0 0 0 
0 0 8 0 0 975 0 0 18 0 0 1 
0 0 0 0 1419 0 0 0 0 0 0 0 
0 0 8 0 0 0 0 0 1641 0 0 58 
0 0 1 0 1975 1640 0 4 4 0 0 0 
0 25 1919 2 0 9 0 0 0 0 64 0 
580 0 0 0 0 0 0 0 0 0 0 0 
8 0 0 0 420 2 0 0 0 0 0 0 
0 0 0 0 0 0 0 0 0 0 572 0 
0 0 0 0 0 0 0 671 0 0 0 0 
0 0 0 0 0 0 0 0 0 0 3240 0 
0 0 0 0 0 0 1 0 0 1 7814 0 
0 0 0 0 0 0 0 0 0 0 1 1078 
0 72 18 0 11 0 0 15 1540 0 0 183 
0 0 0 0 547 0 0 0 0 0 0 0 
0 0 0 0 0 0 265 0 0 0 0 0 
0 0 0 0 59 787 0 0 0 0 78 507 
0 0 0 0 0 0 0 1 0 0 3303 0 
0 0 0 891 0 0 0 0 0 0 0 0 
0 0 0 0 0 995 0 0 0 0 0 0 
0 134 0 56 0 0 0 0 0 0 0 2092 
0 0 0 0 0 0 0 0 386 0 0 0 
1074 1 0 0 23 0 0 116 0 85 1194 0 
0 0 0 0 0 0 0 0 0 0 4131 0 
0 0 0 0 0 0 0 0 0 0 715 0 
0 0 0 0 0 1 0 344 4 0 0 0 
0 0 0 0 0 569 0 0 0 0 0 0 
0 0 0 0 0 0 0 0 0 1788 0 0 
10 0 131 0 0 2 0 0 4 0 2876 135 
0 0 0 4 0 0 0 0 0 421 119 0 
1 0 1 0 0 0 0 0 0 562 0 0 
0 0 0 0 0 0 0 0 0 0 0 329 
0 0 0 0 5 0 1 1 435 11 17 0 
0 1 0 0 0 3 0 0 0 0 3345 0 
0 0 0 0 0 0 0 0 0 0 769 8 
0 0 0 0 0 620 0 0 0 0 0 0 
0 0 1045 0 1 1 9 0 0 0 0 0 
0 4 0 4 0 0 0 379 214 4 0 0 
0 0 0 0 0 585 0 0 0 0 0 0 
0 0 0 0 0 0 0 0 0 1 2361 23 
0 0 0 0 0 0 0 0 0 1751 0 0 
0 0 0 0 0 0 0 0 0 1 1603 0 
0 59 1529 400 89 1 0 9 0 0 0 0 
0 0 0 0 0 0 0 0 0 0 1245 0 
0 114 2 444 0 4 107 53 62 0 0 0 
0 0 0 11 403 0 0 0 3 16 1 691 
0 0 0 0 0 0 0 0 0 0 2959 0 
0 0 0 0 0 401 0 0 0 0 0 0 
0 0 0 0 0 6 25 4 0 2 951 35 
0 0 0 0 0 3907 4 0 0 0 0 0 
0 1 0 0 0 2535 0 0 1 0 0 0 
0 0 0 0 0 1669 0 0 0 0 0 2 
0 0 0 0 0 0 0 0 0 0 1613 0 
0 0 0 0 0 0 0 0 0 1511 0 0 
0 0 0 0 0 0 0 0 0 0 3110 0 
0 0 0 0 0 0 0 0 0 0 2267 0 
0 0 0 135 922 0 4 0 0 0 0 68 
0 0 0 0 0 2073 0 0 0 0 0 0 
0 0 0 0 0 0 0 0 0 0 1006 0 
0 0 0 0 0 1548 0 0 0 0 0 0 
0 0 212 341 0 0 20 234 606 0 118 73 
0 0 0 0 699 0 0 0 0 0 0 0 
0 0 0 0 1 0 0 0 0 0 1296 0 
0 0 0 0 0 0 0 0 0 0 1561 0 
0 0 0 0 0 0 0 0 0 0 605 0 
0 1 0 0 322 0 0 0 0 0 0 0 
0 0 0 0 0 966 0 0 0 0 0 0 
0 0 0 0 7 0 1563 0 0 0 0 0 
0 0 0 0 0 0 0 0 0 0 850 0 
0 0 0 0 0 0 0 0 0 0 501 0 
0 0 0 1824 983 0 2 0 0 0 0 2 
0 0 0 0 1 194 1248 23 7 0 0 0 
58 0 0 0 0 0 0 2 0 0 0 417 
0 0 0 0 0 0 0 0 0 0 523 0 
0 0 0 0 0 0 0 0 0 1 2445 0 
0 0 0 0 0 2176 0 0 0 0 0 0 
0 0 0 0 0 0 0 0 1 0 1582 0 
1 0 463 0 0 87 101 0 0 0 0 0 
0 0 4 0 0 0 0 22 1 0 1398 0 
0 79 526 651 2300 0 0 0 0 0 0 0 
0 0 2 0 0 3 326 0 0 0 378 0 
0 0 0 0 0 0 21 0 155 325 7 0 
0 0 539 0 0 0 0 0 0 0 0 0 
0 0 0 0 0 933 5 0 0 0 0 0 
0 0 0 0 0 1049 0 0 0 0 0 0 
0 0 0 34 235 0 216 31 63 7 0 31 
0 0 3 0 0 0 0 0 0 0 1135 0 
0 0 0 0 0 0 0 0 0 0 827 0 
0 0 0 0 0 2339 0 1 0 0 0 0 
0 1 26 0 0 0 31 958 2250 0 17 0 
0 0 0 0 0 0 0 0 0 600 0 0 
0 1713 0 0 0 0 0 0 0 0 0 0 
0 0 0 0 0 7 3 0 1 97 183 38 
2 0 0 2 0 424 0 0 0 0 1 0 
0 0 0 0 0 0 0 0 0 0 0 1710 
0 0 0 0 0 1 1 0 0 1 5023 1 
1 0 0 0 0 0 0 0 183 0 2 0 
0 0 0 0 0 1921 0 0 0 0 4 1 
0 0 8 5 10 0 34 2 0 0 0 267 
0 0 0 0 0 0 0 0 0 0 397 0 
0 0 0 0 0 0 0 0 0 0 1745 0 
0 0 0 0 0 0 0 0 0 0 1241 0 
0 0 0 0 0 0 0 0 0 0 1379 0 
0 424 0 90 0 3 0 0 0 33 0 0 
0 0 1 0 0 0 0 1048 0 0 0 0 
81 1 0 0 0 0 0 0 0 0 0 605 
0 0 0 0 0 0 0 0 0 0 2317 0 
2 0 0 53 0 0 0 746 427 6 1 0 
0 0 0 0 1 0 10 0 0 387 37 0 
0 25 64 206 0 0 0 86 116 783 0 318 
1 439 39 232 0 0 37 0 68 0 1 0 
