0 0 0 120 39 1670 0 0 0 0 784 0 
515 377 32 315 122 1656 0 207 124 31 0 0 
1 0 3 1012 0 253 529 1 0 0 0 0 
1 70 182 75 0 0 0 0 0 0 0 0 
0 0 0 0 2 0 0 0 1 0 3004 0 
9 1 0 0 0 223 825 0 0 3787 509 0 
0 0 8 0 0 2 1 2 0 3802 20 0 
0 0 0 0 0 0 0 0 0 0 633 0 
0 0 0 0 0 0 0 0 0 0 0 1634 
3 0 2 1291 1 6 0 0 88 1 1501 4 
0 0 0 0 1 0 0 96 2 14 2886 0 
0 0 0 0 0 0 0 0 0 722 0 0 
0 1085 531 639 0 5 9 0 53 362 0 0 
0 0 447 0 0 0 0 0 0 0 0 0 
0 0 0 0 0 1040 0 0 0 0 0 0 
0 0 0 0 1187 0 1 0 0 0 0 0 
0 0 0 0 0 2594 0 0 0 0 0 0 
0 0 0 0 3591 0 0 0 0 0 0 0 
0 0 0 0 0 904 0 0 0 0 0 0 
0 0 0 0 0 0 0 0 0 0 2381 0 
104 7 0 254 2356 631 0 1317 515 0 1 576 
0 134 0 0 0 3 0 2 69 1725 4702 5 
0 0 0 0 0 0 0 0 0 867 0 0 
1 0 0 0 0 0 0 0 0 1 1269 0 
0 0 0 0 1002 0 0 0 0 0 0 0 
0 0 0 0 0 0 0 0 0 0 1290 0 
0 0 0 0 0 0 0 0 0 0 1713 0 
0 1300 142 0 495 116 173 0 290 0 775 493 
0 0 0 0 1 3 0 0 413 28 1579 2 
22 0 0 0 0 0 576 0 0 0 0 0 
0 0 0 0 0 0 430 0 0 0 0 0 
0 0 0 0 0 0 0 0 572 0 0 0 
180 16 0 0 0 0 0 475 0 0 0 0 
0 0 79 0 0 3712 115 2 12 2 0 0 
0 0 52 0 601 7157 0 0 0 0 0 0 
0 0 0 0 1077 0 0 0 0 0 0 1 
0 0 0 0 0 0 0 0 0 1840 0 0 
0 0 0 0 0 0 0 0 0 0 547 0 
0 0 0 0 0 263 0 0 0 2 0 0 
0 0 0 0 0 1432 0 0 0 0 0 0 
0 0 0 0 1 3079 0 0 0 0 0 0 
0 1 0 20 0 0 0 870 0 0 0 0 
0 0 0 0 0 0 0 0 0 0 461 0 
0 146 0 8 2073 1 0 0 0 0 5 46 
1 0 78 0 0 20 0 0 281 0 6 0 
0 0 0 0 0 0 0 0 0 0 2487 0 
25 12 0 0 95 2738 781 88 146 0 506 49 
0 0 0 0 0 697 0 0 0 0 0 0 
0 349 0 0 0 0 0 0 0 0 0 0 
0 0 0 0 0 0 0 0 0 569 0 0 
0 0 0 0 0 0 0 0 0 0 1156 0 
0 0 0 0 0 1788 0 0 0 0 0 0 
0 0 6 0 3273 749 7 0 10 0 0 0 
9 0 1 4 2 0 0 530 0 0 0 0 
0 0 0 1 34 41 0 0 0 486 1 1 
0 0 0 329 0 0 0 0 0 0 0 0 
0 0 0 0 470 0 0 0 0 0 0 0 
5 0 0 0 26 3388 0 0 1 48 0 0 
65 3 5 0 666 0 0 0 0 0 0 0 
0 0 0 0 0 0 0 0 0 0 600 0 
0 7 0 6 0 107 0 4 2 0 918 5 
0 0 0 1 0 417 131 1297 0 0 0 0 
0 0 0 0 0 0 0 0 0 0 585 0 
168 0 1333 0 116 0 1 0 281 0 496 0 
300 131 0 63 0 922 0 114 0 32 6 437 
0 0 0 0 0 1551 0 0 0 0 0 0 
0 0 0 1874 160 0 0 0 1 0 0 0 
0 0 0 0 1164 0 0 0 0 0 0 0 
0 0 0 0 0 791 0 0 0 0 0 0 
0 0 0 0 0 0 0 0 0 1123 0 0 
0 0 0 0 2742 0 0 1 0 1 0 0 
0 0 2 0 110 288 0 0 0 1 0 0 
0 0 0 0 0 0 0 0 0 0 577 0 
0 0 0 0 0 0 0 0 0 0 1003 0 
0 0 1 980 0 341 183 0 474 657 1289 1 
0 0 0 1 0 0 0 0 1 2495 0 6 
0 1 0 0 0 0 0 0 0 1619 0 0 
0 1 0 0 0 1279 0 0 0 0 0 0 
0 0 0 0 0 1224 0 0 0 0 0 0 
421 3 0 58 0 0 3 41 0 0 0 14 
0 111 0 1007 533 1588 0 0 0 0 2 349 
1 1539 0 0 179 0 9 115 10 392 0 44 
0 0 0 0 1127 0 1 0 0 0 0 0 
0 0 0 0 0 0 0 0 0 0 2073 0 
0 96 183 131 128 0 41 0 3 0 0 432 
0 0 0 0 0 664 0 0 0 0 946 0 
340 0 0 0 9 1 0 0 14 0 1225 6 
0 2 0 1 0 598 0 12 0 2 74 0 
0 0 0 0 1134 0 0 0 0 0 0 0 
0 243 0 0 380 105 0 0 0 522 260 5 
0 0 0 0 0 535 0 0 0 0 0 0 
0 0 0 323 0 0 0 0 0 0 0 0 
0 0 0 0 0 0 0 0 0 966 0 0 
0 0 0 2 0 0 1563 0 0 6 0 0 
0 0 0 0 818 0 0 0 0 0 0 0 
0 0 0 0 768 0 0 0 0 0 0 0 
0 0 0 0 2872 0 0 0 0 0 0 0 
0 0 0 0 0 0 209 264 999 0 0 0 
449 0 1 0 0 0 0 0 0 0 0 9 
0 0 0 0 521 0 0 0 0 0 0 0 
0 0 0 0 1717 0 0 0 0 0 1 0 
19 959 0 0 202 285 611 19 81 0 1 0 
0 0 0 0 0 1376 0 0 0 0 0 0 
0 0 0 0 0 649 0 0 0 0 0 0 
0 0 0 0 0 0 0 0 0 0 1421 0 
0 398 0 67 1 0 0 0 0 0 0 3112 
0 0 0 0 0 0 0 0 0 0 713 0 
2 0 0 0 0 0 489 0 17 0 0 0 
0 2 526 0 0 0 5 0 6 0 0 0 
0 1524 0 0 0 0 0 0 0 0 0 0 
0 0 0 0 0 0 0 0 0 0 1049 0 
0 0 0 0 0 0 2 0 0 147 215 244 
0 0 0 0 751 0 0 0 0 0 0 0 
0 0 29 750 0 0 32 0 0 0 15 0 
0 0 0 0 1 0 0 0 0 2257 0 0 
2561 11 0 2 0 0 1 54 622 0 31 0 
0 0 0 0 0 0 0 598 1 0 0 0 
0 955 403 0 9 0 1 0 0 0 343 0 
0 0 0 0 0 0 0 0 0 0 177 0 
0 0 0 46 118 1 0 204 0 4 2 0 
0 0 0 1139 0 0 1 0 1 570 0 0 
1 0 11 2 13 4781 0 0 0 0 0 0 
0 0 0 0 0 0 0 0 0 186 0 0 
0 0 0 0 0 1926 0 0 0 0 0 0 
10 0 149 3 0 0 0 5 74 0 85 0 
0 0 0 0 0 387 0 0 1 0 0 0 
0 1 0 0 1887 0 0 0 0 0 0 0 
0 0 0 0 1053 0 0 0 0 0 0 0 
0 0 0 0 884 0 0 0 0 0 0 0 
