0 0 0 83 30 1940 2 2 2 0 347 0 
202 355 0 233 101 2222 219 1 0 0 4 0 
0 0 0 1044 0 235 515 0 0 2 0 0 
0 0 199 134 0 0 0 0 0 0 0 0 
0 0 0 0 0 0 0 0 0 0 3049 0 
0 6 35 0 0 216 1197 0 0 3453 323 0 
0 0 0 0 0 19 1 2 0 3774 23 0 
0 0 0 0 0 0 0 0 0 0 763 0 
0 0 0 0 0 0 0 0 0 0 0 1634 
0 0 0 904 0 1 0 122 0 4 1877 2 
0 1 4 0 4 0 0 0 0 0 2271 0 
0 0 0 0 0 0 0 0 0 722 0 0 
0 1946 252 35 0 12 0 2 18 354 2 1 
0 0 447 0 0 0 0 0 0 0 0 0 
0 0 0 0 0 1033 0 0 0 0 0 0 
0 0 2 1 1471 0 0 1 0 0 0 0 
0 0 1 0 0 2590 0 0 0 0 0 0 
0 0 0 0 3690 0 0 0 7 8 1 1 
0 0 0 0 0 901 0 0 0 0 0 0 
0 0 0 0 0 0 0 0 0 0 2381 0 
156 0 0 0 1857 492 0 707 0 0 0 180 
0 0 8 0 0 0 0 0 0 1878 4487 0 
0 0 0 0 0 0 0 0 0 868 0 0 
0 0 0 0 0 3 0 1 0 0 1326 0 
0 0 0 0 1002 0 0 0 0 0 0 0 
0 0 0 0 0 0 0 0 0 0 1290 0 
0 0 0 0 0 0 0 0 0 0 1710 0 
96 821 0 44 608 3 116 0 3 2 1753 333 
0 1 0 0 0 0 0 0 368 67 1585 0 
19 0 0 0 0 0 573 0 0 1 0 0 
0 0 0 0 0 0 430 0 0 0 0 0 
0 0 0 0 0 0 0 0 572 0 0 0 
6 0 0 0 12 0 0 644 0 2 7 0 
7 0 0 7 0 3167 0 0 0 0 0 2 
0 0 31 0 573 7110 0 0 26 21 0 0 
0 0 0 0 1079 0 0 0 0 0 0 0 
0 0 0 0 0 0 0 0 0 1838 0 0 
0 0 0 0 0 0 0 0 0 0 547 0 
0 0 1 0 5 256 0 0 0 3 0 0 
0 0 0 0 0 1431 0 0 0 0 0 0 
0 0 0 0 0 3303 0 0 0 0 0 0 
0 0 0 14 0 1 2 872 2 0 0 0 
0 0 0 0 0 0 0 0 0 0 461 0 
0 108 0 24 2110 0 0 0 1 0 1 43 
0 0 3 0 0 0 0 0 392 0 0 0 
0 0 0 0 0 0 0 0 0 0 2491 0 
10 0 19 0 554 3387 92 24 0 3 124 0 
0 0 0 0 0 716 0 0 0 0 0 0 
0 349 0 0 0 0 0 0 0 0 0 0 
0 0 0 0 0 0 0 0 0 569 0 0 
0 0 0 0 0 0 0 0 0 0 1156 0 
0 0 1 0 0 1782 0 0 0 2 1 2 
2 0 0 0 2829 556 0 8 0 20 1 0 
0 1 1 0 0 0 0 536 0 0 0 6 
8 0 0 19 1 79 0 0 0 457 0 0 
0 0 0 329 0 0 0 0 0 0 0 0 
0 0 0 0 470 0 0 0 0 0 0 0 
0 0 0 0 8 3377 0 0 0 0 0 0 
0 0 0 0 798 0 0 0 0 0 0 6 
0 0 0 0 0 0 0 0 0 0 605 0 
0 0 10 0 0 0 7 0 0 0 1041 0 
0 0 0 0 0 0 0 605 0 0 0 0 
0 0 0 0 0 0 0 0 0 0 585 0 
198 0 603 401 406 8 0 0 0 128 638 0 
328 9 0 0 0 1005 0 406 0 0 0 1 
0 0 0 0 0 1624 0 0 0 0 0 0 
0 1 0 1603 473 1 11 0 0 0 0 0 
0 0 0 0 1248 0 0 0 0 0 0 0 
0 0 0 0 0 786 0 0 0 0 0 0 
0 0 0 0 0 0 0 0 0 1124 0 0 
0 0 0 0 2746 0 0 0 0 0 0 0 
0 0 0 0 242 159 0 0 0 0 0 0 
0 0 0 0 0 0 0 0 0 0 1009 0 
0 0 0 1386 130 39 251 0 359 0 1758 8 
1 0 0 0 0 0 0 0 0 2552 0 0 
0 0 0 0 0 0 0 0 0 1621 0 0 
0 0 0 0 0 1481 0 0 0 0 1 1 
0 0 0 0 0 1481 0 0 0 0 0 0 
198 0 0 0 0 11 0 245 0 0 66 19 
8 0 0 1329 860 486 0 8 0 1 1 427 
0 1861 142 0 0 0 0 126 79 0 0 69 
0 0 0 0 1129 0 0 0 0 0 0 0 
0 0 0 0 0 0 0 0 0 0 2073 0 
4 0 111 0 123 0 0 0 3 0 93 668 
169 15 10 0 0 446 0 0 0 0 909 0 
0 42 0 0 12 138 1 0 2 0 1407 0 
0 0 10 0 0 553 6 0 0 0 108 0 
0 0 0 0 1297 0 0 0 0 0 0 0 
0 600 55 23 0 533 0 8 0 240 91 0 
0 0 0 0 0 605 0 0 0 0 0 0 
0 0 0 323 0 0 0 0 0 0 0 0 
0 0 0 0 0 0 0 0 0 966 0 0 
0 0 0 2 0 4 1554 0 0 10 0 0 
0 0 0 0 841 0 0 0 0 0 0 0 
0 0 0 0 501 0 0 0 0 0 0 0 
0 0 0 0 2803 0 0 0 0 0 0 0 
0 0 0 0 0 0 172 236 1062 0 0 2 
455 0 1 0 0 0 0 0 0 0 0 8 
0 0 0 0 522 0 0 0 0 0 0 0 
0 0 0 0 1776 0 0 0 0 0 0 0 
0 1187 0 0 0 85 898 0 0 0 0 0 
0 3 0 0 0 1581 0 0 0 0 0 0 
0 0 0 0 0 648 0 0 0 0 0 0 
0 0 0 0 0 0 0 0 0 0 1424 0 
0 429 0 53 14 0 0 3 5 0 9 3044 
0 0 0 0 0 0 0 0 0 0 709 0 
0 0 0 0 0 0 486 0 22 0 0 0 
0 0 526 3 0 0 0 0 8 0 0 2 
3 851 0 0 0 0 0 0 5 1 85 2 
0 0 0 0 0 0 0 0 0 0 1049 0 
0 0 0 0 0 225 0 3 1 55 5 323 
0 0 0 0 1139 1 0 0 0 0 0 0 
0 122 0 677 0 0 0 7 0 22 1 0 
0 0 0 0 1 0 0 0 0 2334 0 0 
2399 1 0 0 0 0 0 146 681 2 42 0 
0 0 0 0 1 0 0 597 0 0 0 2 
0 962 364 0 0 0 0 0 1 0 384 0 
0 0 0 0 0 0 0 0 0 0 329 0 
0 0 0 21 302 4 0 0 7 98 0 0 
0 0 0 1429 0 0 8 0 20 190 64 0 
0 0 0 0 0 5116 0 0 0 0 6 1 
0 0 0 0 0 0 0 0 0 187 0 0 
0 0 0 0 0 1920 0 0 0 0 0 0 
0 0 60 0 2 0 0 0 0 0 264 0 
0 0 0 0 0 388 0 0 0 0 0 1 
0 0 0 0 1684 0 0 0 0 0 0 0 
0 0 0 0 1056 0 0 0 0 0 0 0 
0 0 0 0 884 0 0 0 0 0 0 0 
6 0 0 0 0 0 0 0 0 0 202 2 
0 0 233 0 4 0 0 267 0 179 45 0 
0 675 4 0 0 0 0 0 0 0 0 0 
0 9 5 133 1724 280 0 145 0 0 19 0 
21 0 8 0 0 779 253 147 18 6 0 0 
0 0 0 0 0 0 0 0 0 0 433 0 
0 0 0 268 141 33 4 0 7 0 0 41 
