0 0 0 73 28 1797 0 1 0 0 414 0 
0 0 0 58 0 2699 0 0 12 2 0 566 
0 0 0 797 0 244 239 0 0 0 0 2 
0 0 205 153 0 0 0 0 0 0 0 0 
0 2 0 0 0 0 0 0 0 0 3304 0 
20 0 13 0 0 216 1203 0 0 3572 176 0 
0 0 0 0 0 0 0 0 0 3119 0 0 
0 0 1 0 0 0 0 0 0 0 985 0 
0 0 0 0 0 0 0 0 0 0 0 1725 
5 0 0 1017 0 0 0 4 2 0 1839 0 
0 0 0 0 0 0 0 0 0 0 2131 0 
0 0 0 1 0 0 0 0 0 398 0 0 
198 1119 357 126 0 0 1 0 0 0 5 0 
0 0 452 0 0 0 0 0 0 0 0 0 
0 0 0 0 0 1059 0 0 0 0 0 0 
0 0 0 0 1515 0 0 0 0 0 0 0 
0 0 0 0 0 2566 0 0 0 0 0 0 
0 0 0 0 2707 0 0 0 1 0 0 0 
0 0 0 0 0 902 0 0 0 0 0 0 
0 0 0 0 0 0 0 0 0 0 782 0 
0 0 1995 0 1114 176 0 0 0 1 48 0 
1 0 0 0 0 0 4 0 0 1079 4179 0 
0 0 0 0 0 0 0 0 0 870 0 0 
0 0 0 0 0 0 0 0 0 0 1409 0 
0 0 0 0 1002 0 0 0 0 0 0 0 
0 0 0 0 0 0 0 0 0 0 1419 0 
0 0 0 0 0 0 0 0 0 0 1704 0 
0 890 0 2 11 0 57 1 0 0 2639 0 
4 0 0 0 0 0 2 1 316 48 1638 0 
0 0 0 0 0 0 578 0 0 0 2 0 
0 0 0 0 0 0 430 0 0 0 0 0 
0 0 0 0 0 0 0 0 572 0 0 0 
0 0 0 0 3 0 0 651 5 11 1 0 
0 0 0 0 0 2671 0 0 0 0 7 0 
34 0 0 0 1301 6488 0 0 0 0 0 0 
0 9 168 0 44 0 6 170 0 6 0 0 
0 0 0 0 0 0 0 0 0 1836 0 0 
0 0 0 0 0 0 0 0 0 0 547 0 
0 1 0 0 0 263 0 1 0 0 0 0 
0 0 0 0 0 1432 0 0 0 0 0 0 
0 0 0 0 0 969 0 0 1 0 0 0 
6 1 0 34 0 0 0 849 0 0 1 0 
0 0 0 0 0 0 0 0 0 1 1000 0 
1 176 0 8 2048 0 0 0 0 1 0 50 
1 0 0 15 0 0 0 0 369 0 1 0 
0 0 0 0 0 0 0 0 0 0 1597 0 
0 2 0 0 2322 1294 9 0 14 0 675 0 
0 0 0 0 0 715 0 0 0 0 0 0 
0 348 0 0 0 0 0 0 0 0 0 0 
0 0 0 0 0 0 0 0 0 569 0 0 
2 0 0 0 0 1786 0 0 0 0 2 0 
8 0 1 92 1521 1026 55 85 67 0 14 0 
0 0 0 0 0 0 0 543 1 0 0 0 
0 0 2 4 0 20 7 31 0 499 0 0 
0 0 0 329 0 0 0 0 0 0 0 0 
0 0 10 0 10 3187 0 0 0 0 0 0 
0 0 1 33 746 0 0 0 2 0 1 0 
0 0 0 0 0 0 0 0 0 0 621 0 
0 0 0 0 9 0 0 15 0 0 906 138 
0 0 0 0 0 6 0 600 0 0 0 0 
0 0 0 0 0 0 0 0 0 0 1149 0 
0 0 1 1634 714 12 0 0 0 6 1 2 
0 1 0 0 144 1257 167 77 0 0 98 6 
0 0 0 0 0 1627 3 0 0 0 0 0 
6 0 0 1535 533 0 0 0 0 0 0 0 
0 0 0 0 1287 2 0 0 0 0 0 0 
0 0 0 0 0 788 0 0 0 0 0 0 
0 0 0 0 0 0 0 0 0 1131 0 0 
0 0 0 0 2837 0 0 0 0 0 0 0 
0 0 0 0 121 276 2 0 0 0 2 0 
0 0 0 0 0 0 0 0 0 0 1045 0 
0 0 0 319 0 0 0 37 47 290 3136 0 
0 0 0 0 0 0 0 0 0 1649 0 0 
0 0 0 0 0 1674 0 0 0 0 0 0 
0 0 0 1 0 1480 0 0 0 0 0 0 
0 0 0 447 1044 499 0 0 64 1105 1 4 
0 1131 91 0 0 0 0 1009 21 22 0 0 
0 0 0 0 1128 0 0 0 0 0 0 0 
0 0 0 0 0 0 0 0 0 0 2073 0 
0 0 0 0 0 43 203 0 698 0 67 0 
43 5 338 0 0 820 0 2 0 0 280 92 
0 0 0 0 0 50 19 0 0 0 1485 44 
0 0 0 0 0 606 0 1 1 9 89 0 
0 0 0 0 1297 0 0 0 0 0 0 0 
0 70 0 0 468 495 43 0 410 0 0 3 
0 0 0 0 0 769 0 0 0 0 0 0 
0 0 0 323 0 0 0 0 0 0 0 0 
0 0 0 0 0 0 0 0 0 966 0 0 
0 0 0 1 0 2 1556 0 0 6 5 0 
0 0 0 0 843 0 0 0 0 0 0 0 
0 0 0 0 501 0 0 0 0 0 0 0 
0 0 0 0 2832 0 0 0 0 0 0 0 
0 2 0 0 0 0 147 235 1078 0 0 0 
466 0 1 0 1 0 0 0 0 0 0 9 
0 0 0 0 587 0 0 0 0 0 0 0 
0 0 0 1 2681 0 0 0 0 0 0 0 
0 973 0 37 0 490 677 0 5 6 4 0 
0 0 0 0 0 1661 0 0 0 0 0 0 
0 0 0 0 0 653 0 0 0 0 0 0 
0 1 0 0 0 0 0 0 0 0 1020 0 
0 374 0 4 4 0 0 0 0 0 0 3068 
0 0 0 0 0 0 0 0 0 0 1295 0 
0 0 1 0 0 2 482 0 23 0 0 0 
31 0 419 34 0 0 22 1 0 0 0 32 
1 1 0 0 151 0 1 15 0 0 774 0 
0 0 0 0 0 0 0 0 0 0 1049 0 
239 0 0 0 2 53 0 117 0 254 0 19 
0 0 0 0 1129 0 0 0 0 0 0 0 
1 0 0 827 0 5 0 0 0 0 2 0 
0 0 0 0 0 0 0 0 0 2345 0 0 
2298 24 0 0 0 28 0 78 842 0 8 0 
0 0 0 0 0 0 5 595 0 0 0 0 
0 1218 387 0 0 0 0 0 0 0 0 0 
0 0 0 0 0 0 0 0 0 0 329 0 
2 59 0 369 0 0 0 0 1 0 0 0 
0 0 0 0 2386 0 0 0 0 0 0 0 
0 0 0 89 0 1432 0 3 0 361 2 0 
0 0 0 0 0 0 0 0 0 186 0 0 
0 0 0 0 0 1909 0 0 0 0 0 0 
12 0 28 98 65 0 16 0 36 49 2 20 
0 0 0 0 0 390 0 0 0 0 0 0 
0 0 0 0 1810 0 2 0 0 0 0 0 
0 0 0 0 1217 0 0 0 0 0 0 0 
0 0 0 0 1623 2 0 0 1 0 0 0 
0 0 0 2 0 0 0 20 1 1028 0 0 
0 657 0 0 2 0 0 2 0 0 0 0 
0 1 0 0 678 1088 0 572 0 0 0 0 
0 0 0 0 0 1017 198 0 0 0 22 0 
0 0 0 0 0 0 0 0 0 0 439 0 
0 0 0 0 0 0 0 0 0 0 1576 0 
0 0 0 0 0 0 0 0 0 0 818 0 
0 0 0 0 0 0 0 0 0 0 655 0 
0 0 0 410 293 0 95 0 0 25 13 0 
0 0 97 0 0 235 14 0 0 2715 216 0 
0 0 2 4 0 3717 0 0 0 0 0 0 
0 0 0 0 0 2333 0 0 0 0 0 0 
0 0 0 0 0 0 0 0 0 0 897 0 
0 0 10 457 0 36 10 0 0 0 0 18 
