0 2 20 0 431 434 1415 0 0 12 0 0 
0 0 0 0 0 0 0 0 0 0 3328 0 
0 0 0 0 68 1620 0 0 0 0 0 119 
68 0 19 44 227 0 0 0 0 0 0 0 
0 1 0 0 0 3294 0 0 0 0 0 0 
0 0 2 0 0 4809 376 0 0 5 0 0 
0 0 0 0 0 3113 0 0 0 0 0 0 
0 0 0 0 0 978 0 0 0 1 0 0 
0 3 0 0 1726 0 0 0 0 0 0 0 
12 1 0 0 2149 641 0 0 0 0 67 0 
0 0 0 0 0 210 27 108 20 11 1468 0 
0 0 0 0 0 0 0 399 0 0 0 0 
0 0 0 0 1 0 0 0 0 0 0 1807 
0 0 0 0 0 0 0 0 0 0 0 450 
0 0 0 0 0 0 0 0 0 0 1056 0 
0 0 0 0 0 0 0 0 0 2 1506 0 
0 0 0 0 0 0 0 0 0 0 2584 0 
0 0 0 0 6 0 4 0 0 0 2542 220 
0 0 0 0 0 0 0 0 0 872 0 0 
12 0 470 239 0 0 0 2 0 0 0 58 
0 0 0 0 0 0 0 0 0 0 3355 1 
0 0 0 0 1 5271 0 0 0 0 0 2 
0 0 0 0 0 870 0 0 0 0 0 0 
0 0 0 0 0 1412 0 0 0 0 0 0 
0 35 44 0 0 918 0 0 5 0 0 0 
0 0 0 0 1419 0 0 0 0 0 0 0 
0 0 0 5 0 1 0 2 1696 0 0 0 
0 0 0 0 1985 1625 0 0 0 0 0 0 
5 11 1894 0 0 15 1 0 0 0 87 15 
580 0 0 0 0 0 0 0 0 0 0 0 
0 0 0 0 198 69 0 0 53 0 0 110 
0 0 0 0 0 0 0 0 0 0 572 0 
0 0 0 0 0 0 0 671 0 0 0 0 
0 0 0 0 0 0 0 0 0 1 2646 0 
0 0 5 8 2 0 0 33 0 0 7767 0 
0 0 0 0 0 0 0 0 0 0 1 402 
0 1039 2 1 0 0 350 0 428 0 0 16 
0 0 0 0 547 0 0 0 0 0 0 0 
0 0 0 0 0 0 265 0 0 0 0 0 
0 0 18 0 0 478 456 1 15 3 167 292 
0 0 0 0 0 0 0 0 0 0 970 0 
3 0 0 892 0 0 0 0 0 0 0 0 
0 0 0 0 0 995 0 0 0 0 0 0 
0 130 0 31 0 0 0 0 0 0 1 2121 
0 0 0 0 0 0 0 0 386 0 0 0 
410 1 1 0 0 324 85 217 0 0 553 6 
0 0 0 0 0 0 0 0 0 0 4255 0 
0 0 0 0 0 0 0 0 0 0 715 0 
0 0 0 0 0 0 0 347 0 1 0 0 
0 0 0 0 0 569 0 0 0 0 0 0 
0 0 0 0 0 0 0 0 0 1789 0 0 
0 0 0 0 4 0 0 1 0 0 2834 0 
0 0 0 0 1 0 0 1 0 442 100 0 
0 0 0 0 0 0 0 0 0 563 0 0 
0 0 0 0 0 0 0 0 0 0 0 329 
0 0 0 0 0 8 0 0 0 0 3206 3 
3 0 1 1 0 0 0 0 0 0 776 1 
0 0 0 0 0 623 0 0 0 0 0 0 
0 0 1034 0 0 3 0 0 16 0 0 0 
0 12 0 0 0 2 0 474 104 0 14 0 
0 0 0 0 0 1149 0 0 0 0 0 0 
0 0 0 0 0 0 0 0 0 0 2358 2 
0 0 0 0 0 0 0 0 0 1749 0 0 
0 0 0 0 0 0 0 0 0 0 1632 0 
0 34 1594 309 131 0 4 0 0 0 0 0 
0 0 1 0 0 0 0 0 0 0 1285 0 
172 0 1 398 28 2 9 0 0 0 0 176 
0 28 4 0 831 257 0 0 12 0 1 1 
0 0 0 0 0 0 0 0 1 0 2859 0 
0 0 0 0 0 401 0 0 0 0 0 0 
0 3 0 20 20 0 0 0 1 0 996 1 
0 0 0 0 0 3844 0 0 0 0 0 0 
0 0 0 3 0 1647 0 0 0 0 0 0 
0 0 0 0 0 0 0 0 0 0 1671 0 
0 0 0 0 0 0 0 0 0 1511 0 0 
0 0 0 0 0 0 0 0 0 0 3184 0 
0 0 0 0 0 0 0 0 0 0 2274 0 
72 0 0 17 1009 0 0 6 0 0 18 6 
0 0 0 0 0 2073 0 0 0 0 0 0 
0 0 0 0 0 0 0 0 0 0 1011 0 
0 0 0 0 0 1566 0 0 0 0 2 0 
0 0 27 191 0 65 55 808 61 2 385 0 
0 0 0 0 700 0 0 0 0 0 0 0 
1 0 0 0 1 0 0 0 0 0 1295 0 
0 0 0 0 0 0 0 0 0 0 1504 0 
0 0 0 0 0 0 0 0 0 0 783 0 
3 0 0 0 320 0 0 0 0 0 0 0 
0 0 0 0 0 966 0 0 0 0 0 0 
0 4 0 1 0 53 1512 0 0 0 0 0 
0 0 0 0 0 0 0 0 0 0 851 0 
0 0 0 0 0 0 0 0 0 0 501 0 
0 0 0 1839 990 0 3 1 0 0 0 0 
0 0 1 1 0 167 1276 23 4 0 0 0 
56 0 0 0 0 0 0 0 0 0 0 421 
0 0 0 0 0 0 0 0 0 0 585 0 
0 0 0 0 0 0 0 0 0 1 2691 0 
0 0 0 0 0 2198 0 0 0 0 0 0 
0 0 0 0 0 2 0 0 1 0 1638 0 
40 32 0 0 0 45 0 0 531 0 1 6 
0 1 0 28 0 17 11 0 0 0 1232 0 
0 53 516 571 2306 0 0 0 0 0 0 0 
0 0 0 0 67 0 581 0 9 0 641 0 
0 0 0 0 0 0 17 0 179 312 0 0 
0 10 525 0 0 0 0 0 4 0 0 0 
0 0 0 0 0 939 0 0 0 0 0 0 
0 0 0 0 0 1049 0 0 0 0 0 0 
12 0 0 0 3 142 0 10 106 0 0 414 
0 0 0 0 0 0 0 0 0 1 1128 0 
0 0 0 0 0 0 0 0 0 0 837 0 
0 0 0 0 0 2339 0 3 0 0 0 0 
0 41 51 3 2 0 13 807 2351 0 8 0 
0 1 0 0 0 0 1 0 0 595 3 0 
0 1605 0 0 0 0 0 0 0 0 0 0 
101 0 77 2 0 0 135 0 14 0 0 0 
0 0 0 1 0 424 0 2 0 0 3 0 
0 0 0 0 0 0 0 0 0 0 0 2386 
0 0 0 0 0 0 0 0 0 0 1875 0 
0 0 0 1 0 0 0 0 185 0 0 0 
18 0 0 0 0 1892 0 0 0 0 0 5 
17 0 6 0 0 0 270 19 12 2 0 0 
0 0 0 0 0 0 0 0 0 0 392 0 
0 0 0 0 0 0 0 0 0 0 1816 0 
0 0 0 0 0 0 0 0 0 0 1217 0 
0 0 0 0 0 0 0 0 0 0 1626 0 
2 0 0 2 0 0 0 1047 0 0 0 0 
69 1 0 0 0 0 0 0 0 0 0 591 
0 0 0 0 0 0 0 0 0 0 2347 0 
0 0 2 0 0 0 0 1226 9 1 0 0 
12 0 0 0 0 0 0 0 0 270 156 0 
2 0 2 0 99 6 0 0 0 1395 0 73 
0 0 0 809 0 1 0 4 1 2 1 0 
18 533 0 99 0 0 0 3 0 0 2 0 
0 0 0 0 0 0 0 0 0 0 0 836 
1 0 0 0 0 3288 0 0 0 0 1 0 
0 0 0 0 0 0 0 0 0 2 3697 0 
0 0 0 0 0 0 0 0 2 0 2331 0 
447 0 0 3 0 88 123 2 3 0 240 0 
