0 0 0 0 552 375 1396 0 0 1 0 4 
0 0 0 0 0 0 0 0 0 0 3329 0 
0 0 0 0 78 1630 0 1 0 0 0 101 
64 0 23 45 223 0 0 0 0 0 0 0 
0 0 0 0 0 2853 0 0 0 0 0 0 
0 0 0 1 0 4743 430 0 0 7 0 0 
0 0 0 0 0 3784 0 0 0 0 2 0 
0 0 0 0 0 763 0 0 0 0 0 0 
0 0 0 0 1689 0 0 0 0 0 0 0 
0 0 0 0 1822 922 1 0 0 0 101 0 
5 5 0 0 28 88 144 93 0 16 1405 0 
0 0 0 0 0 0 0 399 0 0 0 0 
0 0 0 0 0 0 0 0 0 0 0 1780 
0 0 0 0 1 0 0 0 0 0 0 453 
0 0 0 0 0 0 0 0 0 0 1036 0 
0 0 0 0 0 0 0 0 0 0 1515 0 
0 0 0 0 0 0 0 0 0 0 2611 0 
0 0 0 1 2 0 0 0 0 0 2590 215 
0 0 1 0 0 0 0 0 0 896 0 1 
2 0 65 0 71 0 0 0 0 624 0 20 
0 0 0 0 0 0 0 0 0 0 3352 0 
0 0 0 0 0 5942 0 0 0 0 0 0 
0 4 0 0 0 859 0 0 0 2 0 0 
0 0 0 0 0 1416 0 0 0 0 0 0 
0 26 0 0 0 951 0 0 2 0 0 23 
0 0 0 0 1418 0 0 0 0 0 0 0 
0 6 0 0 0 10 1 0 1667 22 0 0 
0 0 0 0 2004 1615 0 0 0 0 0 0 
0 43 1884 0 0 10 0 1 0 0 84 0 
580 0 0 0 0 0 0 0 0 0 0 0 
0 0 0 63 0 2 0 182 0 183 0 0 
0 0 0 0 0 0 0 0 0 0 572 0 
0 0 0 0 0 0 0 671 0 0 0 0 
0 0 0 0 0 0 0 0 0 0 3127 0 
0 0 0 0 0 0 0 0 0 0 7865 0 
0 0 0 0 0 0 0 0 0 0 1 1077 
0 1217 0 0 0 0 24 3 226 7 37 322 
0 0 0 0 547 0 0 0 0 0 0 0 
0 0 0 0 0 0 265 0 0 0 0 0 
0 0 0 98 0 1318 0 9 1 0 4 1 
0 0 0 0 0 0 0 0 0 0 3303 0 
0 0 0 891 0 0 0 0 0 0 0 0 
0 0 0 0 0 1001 0 0 0 0 0 0 
0 144 0 57 0 0 1 0 0 0 1 2086 
0 0 0 0 0 0 0 0 386 0 0 0 
838 10 7 6 0 45 20 292 1 249 981 37 
0 0 0 0 0 0 0 0 0 0 4062 0 
0 0 0 0 0 0 0 0 0 0 715 0 
0 0 0 0 0 0 0 350 0 0 0 0 
0 0 0 0 0 569 0 0 0 0 0 0 
0 0 0 0 0 0 0 0 0 1789 0 0 
0 1 363 0 0 0 3 0 3 0 2537 74 
0 1 6 0 0 1 0 0 0 416 122 0 
0 0 0 0 0 0 0 0 0 563 0 0 
0 0 0 0 0 0 0 0 0 0 0 329 
0 0 1 0 0 0 0 145 164 0 160 0 
0 0 0 0 0 4 0 0 0 0 3230 0 
0 0 2 0 0 0 0 0 0 0 790 0 
0 0 0 0 0 625 0 0 0 0 0 0 
4 0 1034 0 0 0 0 0 4 0 0 8 
0 0 28 22 0 0 0 458 97 0 0 0 
0 0 0 0 0 1149 0 0 0 0 0 0 
0 7 0 4 4 5 0 8 0 0 2329 6 
0 0 0 0 0 0 0 0 0 1750 0 0 
0 0 0 0 0 0 0 0 0 0 1638 0 
0 35 1501 450 90 0 0 0 0 0 0 0 
0 0 1 0 0 0 0 0 0 0 1285 0 
115 0 7 455 1 0 29 0 161 0 0 18 
0 0 0 287 311 0 0 1 0 0 0 527 
0 0 0 0 0 0 0 0 0 0 2956 0 
0 0 0 0 0 400 0 0 0 0 0 0 
0 0 10 0 3 0 21 0 0 2 1026 0 
59 3 0 0 0 3778 35 0 1 0 0 9 
0 0 0 0 0 2640 0 0 0 0 0 0 
0 0 0 0 0 1647 0 0 0 0 0 0 
0 0 0 1 0 0 0 0 0 0 1616 0 
0 0 0 0 0 0 0 0 0 1481 0 0 
0 0 0 0 0 0 0 0 0 0 3155 0 
0 0 0 0 0 0 0 0 0 0 2278 0 
0 0 0 1 989 0 0 0 0 0 0 139 
0 0 0 0 0 2073 0 0 0 0 0 0 
0 0 0 0 0 0 0 0 0 0 1009 0 
0 0 0 0 0 1529 0 0 0 0 0 0 
0 16 422 606 0 0 0 517 10 1 25 0 
0 0 0 0 686 0 0 0 0 0 0 0 
0 0 0 0 0 0 0 0 0 0 1298 0 
0 0 0 0 0 0 0 0 0 0 1551 0 
0 0 0 0 0 0 0 0 0 0 801 0 
0 0 2 0 330 0 0 0 0 0 0 0 
0 0 0 0 0 966 0 0 0 0 0 0 
0 0 0 0 0 26 1543 0 0 0 0 0 
0 0 0 0 0 0 0 0 0 0 835 0 
0 0 0 0 0 0 0 0 0 0 501 0 
0 4 0 1670 1129 0 0 1 1 0 0 0 
0 0 1 0 0 172 1257 26 10 0 0 0 
67 0 0 0 0 0 0 0 0 0 1 409 
0 0 0 0 0 0 0 0 0 0 527 0 
0 0 0 0 0 2 0 0 0 0 2462 0 
0 0 0 0 0 2185 0 0 0 0 0 0 
0 0 5 0 0 0 0 0 0 0 1554 0 
0 160 23 0 0 366 0 0 0 3 102 0 
4 0 49 0 0 0 0 0 0 0 1317 0 
0 64 614 573 2230 0 2 4 0 0 0 0 
0 0 0 0 2 1 0 0 0 1 1290 0 
0 0 0 0 0 0 18 0 154 336 0 0 
0 0 539 0 0 0 0 0 0 0 0 0 
0 0 0 0 6 922 0 0 0 0 0 0 
0 0 0 0 0 1049 0 0 0 0 0 0 
5 0 0 0 462 0 0 0 0 0 0 218 
0 0 1 0 0 0 0 0 0 0 1137 0 
0 0 0 0 0 0 0 0 0 0 839 0 
0 0 0 0 0 2345 0 1 0 0 0 0 
0 5 23 4 0 0 4 882 2336 0 19 4 
0 0 0 0 0 0 0 0 0 600 0 0 
0 1605 0 0 0 0 0 0 0 0 0 0 
0 0 0 0 22 0 0 0 0 0 307 0 
0 0 0 3 0 406 23 0 0 0 0 0 
0 0 0 0 0 0 0 0 0 0 0 1711 
0 0 0 0 0 0 0 1 0 1 5112 0 
0 0 0 0 0 0 0 0 182 0 4 0 
30 0 0 16 0 1879 0 0 0 4 0 0 
0 7 0 9 0 100 78 0 0 27 0 105 
0 0 0 0 0 0 0 0 0 0 399 0 
0 0 0 0 0 0 0 0 0 0 1746 0 
0 0 0 0 0 0 0 0 0 0 1242 0 
0 0 0 0 0 0 0 0 0 0 1378 0 
0 0 0 0 0 0 0 1052 0 0 0 0 
57 1 0 0 0 0 0 0 0 0 0 621 
1 0 0 0 0 0 0 0 0 0 2355 0 
0 0 119 1 51 0 0 1067 0 0 0 0 
1 0 0 4 2 0 0 0 0 267 162 0 
1 0 0 279 0 0 0 3 0 1024 274 5 
2 15 7 618 30 0 0 0 1 19 126 0 
0 635 21 0 0 0 0 0 0 0 0 0 
0 0 0 0 0 0 0 0 0 0 0 832 
