0 0 0 85 32 1802 1 2 6 0 400 0 
1 0 60 261 0 2700 88 0 66 0 0 149 
1 2 0 1033 0 227 523 0 9 1 0 0 
0 0 188 166 0 0 0 0 0 0 0 0 
0 0 0 0 0 0 0 0 0 0 3249 0 
0 0 61 0 21 199 1512 0 2 3246 157 0 
0 0 0 0 0 0 0 0 0 3116 0 0 
0 0 0 0 0 0 0 0 0 0 966 0 
0 0 0 0 0 0 0 0 0 0 0 1731 
1 0 0 868 1 0 19 0 0 50 1930 0 
0 1 1 2 1 0 0 0 0 0 1775 0 
0 0 0 0 0 0 0 0 0 399 0 0 
343 923 488 0 0 0 0 0 0 0 38 0 
0 0 453 0 0 0 0 0 0 0 0 0 
0 0 0 0 0 1059 0 0 0 0 0 0 
0 0 0 0 1508 1 0 0 0 0 0 0 
0 0 0 0 0 2586 0 2 0 0 0 0 
0 0 0 0 2723 0 0 0 1 0 1 0 
0 0 1 0 0 872 0 0 0 0 0 0 
0 0 0 0 0 0 0 0 0 0 782 0 
0 11 1045 0 1885 128 52 0 27 0 213 8 
0 0 0 0 0 0 0 0 0 1427 3951 0 
0 0 0 0 0 0 0 0 0 865 0 0 
0 0 0 0 0 0 0 1 0 0 1408 0 
0 0 0 0 1003 0 0 0 0 0 0 0 
0 0 0 0 0 0 0 0 0 0 1419 0 
0 0 0 0 0 0 0 0 0 0 1706 0 
0 1013 0 0 0 1 0 0 0 0 2599 0 
1 0 0 0 0 0 0 2 379 57 1584 0 
0 0 0 0 0 0 580 0 0 0 0 0 
0 0 0 0 0 0 431 0 0 0 0 0 
0 0 0 0 0 0 0 0 572 0 0 0 
0 96 0 4 0 2 0 568 1 0 0 0 
0 2 0 2 8 2642 0 4 0 0 0 0 
0 0 0 0 1180 6638 0 0 1 0 6 0 
0 0 0 0 155 213 0 35 0 0 0 0 
0 0 0 0 0 0 0 0 0 1836 0 0 
0 0 0 0 0 0 0 0 0 0 547 0 
0 0 0 0 0 257 0 0 0 7 0 1 
0 0 0 0 0 1431 0 0 0 0 0 0 
1 0 0 0 1 967 0 0 0 1 0 0 
0 1 0 23 0 0 0 867 0 0 0 0 
0 0 0 0 0 0 0 1 0 0 1000 0 
0 148 0 8 2083 0 0 0 0 0 0 49 
0 3 81 0 0 0 0 0 302 0 0 0 
0 0 0 0 0 0 0 0 0 0 2487 0 
0 0 0 3 2072 1246 0 0 0 2 931 0 
0 0 0 0 0 715 0 0 0 0 0 0 
0 348 0 0 0 0 0 0 0 0 0 0 
0 0 0 0 0 0 0 0 0 569 0 0 
0 3 0 0 0 1786 0 0 0 0 0 0 
0 0 0 2 1676 1094 96 0 0 0 0 0 
0 2 0 0 0 0 0 540 0 1 0 0 
0 0 0 0 0 121 1 0 0 440 1 0 
0 0 0 329 0 0 0 0 0 0 0 0 
4 0 2 0 36 3017 0 0 27 0 54 0 
14 0 52 0 707 0 0 0 0 11 0 0 
1 0 0 0 0 0 0 0 0 0 627 0 
20 0 0 21 1 0 1 0 39 136 822 13 
0 0 0 0 0 0 3 603 0 0 0 0 
0 0 0 0 1 0 0 0 0 0 1148 0 
0 181 0 1623 469 0 0 8 0 35 3 41 
28 0 0 12 2 1444 229 34 0 0 0 0 
0 0 0 0 1 1616 0 1 0 0 0 0 
0 0 0 1544 537 0 0 0 0 0 0 0 
0 0 0 0 1286 0 0 0 0 0 0 0 
0 0 0 0 0 787 0 0 0 0 0 0 
0 0 0 0 0 0 0 0 0 1126 0 0 
0 0 1 0 2872 0 0 0 0 0 0 0 
0 0 0 0 169 228 0 0 0 0 4 0 
0 0 0 0 0 0 0 0 0 0 1040 0 
0 0 0 1117 0 0 1 3 28 429 2084 177 
0 0 0 0 0 0 0 1 0 1649 0 0 
0 0 0 0 0 1715 0 0 0 0 0 0 
0 0 0 0 0 1511 0 0 0 0 0 0 
5 0 0 576 766 794 0 8 0 1014 24 0 
7 1375 341 0 0 0 58 502 0 0 0 0 
0 0 0 0 1128 0 0 0 0 0 0 0 
0 0 0 0 0 0 0 0 0 0 2073 0 
0 1 0 0 0 0 393 0 394 10 214 0 
0 0 99 0 2 1099 0 0 32 0 296 11 
1 199 0 1 1 223 0 0 45 0 1104 21 
0 0 0 0 0 553 0 0 72 1 70 7 
0 0 0 0 1297 0 0 0 0 0 0 0 
0 353 0 0 230 570 134 0 209 0 0 1 
0 0 0 0 0 810 0 0 0 0 0 0 
0 0 0 323 0 0 0 0 0 0 0 0 
0 0 0 0 0 0 0 0 0 966 0 0 
0 0 0 0 0 0 1565 0 0 2 2 0 
0 0 0 0 842 0 0 0 0 0 0 0 
0 0 0 0 501 0 0 0 0 0 0 0 
0 0 0 0 2818 0 0 0 0 0 0 0 
0 0 0 0 0 0 166 237 1064 0 0 0 
465 0 2 0 0 0 0 0 0 0 0 10 
0 0 0 0 585 0 0 0 0 0 0 0 
0 0 1 0 2698 0 0 0 0 0 0 0 
1 804 0 0 0 122 1255 0 0 0 0 0 
0 0 2 0 0 1618 0 0 0 0 0 1 
0 0 0 0 0 654 0 0 0 0 0 0 
0 0 0 0 0 0 0 0 0 0 1369 0 
3 377 0 0 4 0 3 3 0 0 0 3055 
0 0 0 0 1 0 0 0 0 0 1293 0 
0 1 0 0 0 0 482 0 25 0 0 0 
0 0 523 0 1 1 0 0 0 0 14 0 
16 0 0 48 402 6 5 16 0 1 431 0 
0 0 0 0 0 0 0 0 0 0 1049 0 
138 0 0 0 0 275 0 0 0 260 0 12 
0 0 0 0 1127 0 1 0 0 0 0 0 
0 0 0 649 0 0 0 0 0 4 185 0 
0 0 0 1 0 0 0 0 0 2341 0 0 
2617 18 0 0 0 5 0 59 561 0 18 0 
0 0 0 2 0 0 0 598 0 0 0 0 
0 1182 414 0 0 0 0 9 0 0 0 0 
0 0 0 0 0 0 0 0 0 0 329 0 
0 260 7 145 11 0 0 0 0 0 0 0 
0 0 0 0 2370 0 0 0 0 0 15 0 
0 0 0 0 0 1640 0 104 0 99 0 0 
0 0 0 0 0 0 0 0 0 186 0 0 
0 0 0 0 0 1916 0 0 0 0 0 0 
0 0 0 0 0 22 0 0 54 165 85 0 
0 0 0 0 0 395 0 0 0 0 0 0 
0 0 0 0 1803 0 0 0 0 0 0 0 
0 0 0 0 1217 0 0 0 0 0 0 0 
0 0 1 0 1624 1 0 0 0 0 0 0 
0 0 0 0 0 0 0 17 0 1034 0 0 
0 672 0 1 0 0 0 0 0 3 0 0 
39 0 0 0 917 681 0 666 0 0 29 19 
0 0 0 0 0 887 349 0 0 0 0 0 
0 0 0 0 0 0 0 0 0 0 437 0 
0 0 0 0 0 0 0 0 0 0 1579 0 
0 0 0 0 0 0 0 0 0 0 817 0 
0 0 0 0 0 0 0 0 0 0 655 0 
0 30 0 262 105 0 228 56 0 150 0 0 
38 14 0 0 22 243 1 23 0 2968 13 0 
0 0 0 0 0 3733 1 0 3 0 0 5 
1 0 0 0 0 2331 0 0 1 0 0 0 
