0 0 0 0 449 362 1503 0 1 7 0 0 
0 0 0 0 0 0 0 0 0 0 3332 0 
1 0 0 0 85 1577 3 0 1 0 0 138 
67 0 23 55 211 0 0 0 0 0 0 1 
0 0 0 0 0 3289 0 0 0 0 0 0 
0 0 0 0 0 4798 396 0 0 3 1 0 
0 0 0 0 0 3115 0 0 0 0 0 0 
0 0 0 0 0 974 0 1 0 0 0 0 
0 0 0 0 1742 0 0 0 0 0 0 0 
7 0 0 0 2003 756 0 0 0 0 85 0 
0 0 0 0 0 159 35 19 0 0 1663 0 
0 0 0 0 0 0 0 398 0 0 0 0 
0 0 0 0 0 0 0 0 0 0 0 1798 
0 0 0 0 0 0 0 0 0 0 0 451 
0 0 0 0 0 0 0 0 0 0 1058 0 
0 0 0 0 0 0 3 0 0 0 1503 0 
0 0 0 0 0 0 0 0 0 0 2603 0 
0 0 0 0 0 0 0 0 0 0 2360 387 
0 0 0 0 0 0 0 0 0 903 0 0 
14 3 506 229 0 1 10 0 0 4 0 15 
0 0 0 0 0 0 0 0 0 0 3405 0 
0 11 0 0 0 5289 0 0 0 0 0 1 
0 0 1 7 0 849 0 10 0 0 0 0 
0 0 0 0 0 1409 0 0 0 0 0 0 
0 73 10 0 0 919 0 0 0 0 0 0 
0 0 0 0 1416 0 0 0 0 0 0 0 
2 0 0 0 0 6 0 0 1693 0 5 0 
0 0 0 0 2011 1604 0 0 0 0 0 0 
0 5 1943 0 0 12 8 0 0 0 61 0 
580 0 0 0 0 0 0 0 0 0 0 0 
0 0 9 0 287 62 0 0 25 0 0 47 
0 0 0 0 0 0 0 0 0 0 572 0 
0 0 0 0 0 0 0 671 0 0 0 0 
0 0 0 0 0 0 0 0 0 0 2667 0 
0 0 4 0 0 0 0 0 0 0 7778 1 
0 0 0 0 0 0 0 0 0 0 1 402 
0 1041 0 6 1 0 402 0 386 0 0 0 
0 0 0 0 547 0 0 0 0 0 0 0 
0 0 0 0 0 0 265 0 0 0 0 0 
0 0 59 0 0 353 383 0 0 1 126 510 
0 0 0 0 0 0 0 0 0 0 970 0 
0 0 0 891 0 0 0 0 0 0 0 0 
0 0 0 0 0 1001 0 0 0 0 0 0 
0 115 0 42 0 0 0 0 0 0 0 2128 
0 0 0 0 0 0 0 4 385 0 0 0 
264 0 0 1 0 359 206 233 0 2 518 14 
0 0 0 0 0 0 0 0 0 0 4244 0 
0 0 0 0 0 0 0 0 0 0 715 0 
0 0 0 0 0 0 0 348 0 0 0 0 
0 0 0 0 0 569 0 0 0 0 0 0 
0 0 0 0 0 0 0 0 0 1789 0 0 
0 0 0 0 5 0 11 0 0 1 2761 33 
0 0 0 0 1 0 0 0 0 475 68 0 
0 1 2 0 0 0 0 0 0 560 0 0 
0 0 0 0 0 0 0 0 0 0 0 329 
0 0 0 1 0 6 0 0 0 0 3100 0 
0 0 0 0 0 0 0 3 0 0 783 0 
0 0 0 0 0 623 0 0 0 0 0 0 
0 1 1045 3 1 0 0 0 4 0 0 0 
0 8 0 0 0 0 24 454 120 0 0 0 
0 0 0 0 0 1149 0 0 0 0 0 0 
0 0 0 0 0 0 0 0 0 0 2358 4 
0 0 0 0 0 0 0 0 0 1749 0 0 
0 0 0 0 0 0 0 0 0 0 1633 0 
0 48 1521 359 143 0 0 0 5 0 0 0 
0 0 0 0 0 0 0 0 0 0 1287 0 
128 0 0 343 0 14 1 0 0 12 0 289 
0 11 0 18 843 260 0 0 0 0 0 1 
0 0 0 0 0 0 0 0 0 0 2904 1 
0 0 0 0 0 400 0 0 0 0 0 0 
0 28 0 12 119 0 10 0 0 0 878 0 
0 11 4 0 0 3811 0 0 0 0 0 0 
0 0 0 0 0 1652 0 0 0 0 0 0 
0 0 0 0 0 1 0 0 0 0 1736 0 
0 0 0 0 0 0 0 0 0 1481 0 0 
0 0 0 0 0 0 0 0 0 0 3170 0 
0 0 0 0 0 0 0 0 0 0 2279 0 
104 0 0 7 1003 0 0 0 3 12 0 0 
0 0 0 0 0 2073 0 0 0 0 0 0 
0 0 0 0 0 0 0 0 0 0 1012 0 
0 0 0 0 0 1578 0 0 0 0 0 0 
85 0 122 264 3 181 5 625 90 0 199 22 
0 0 0 0 696 0 0 0 0 1 0 0 
0 0 0 0 1 2 0 0 0 0 1295 0 
0 0 0 0 0 0 0 0 0 0 1488 0 
0 0 0 0 0 0 0 0 0 0 800 0 
0 0 0 0 322 1 0 0 0 0 0 0 
0 0 0 0 0 966 0 0 0 0 0 0 
0 0 0 11 0 3 1539 10 1 0 0 6 
0 0 0 0 0 0 0 0 0 0 848 0 
0 0 0 0 0 0 0 0 0 0 501 0 
0 6 0 1718 1053 0 0 53 0 0 0 0 
0 1 0 0 0 208 1214 40 4 0 0 0 
55 0 0 0 0 0 0 0 0 0 0 422 
0 0 0 0 0 0 0 0 0 0 582 0 
0 0 0 0 0 0 0 0 0 0 2692 0 
0 0 0 0 0 2188 0 0 0 0 0 0 
0 0 0 0 0 0 0 0 0 0 1639 0 
24 3 0 0 0 140 0 0 463 0 18 5 
0 0 0 1 0 1 0 0 0 0 1259 0 
0 65 518 544 2307 0 0 0 0 0 0 0 
0 0 0 0 33 0 471 0 0 0 788 0 
0 0 0 0 2 0 22 0 158 326 0 0 
0 0 539 0 0 0 0 0 0 0 0 0 
0 0 0 0 0 919 0 0 0 0 0 1 
0 0 0 0 0 1049 0 0 0 0 0 0 
41 0 0 1 0 154 0 0 199 23 0 268 
0 0 0 0 0 0 0 0 0 0 1131 0 
0 0 0 0 0 0 0 0 0 0 836 0 
0 0 0 0 0 2334 0 2 0 0 0 0 
0 8 29 0 0 0 11 752 2457 0 14 0 
0 0 0 0 0 0 0 0 1 599 0 0 
0 1603 0 0 0 0 0 0 1 0 0 0 
128 0 27 2 0 0 159 2 7 4 0 0 
2 0 0 0 0 428 0 0 0 0 0 0 
0 0 0 0 0 0 0 0 0 0 0 2386 
0 0 0 0 1 0 2 0 0 0 1864 0 
3 0 0 0 0 1 0 3 179 0 0 0 
1 3 0 0 0 1889 7 10 0 0 1 1 
0 0 0 0 1 0 227 54 2 6 36 0 
0 0 0 0 0 0 0 0 0 0 395 0 
0 0 0 0 0 0 0 0 0 0 1801 1 
0 0 0 0 0 0 0 0 0 0 1217 0 
0 0 0 0 0 0 0 0 0 0 1626 0 
0 0 6 0 0 0 0 1046 0 0 0 0 
70 2 0 0 0 0 0 0 0 0 0 600 
0 0 0 0 0 0 0 0 0 0 2336 0 
0 1 0 0 0 1 4 1226 0 0 0 6 
0 0 0 0 0 4 0 0 0 298 135 0 
0 0 0 0 92 0 0 6 0 1448 0 33 
0 0 0 818 0 0 0 0 0 0 0 0 
110 453 0 79 0 1 0 0 0 9 3 0 
0 0 0 0 0 0 0 0 0 0 0 836 
0 0 0 0 0 3315 0 0 0 0 2 2 
0 0 0 0 0 0 0 0 0 2 3733 0 
0 0 0 0 0 0 0 0 0 0 2333 0 
355 0 0 1 1 81 104 3 0 0 362 0 
