0 0 2 0 422 384 1499 0 0 14 0 0 
0 0 0 0 0 0 0 0 0 0 3332 0 
0 0 0 0 88 1584 0 0 0 0 0 131 
72 0 25 47 213 0 0 0 0 0 0 0 
0 0 0 0 0 3292 0 0 0 0 0 0 
0 0 0 0 0 4762 428 0 0 4 2 0 
0 0 0 0 0 3113 0 0 0 0 0 0 
0 0 0 0 0 975 0 0 0 0 0 0 
0 0 0 0 1737 0 0 0 0 0 1 0 
8 1 0 0 2033 744 0 0 0 0 75 0 
0 0 0 0 0 196 42 20 0 0 1670 0 
0 0 0 0 0 0 0 399 0 0 0 0 
0 0 0 0 0 0 0 0 0 0 0 1798 
0 0 0 0 0 0 0 0 0 0 0 452 
0 0 0 0 0 0 0 0 0 0 1058 0 
0 0 0 0 0 0 3 0 0 0 1504 0 
0 0 0 0 0 0 0 0 0 0 2593 0 
0 0 0 0 0 0 0 0 0 0 2317 412 
0 0 0 0 0 0 0 0 0 903 0 0 
7 2 514 228 0 6 8 0 0 1 0 16 
0 0 0 0 0 0 0 0 0 0 3393 0 
0 4 0 0 0 5268 1 0 0 0 0 5 
0 2 2 4 0 854 0 4 0 0 0 0 
0 0 0 0 0 1410 0 0 0 0 0 0 
0 69 17 0 0 913 0 0 0 0 3 0 
0 0 0 0 1419 0 0 0 0 0 0 0 
1 0 0 1 0 2 0 0 1696 0 6 0 
0 0 0 0 2009 1607 0 0 1 0 0 0 
0 5 1958 0 0 7 10 0 0 0 49 0 
580 0 0 0 0 0 0 0 0 0 0 0 
0 0 11 0 291 65 0 4 18 0 0 41 
0 0 0 0 0 0 0 0 0 0 572 0 
1 0 0 0 0 0 0 670 0 0 0 0 
0 0 0 0 0 0 0 0 0 0 2672 0 
0 0 5 0 0 0 0 0 0 0 7756 0 
0 0 0 0 0 0 0 0 0 0 1 402 
0 1046 0 9 1 0 402 0 378 0 0 0 
0 0 0 0 547 0 0 0 0 0 0 0 
0 0 0 0 0 0 265 0 0 0 0 0 
0 0 58 0 2 357 414 0 0 0 122 479 
0 0 0 0 0 0 0 0 0 0 970 0 
0 0 0 890 0 0 0 0 0 0 0 1 
0 0 0 0 0 1001 0 0 0 0 0 0 
0 104 0 42 0 0 0 0 0 0 0 2139 
0 0 0 0 1 0 0 0 385 0 0 0 
258 0 0 2 0 417 184 219 0 0 501 16 
0 0 0 0 0 0 0 0 0 0 4244 0 
0 0 0 0 0 0 0 0 0 0 715 0 
0 0 0 0 0 0 0 348 0 0 0 0 
0 0 0 0 0 569 0 0 0 0 0 0 
0 0 0 0 0 0 0 0 0 1789 0 0 
0 0 0 0 1 0 7 2 0 0 2770 61 
0 0 0 0 0 0 0 0 0 459 85 0 
0 0 0 0 0 0 0 0 0 563 0 0 
0 0 0 0 0 0 0 0 0 0 0 329 
0 0 0 0 0 4 0 0 0 0 3163 0 
0 0 0 0 0 0 0 6 0 0 782 0 
0 0 0 0 0 623 0 0 0 0 0 0 
0 1 1043 4 0 0 0 0 2 3 0 0 
0 14 0 0 1 0 9 450 132 0 0 0 
0 0 0 0 0 1149 0 0 0 0 0 0 
0 0 0 0 0 0 0 0 0 0 2356 4 
0 0 0 0 0 0 0 0 0 1749 0 0 
0 0 0 0 0 1 0 0 0 0 1628 0 
0 41 1576 316 138 0 0 0 5 0 0 0 
0 0 0 0 0 0 0 0 0 0 1288 0 
145 0 0 351 2 23 1 0 2 9 0 254 
0 11 0 17 841 260 0 0 0 0 0 1 
0 0 0 0 0 0 0 0 0 0 2901 0 
0 0 0 0 0 401 0 0 0 0 0 0 
0 27 0 25 125 0 18 0 1 0 845 0 
0 13 3 0 0 3808 0 0 0 0 0 0 
0 0 0 0 0 1652 0 0 0 0 0 0 
0 0 0 0 0 0 0 0 0 0 1680 0 
0 0 0 0 0 0 0 0 0 1481 0 0 
0 0 0 0 0 0 0 0 0 0 3171 0 
0 0 0 0 0 0 0 0 0 0 2278 0 
73 0 0 7 1031 0 0 0 4 13 0 0 
0 0 0 0 0 2073 0 0 0 0 0 0 
0 0 0 0 0 0 0 0 0 0 1012 0 
0 0 0 0 0 1577 0 0 0 0 0 0 
84 0 105 245 1 148 1 698 57 0 226 31 
1 0 0 0 690 0 0 0 0 0 0 0 
0 0 0 0 0 0 0 0 0 0 1298 0 
0 0 0 0 0 0 0 0 0 0 1487 0 
0 0 0 0 0 1 0 0 0 0 794 0 
0 0 0 0 322 1 0 0 0 0 0 0 
0 0 0 0 0 965 0 0 0 1 0 0 
0 0 0 9 0 4 1540 13 0 0 0 4 
0 0 0 0 0 0 0 0 0 0 847 0 
0 0 0 0 0 0 0 0 0 0 501 0 
0 10 0 1732 1061 0 1 26 0 0 0 0 
0 1 0 0 0 219 1206 33 14 0 0 0 
56 0 0 0 0 0 0 0 0 0 0 421 
0 0 0 0 0 0 0 0 0 0 582 0 
0 0 0 0 0 0 0 0 0 0 2692 0 
0 0 0 0 0 2189 0 0 0 0 0 0 
0 0 0 0 0 0 0 0 0 0 1640 0 
30 0 0 0 0 117 0 0 487 0 8 12 
0 0 0 0 0 1 0 0 0 0 1211 0 
3 67 547 546 2275 0 0 0 0 0 0 0 
0 0 0 0 33 0 497 0 0 0 763 0 
0 0 0 0 0 0 25 0 150 333 0 0 
0 0 539 0 0 0 0 0 0 0 0 0 
0 0 0 0 0 926 0 1 0 0 1 9 
0 0 0 0 0 1049 0 0 0 0 0 0 
42 0 0 0 0 115 0 3 220 24 0 282 
0 0 0 0 1 0 0 0 0 0 1130 0 
0 0 0 0 0 0 0 0 0 0 836 0 
1 0 0 0 0 2333 0 3 0 0 0 0 
0 11 31 0 0 0 7 773 2443 0 9 1 
0 0 0 0 0 0 0 0 0 600 0 0 
0 1603 0 0 0 1 0 0 0 0 0 0 
132 0 31 2 0 0 154 3 6 1 0 0 
5 0 0 0 2 421 0 0 0 0 0 0 
0 0 0 0 0 0 0 0 0 0 0 2386 
0 0 0 0 0 0 0 0 0 0 1874 0 
0 0 0 0 0 1 0 3 182 0 0 0 
1 1 0 0 0 1896 8 6 0 0 0 0 
0 0 0 0 1 0 216 57 7 7 38 0 
0 0 0 0 0 0 0 0 0 0 395 0 
0 0 0 1 0 0 0 0 0 0 1806 0 
0 0 0 0 0 0 0 0 0 0 1217 0 
0 0 0 0 0 0 0 0 0 0 1626 0 
0 0 4 0 0 0 0 1047 0 0 0 0 
60 1 0 0 0 0 0 0 0 0 0 611 
0 0 0 0 0 0 0 0 0 0 2360 0 
1 0 0 0 0 1 2 1231 0 0 0 3 
0 0 0 0 0 3 0 0 0 314 120 0 
2 0 0 0 70 0 0 5 0 1455 0 47 
0 0 0 818 0 0 0 0 0 0 0 0 
66 483 0 89 0 0 0 0 0 11 6 0 
0 0 0 0 0 0 0 0 0 0 0 836 
0 0 0 0 0 3315 0 0 0 0 5 1 
0 0 0 0 0 0 0 0 0 1 3734 0 
0 0 0 0 0 0 0 0 0 0 2333 0 
391 1 0 1 0 75 110 3 0 0 325 0 
