0 9 0 109 31 1804 0 2 0 0 373 0 
0 0 3 522 0 2761 2 3 40 0 0 0 
0 0 1 954 8 341 495 0 0 1 0 4 
0 0 202 152 0 0 0 0 0 0 0 0 
0 0 0 0 0 0 0 0 1 0 2851 0 
0 1 0 0 5 266 946 0 0 3828 158 10 
0 0 0 1 0 5 0 0 0 3799 2 0 
0 0 0 0 0 0 0 0 0 0 763 0 
0 0 0 0 0 0 0 0 0 0 0 1692 
63 0 0 654 0 0 0 1 0 0 2123 0 
0 0 0 0 0 0 0 0 0 0 1777 0 
0 0 0 0 0 0 0 0 0 398 0 0 
236 895 90 0 0 0 15 40 0 644 0 149 
0 0 453 0 0 0 0 0 0 0 0 0 
0 0 0 0 0 1034 0 0 0 0 0 0 
0 0 0 0 1510 0 0 0 0 0 0 0 
0 0 0 0 0 2618 0 0 0 0 0 0 
0 4 0 0 2819 9 0 0 0 0 0 0 
0 0 0 0 0 868 2 0 0 0 0 0 
0 0 0 0 0 0 0 0 0 0 782 0 
10 0 0 0 1974 1335 4 0 0 2 0 18 
0 0 0 0 0 0 0 0 2 1568 4369 1 
0 0 0 0 0 0 0 0 0 864 0 0 
1 0 0 0 0 2 0 0 0 0 1407 1 
0 0 0 0 1002 0 0 0 0 0 0 0 
0 0 0 0 0 0 0 0 0 0 1418 0 
0 0 0 0 0 0 0 0 0 0 1707 0 
8 1598 0 0 0 0 565 0 16 0 1425 3 
0 0 0 0 0 0 0 0 336 82 1602 0 
0 0 0 0 0 0 580 0 0 0 0 0 
0 0 0 0 0 0 430 0 0 0 0 0 
0 0 0 0 0 0 0 0 572 0 0 0 
0 35 2 1 0 67 0 566 0 0 0 0 
0 0 0 0 0 3127 0 0 0 0 0 0 
0 0 61 0 711 7046 59 0 1 0 0 25 
0 0 0 0 1077 0 0 0 0 1 0 0 
0 0 0 0 0 0 0 0 0 1836 0 0 
0 0 0 0 0 0 0 0 0 0 547 0 
0 0 0 0 0 257 0 4 4 0 0 0 
0 0 0 0 0 1432 0 0 0 0 0 0 
0 0 0 0 0 3303 0 0 0 0 0 0 
0 0 0 12 0 0 0 879 0 0 0 0 
0 0 0 2 0 0 0 0 0 0 1000 1 
2 90 0 2 2167 2 0 1 0 0 0 21 
0 36 1 0 7 0 2 0 335 0 5 0 
0 0 0 0 0 0 0 0 0 0 2492 0 
0 0 0 0 836 2819 51 0 0 0 353 0 
0 0 0 0 0 715 0 0 0 0 0 0 
0 350 0 0 0 0 0 0 0 0 0 0 
0 0 0 0 0 0 0 0 0 569 0 0 
0 1 0 0 0 1788 0 0 0 0 0 0 
14 0 0 0 2237 758 0 0 0 0 0 0 
16 0 0 0 0 0 0 529 0 1 0 0 
3 1 0 0 0 43 28 0 34 454 0 0 
0 0 0 329 0 0 0 0 0 0 0 0 
0 0 0 0 470 0 0 0 0 0 0 0 
1 0 0 0 6 3217 2 0 0 0 0 0 
22 4 0 0 656 0 0 0 0 95 0 0 
0 0 0 0 0 0 0 0 0 0 629 0 
0 146 0 77 0 14 0 0 0 0 808 9 
0 0 1 0 0 0 0 601 0 2 0 1 
0 0 0 0 0 0 0 0 0 0 1149 0 
52 0 212 986 239 0 38 0 9 822 5 0 
0 8 1 0 0 1224 0 290 224 2 0 0 
0 0 0 0 0 1644 0 0 0 0 0 0 
0 0 1 1660 410 0 0 4 0 0 0 1 
0 0 0 0 1282 0 0 0 0 0 0 0 
0 0 0 0 0 786 0 0 0 0 0 0 
0 0 0 0 0 0 0 0 0 1125 0 0 
0 0 0 0 2953 0 2 0 0 0 0 0 
0 1 2 1 171 225 0 0 0 0 0 1 
0 0 0 0 0 0 0 0 0 0 1055 0 
8 265 0 1947 0 19 36 0 0 14 1603 0 
0 0 0 1 2 0 0 0 0 2588 0 0 
0 0 0 0 0 0 0 0 0 1647 0 0 
0 0 1 0 0 1658 0 0 0 0 0 0 
0 0 0 0 0 1511 0 0 0 0 0 0 
0 0 0 912 724 1472 0 0 0 44 0 0 
0 1034 303 7 1 0 1 865 0 23 42 0 
0 0 0 0 1129 0 0 0 0 0 0 0 
0 0 0 0 0 0 0 0 0 0 2073 0 
32 0 668 0 0 0 105 45 0 0 0 162 
0 0 0 0 5 779 16 16 0 0 715 0 
8 278 1 0 0 191 0 0 0 0 1114 4 
0 0 0 1 0 620 0 0 0 0 78 0 
0 0 0 0 1295 0 2 0 0 0 0 0 
0 842 0 35 0 166 317 0 35 90 1 58 
0 0 0 0 0 809 0 0 0 0 0 0 
0 0 0 327 1 0 0 0 0 0 0 0 
0 0 0 0 0 0 0 0 0 966 0 0 
0 0 0 4 0 0 1548 0 0 17 0 0 
0 0 0 0 837 0 0 0 0 0 0 0 
0 0 0 0 501 0 0 0 0 0 0 0 
0 0 0 0 2813 0 0 0 0 0 0 0 
0 0 0 3 0 0 182 286 998 0 0 0 
466 0 1 0 0 0 0 0 0 0 0 10 
0 0 0 0 525 0 0 0 0 0 0 0 
0 0 0 0 2463 0 0 0 0 0 0 0 
0 1285 6 0 2 90 809 0 0 0 0 0 
0 1 0 1 0 1493 0 0 0 0 0 0 
0 0 0 0 0 654 0 0 0 0 0 0 
0 0 0 0 0 0 0 0 0 0 1364 0 
0 324 1 0 14 3 0 0 0 0 8 3134 
0 0 0 1 0 0 0 0 0 1 1289 0 
0 0 0 0 0 0 485 0 23 0 0 0 
0 0 519 0 0 7 0 0 0 9 4 0 
0 464 2 0 453 0 0 0 1 0 0 0 
0 0 0 0 0 0 0 0 0 0 1049 0 
115 0 6 0 0 562 0 0 0 0 0 0 
0 0 0 0 1142 0 0 0 0 0 0 0 
0 0 0 679 140 0 0 13 2 0 1 0 
0 0 0 0 0 0 1 0 0 2344 0 0 
2399 8 0 0 0 0 0 74 730 0 68 0 
0 0 0 0 0 0 0 600 0 0 0 0 
0 1237 365 0 0 0 0 0 0 0 0 3 
0 0 0 0 0 0 0 0 0 0 329 0 
0 1 193 1 11 0 227 0 0 0 0 0 
0 23 1 421 1252 0 0 2 0 1 11 0 
2 0 0 0 1 5078 0 38 0 0 0 0 
0 0 0 0 0 0 0 0 0 186 0 0 
0 0 0 0 0 1928 0 0 0 0 0 0 
0 0 11 0 0 27 0 240 14 34 0 0 
0 0 0 0 0 398 0 0 0 2 0 0 
0 0 0 0 1722 3 0 0 0 0 0 0 
0 0 0 0 1244 0 0 0 0 0 0 0 
0 0 0 0 1377 1 1 0 0 0 0 0 
0 0 0 0 0 3 0 26 0 1024 0 0 
0 678 0 0 0 0 0 0 0 1 0 0 
0 0 0 1 1878 451 0 0 0 0 0 4 
10 0 2 0 0 999 218 0 0 0 8 0 
0 0 0 0 0 0 0 0 0 0 435 0 
0 0 0 0 0 0 0 0 0 1 1588 0 
0 0 0 0 0 0 0 0 0 0 819 0 
0 0 0 0 0 0 0 0 0 0 656 0 
47 232 43 0 0 2 7 18 0 152 0 46 
