0 96 1 0 699 484 1031 0 17 0 0 0 
0 0 0 0 0 0 0 0 0 0 3333 0 
0 0 0 0 67 1606 0 0 0 1 0 125 
64 0 23 40 226 0 0 0 0 0 0 0 
0 0 0 0 0 2837 0 0 0 0 0 0 
0 0 0 0 0 4827 414 0 0 1 0 0 
0 0 0 0 0 3793 0 0 0 0 1 0 
0 0 0 0 0 763 0 0 0 0 0 0 
0 0 0 0 1672 0 0 0 0 0 0 0 
0 0 0 0 1968 777 0 1 0 0 119 0 
0 0 0 6 0 85 261 177 0 0 1242 0 
0 0 0 0 0 0 0 398 0 0 0 0 
0 0 0 0 0 0 0 0 0 0 0 2612 
0 0 0 0 0 0 0 0 0 0 0 449 
0 0 0 0 0 0 0 0 0 0 1030 0 
0 0 0 0 2 0 0 0 0 0 1467 0 
0 0 0 0 0 0 0 0 0 0 2593 0 
0 5 0 0 0 0 4 0 0 0 2632 214 
0 0 0 0 0 1 0 0 0 898 0 0 
0 0 0 0 107 25 5 6 0 639 0 0 
0 0 0 0 0 0 0 0 0 0 3362 0 
0 0 0 0 1 5944 0 1 0 0 0 0 
0 0 5 0 0 859 0 1 0 0 0 0 
0 0 0 0 0 1411 0 0 0 0 0 0 
3 45 1 0 0 662 0 0 0 0 290 1 
0 0 0 0 1419 0 0 0 0 0 0 0 
1 0 0 0 0 0 17 2 1686 0 0 0 
0 0 0 0 1993 1612 0 0 5 0 1 0 
0 67 1862 1 0 6 0 0 0 0 67 0 
580 0 0 0 0 0 0 0 0 0 0 0 
0 0 28 319 0 5 0 0 0 78 0 0 
0 0 0 0 0 0 0 0 0 0 572 0 
0 0 0 0 0 0 0 671 0 0 0 0 
0 0 0 0 0 0 0 0 0 0 3154 0 
0 17 0 0 0 0 0 3 0 0 7831 0 
0 0 0 0 0 0 0 0 0 0 1 1077 
0 912 0 2 2 0 335 0 531 0 0 55 
0 0 0 0 547 0 0 0 0 0 0 0 
0 0 0 0 0 0 265 0 0 0 0 0 
0 0 1 68 0 1322 0 0 32 0 0 7 
0 0 0 0 0 0 0 0 0 0 3303 0 
3 0 0 887 0 0 0 0 1 0 0 0 
0 0 0 0 0 1003 0 0 0 0 0 0 
0 143 0 31 0 0 0 0 0 0 0 2120 
0 0 1 0 0 0 0 0 394 0 0 0 
868 2 0 0 0 0 0 189 0 91 1207 130 
0 0 0 0 0 0 0 0 0 0 4023 0 
0 0 0 0 0 0 0 0 0 0 715 0 
0 0 0 0 0 0 0 350 0 0 0 0 
0 0 0 0 0 569 0 0 0 0 0 0 
0 0 0 0 0 0 0 0 1 1788 0 0 
2 0 43 7 21 0 4 0 0 0 2749 231 
0 0 0 0 0 0 0 0 0 453 93 0 
0 0 0 0 0 0 0 0 0 563 0 0 
0 0 0 0 0 0 0 0 0 0 0 329 
0 0 0 0 57 0 71 15 184 0 143 0 
0 0 0 0 0 5 0 0 4 0 3235 0 
0 0 0 0 0 0 0 0 2 1 784 0 
0 0 0 0 0 622 0 0 0 0 0 0 
0 15 1058 0 0 0 0 0 0 0 0 0 
0 0 1 0 2 4 0 488 108 2 0 0 
0 0 0 0 0 1149 0 0 0 0 0 0 
0 0 0 10 0 0 0 0 2 0 2316 34 
0 0 0 0 0 0 0 0 0 1749 0 0 
0 0 0 0 0 0 0 0 0 0 1599 0 
0 42 1395 486 149 0 0 5 1 0 0 1 
0 0 0 0 0 0 0 0 0 0 1283 0 
73 17 18 454 0 0 0 7 217 0 1 0 
0 1 0 170 468 0 0 0 0 0 0 484 
0 0 0 0 0 0 0 0 0 0 2979 0 
0 0 0 0 0 401 0 0 0 0 0 0 
0 0 0 0 9 10 1 0 0 28 994 0 
1 0 0 0 7 3874 0 0 3 0 0 0 
0 1 0 0 0 2590 0 1 0 0 0 0 
0 3 0 0 0 1644 0 0 0 0 0 0 
0 0 0 0 0 0 0 0 0 0 1688 0 
0 0 0 0 0 0 0 0 0 1481 0 0 
0 0 1 0 0 0 1 0 0 0 3082 0 
0 0 0 0 0 0 0 0 0 0 2280 0 
6 0 0 0 985 0 0 0 0 0 4 134 
0 0 0 0 0 2073 0 0 0 0 0 0 
0 0 0 0 0 0 0 0 0 0 1010 0 
0 0 0 0 0 1552 0 0 0 0 0 0 
0 0 231 307 0 7 0 918 0 0 101 34 
0 0 0 0 698 0 0 0 0 0 0 0 
0 1 0 0 0 1 0 2 0 0 1294 0 
0 0 0 0 0 0 0 0 0 0 1538 0 
1 0 0 0 0 0 0 0 1 0 800 0 
0 0 0 0 288 0 0 0 0 0 0 35 
0 0 0 0 0 966 0 0 0 0 0 0 
0 0 0 0 0 0 1568 0 2 0 0 0 
0 0 0 0 0 0 0 0 0 0 837 0 
0 0 0 0 0 0 0 0 0 0 501 0 
0 0 0 1634 1177 0 0 1 1 0 1 0 
0 0 0 0 0 177 1259 19 14 0 0 0 
53 0 0 0 0 0 0 0 0 0 0 424 
0 0 0 0 0 0 0 0 0 0 522 0 
0 0 0 0 0 0 0 0 0 0 2483 0 
0 0 0 0 0 2197 0 0 0 0 0 0 
0 0 0 0 0 0 0 0 0 0 1510 0 
0 84 305 6 0 258 0 0 0 0 0 0 
2 0 0 0 0 22 0 1 0 0 1341 1 
0 51 466 567 2413 3 0 0 0 2 4 0 
4 0 0 0 0 1 146 26 3 0 1109 0 
0 0 0 0 0 0 21 0 168 319 0 0 
0 2 534 0 0 3 0 0 0 0 0 0 
4 0 1 1 0 907 0 0 0 0 0 0 
0 0 0 0 0 1049 0 0 0 0 0 0 
32 3 0 6 637 0 0 0 0 0 0 6 
0 0 0 0 0 0 0 0 0 1 1140 0 
0 0 0 0 0 0 0 0 0 0 834 0 
0 0 0 0 0 2337 0 1 0 1 0 0 
0 9 20 0 0 0 18 959 2257 0 5 0 
1 0 0 4 0 0 1 0 0 594 0 0 
0 1606 0 0 0 0 0 0 0 0 0 0 
0 0 0 105 0 0 0 0 11 0 213 0 
0 0 0 0 0 427 0 0 0 0 0 0 
0 0 0 0 0 0 0 0 0 0 0 1711 
0 0 0 0 0 0 0 0 0 1 5139 0 
0 0 0 0 0 0 0 0 186 0 0 0 
0 0 0 0 0 1933 0 0 0 0 0 0 
0 0 0 67 0 51 0 8 0 0 0 200 
0 0 0 0 0 0 0 0 0 0 394 0 
0 0 0 0 0 2 0 0 0 0 1730 0 
0 0 0 0 0 0 0 0 0 0 1242 0 
0 0 0 0 0 0 0 0 0 0 1379 0 
1 6 0 0 0 0 0 1043 0 0 3 0 
66 2 0 0 0 0 0 0 0 0 0 610 
0 0 0 0 0 0 0 0 0 0 2358 0 
7 0 345 0 13 0 0 872 0 0 1 0 
0 1 0 0 20 0 0 0 0 358 58 0 
0 0 0 460 0 0 2 46 59 981 41 5 
2 54 0 339 1 0 388 0 1 34 0 0 
0 643 0 0 0 6 0 0 4 0 4 0 
