0 0 13 0 549 395 1361 0 3 0 0 0 
0 0 0 0 0 0 0 0 0 0 3335 0 
0 0 0 0 80 1594 0 1 1 0 0 135 
66 0 22 47 223 0 0 0 0 0 0 0 
0 0 0 0 0 2859 0 0 0 0 0 0 
0 0 0 0 0 4784 414 0 0 3 0 0 
0 0 0 0 0 3768 0 0 0 0 2 0 
2 0 0 0 0 761 0 0 0 0 0 0 
1 0 0 0 1726 0 0 0 0 0 0 0 
0 0 0 1 1947 839 0 0 0 0 63 0 
0 0 0 0 26 105 241 230 3 146 1021 5 
0 0 0 0 0 0 0 399 0 0 0 0 
0 0 0 0 0 1 0 0 0 0 0 1790 
0 0 0 0 0 0 0 0 0 0 0 451 
0 0 0 0 0 0 0 0 0 0 1037 0 
0 0 1 0 1 0 0 0 0 0 1518 0 
0 0 0 0 0 0 0 0 0 0 2580 0 
0 0 0 0 0 0 2 0 0 0 2469 322 
0 0 0 0 0 0 0 0 0 869 0 0 
0 1 111 0 0 0 8 1 0 562 0 99 
0 0 0 0 0 0 0 0 0 0 3367 0 
0 0 0 0 0 5927 0 0 0 0 0 0 
0 0 0 0 0 867 0 0 0 0 0 0 
0 1 0 0 0 1411 0 0 1 0 0 0 
40 0 0 0 0 956 0 2 4 0 0 0 
0 0 0 0 1419 0 0 0 0 0 0 0 
6 10 7 0 0 0 0 0 1683 0 0 0 
1 0 0 0 1840 1774 0 0 0 0 0 0 
0 46 1882 0 0 10 0 0 0 0 50 35 
580 0 0 0 0 0 0 0 0 0 0 0 
0 1 0 58 0 8 0 353 0 9 0 1 
0 0 0 0 0 0 0 0 1 0 571 0 
0 0 0 0 0 0 0 671 0 0 0 0 
0 0 0 0 0 0 0 0 0 0 3079 0 
0 0 0 0 0 4 0 0 0 8 7831 1 
0 0 0 0 0 0 0 0 0 0 1 1077 
0 1330 0 1 0 0 140 78 60 0 0 227 
0 0 0 0 547 0 0 0 0 0 0 0 
0 0 0 0 0 0 265 0 0 0 0 0 
0 0 17 183 11 1219 0 0 0 0 0 0 
0 0 0 0 0 1 0 0 0 0 3302 0 
0 0 0 881 0 5 0 0 1 3 1 0 
0 0 0 0 0 1001 0 0 0 0 0 0 
0 139 0 16 0 0 3 0 0 1 0 2127 
0 0 0 0 0 0 1 0 385 0 0 0 
1143 0 0 0 0 102 91 18 0 233 896 4 
0 0 0 0 0 0 0 0 0 0 4155 0 
0 0 0 0 0 0 0 0 0 0 715 0 
1 0 0 0 0 0 0 347 0 0 0 0 
0 0 0 0 0 569 0 0 0 0 0 0 
0 0 0 0 0 0 0 0 0 1788 0 0 
0 0 185 0 0 0 0 20 0 8 2652 78 
1 0 0 0 3 0 0 0 0 439 103 0 
0 0 0 0 0 0 1 0 0 562 0 0 
0 0 0 0 0 0 0 0 0 0 0 329 
0 0 0 0 0 3 1 0 0 0 3273 0 
0 1 0 0 0 0 0 0 0 0 789 0 
0 0 0 0 0 620 0 0 0 0 0 0 
0 0 1051 0 0 0 0 0 0 0 0 0 
0 2 2 0 0 21 0 383 197 0 0 0 
0 0 0 0 0 1149 0 0 0 0 0 0 
0 0 0 0 0 1 0 0 0 2 2351 13 
0 0 0 1 0 0 0 0 0 1749 0 0 
0 0 0 0 0 0 0 0 0 0 1627 0 
0 41 1425 386 214 0 0 2 2 0 0 0 
0 0 0 0 0 0 0 0 0 0 1287 0 
269 85 0 405 2 3 0 0 23 0 0 0 
0 17 0 341 685 0 0 0 0 28 0 55 
0 0 0 0 0 0 0 0 0 0 2907 0 
0 0 0 0 0 400 0 0 0 0 0 0 
0 10 0 0 10 0 40 8 0 0 985 3 
0 0 0 0 0 3886 0 8 0 0 0 0 
0 0 0 0 0 2634 0 0 0 0 0 0 
0 0 0 0 0 1646 0 0 1 0 0 0 
0 0 0 0 0 0 0 0 0 0 1678 0 
0 0 0 0 0 0 0 0 0 1511 0 0 
0 0 0 0 0 0 0 0 0 0 3152 0 
0 0 0 0 0 0 0 0 0 0 2282 0 
0 1 0 0 1055 0 0 0 0 14 2 57 
0 0 0 0 0 2073 0 0 0 0 0 0 
0 0 0 0 0 0 0 0 0 0 1008 0 
0 0 0 0 0 1538 0 0 0 0 0 0 
0 0 270 622 0 0 3 543 1 0 128 29 
0 0 0 0 701 0 0 0 0 0 0 0 
0 0 0 0 0 0 0 0 0 0 1298 0 
0 0 0 0 0 0 0 0 0 0 1545 0 
0 0 0 0 0 0 0 0 0 0 811 0 
0 0 2 3 301 0 0 25 0 0 0 0 
0 0 0 0 0 965 1 0 0 0 0 0 
3 0 2 1 0 0 1560 0 0 3 1 0 
0 0 0 0 0 0 0 0 0 0 831 0 
0 0 0 0 0 0 0 0 0 0 501 0 
4 0 0 1688 1117 0 0 0 0 2 0 0 
1 0 0 0 0 182 1261 21 6 0 0 0 
57 0 0 0 0 0 0 0 0 0 0 420 
0 0 0 0 0 0 0 0 0 0 588 0 
0 0 0 0 0 0 0 0 0 0 2655 0 
0 0 0 0 0 2193 0 0 0 0 0 0 
0 0 0 0 0 0 0 0 0 0 1506 0 
0 0 188 4 0 425 0 3 0 0 34 0 
0 0 3 0 0 0 25 1 0 0 1341 1 
0 66 548 538 2293 3 0 0 0 0 0 0 
0 0 0 0 0 0 0 3 0 7 1283 0 
0 0 0 0 0 0 19 0 161 328 0 0 
0 0 538 1 0 0 0 0 0 0 0 0 
0 0 0 0 0 918 0 4 0 0 0 0 
0 0 0 0 0 1049 0 0 0 0 0 0 
0 0 2 26 318 0 0 0 0 0 4 336 
0 0 0 0 0 1 0 0 0 0 1141 0 
0 0 0 0 0 0 0 0 0 0 841 0 
0 0 0 0 0 2340 0 1 0 0 0 0 
0 11 33 0 1 0 3 879 2342 2 6 0 
0 0 0 0 0 0 0 0 0 600 0 0 
0 1603 0 0 0 0 0 0 0 0 0 0 
1 6 0 0 0 4 0 0 0 0 318 0 
2 2 0 0 0 427 0 0 0 0 0 0 
0 0 0 0 0 0 0 0 0 0 0 1711 
0 0 0 0 0 0 0 0 0 1 5107 0 
0 0 1 1 0 0 0 3 181 0 0 0 
0 3 0 16 0 1890 0 0 11 0 0 1 
0 0 0 0 0 174 47 1 0 0 0 104 
0 0 0 0 0 0 0 0 0 0 398 0 
0 0 0 0 0 0 0 0 0 0 1746 0 
0 0 0 0 0 0 0 0 0 0 1219 0 
0 0 0 0 0 0 0 0 0 0 1627 0 
0 0 0 0 0 0 0 1053 0 0 0 0 
58 1 0 0 0 0 0 0 0 0 0 618 
0 0 0 0 0 0 0 0 0 0 2394 0 
0 11 107 7 0 0 0 1111 1 0 0 0 
0 0 0 0 0 2 0 0 0 337 97 0 
0 0 0 95 0 0 2 0 1 1438 49 0 
0 0 0 610 0 0 92 0 0 0 115 1 
0 552 0 0 0 0 0 82 0 22 0 0 
0 0 0 0 0 0 0 0 0 0 0 832 
