0 0 1 91 26 1862 3 0 0 0 433 0 
303 542 0 515 118 1714 0 0 183 0 0 0 
0 0 2 1024 0 366 413 0 0 1 0 0 
0 0 206 112 0 0 0 0 0 0 0 0 
0 0 0 0 0 0 0 0 0 0 3084 0 
0 0 0 0 1 253 1021 0 0 3751 227 0 
0 0 0 0 0 28 0 0 0 3757 14 0 
0 0 0 0 0 0 0 0 0 0 763 0 
0 0 0 0 0 0 0 0 0 0 0 1633 
0 0 0 1411 8 32 0 24 0 0 1429 0 
4 0 0 0 0 0 0 0 0 1 2266 0 
0 0 0 0 0 0 0 0 0 722 0 0 
0 1117 1065 295 0 0 0 0 36 173 0 0 
0 0 446 0 0 0 0 0 0 0 0 0 
0 0 0 0 0 1031 0 0 0 0 0 0 
0 0 0 0 1471 0 0 0 0 0 0 0 
0 1 0 0 0 2603 0 0 0 0 0 0 
0 0 0 0 3646 0 0 0 0 2 0 1 
0 0 0 0 0 871 1 0 0 0 0 0 
0 0 0 0 0 0 0 0 0 0 2380 0 
9 0 2 69 1920 513 0 680 2 0 0 189 
0 12 2 0 0 0 1 0 0 2161 4180 0 
0 0 0 0 0 0 0 0 0 871 0 0 
0 0 0 0 0 1 0 0 0 0 1328 0 
0 0 0 0 1002 0 0 0 0 0 0 0 
0 0 0 0 0 0 0 0 0 0 1290 0 
0 0 0 0 0 0 0 0 0 0 1713 0 
82 1055 0 0 1101 0 325 0 1 0 911 288 
0 0 0 0 0 0 0 0 280 72 1654 0 
25 0 0 0 0 0 573 0 0 0 0 0 
0 0 0 0 0 0 430 0 0 0 0 0 
0 0 0 0 0 0 0 0 572 0 0 0 
0 0 4 0 23 0 0 624 0 20 0 0 
2 0 0 0 0 3289 0 0 0 0 3 0 
0 0 0 0 891 6827 0 0 18 0 0 0 
0 0 0 0 1079 0 0 0 0 0 0 0 
0 0 0 0 0 0 0 0 0 1839 0 0 
0 0 0 0 0 0 0 0 0 0 547 0 
0 0 0 0 0 264 0 0 0 0 0 1 
0 0 0 0 0 1434 0 0 0 0 0 0 
0 0 0 0 0 3302 0 0 0 1 0 0 
0 0 0 25 0 0 0 865 1 0 0 0 
0 0 0 0 0 0 0 0 0 0 461 0 
0 146 0 6 2103 0 0 0 0 0 0 30 
0 0 0 0 0 1 0 62 323 0 0 0 
0 0 0 0 0 0 0 0 0 0 2490 0 
0 53 0 0 140 3250 373 0 114 0 380 0 
0 0 0 0 0 697 0 0 0 0 0 0 
0 349 0 0 0 0 0 0 0 0 0 0 
0 0 0 0 0 0 0 0 0 569 0 0 
0 0 0 0 0 0 0 0 0 0 1155 0 
0 0 0 1 0 1787 0 0 0 0 0 0 
0 0 0 0 2212 1249 0 24 0 0 0 0 
0 0 0 0 0 0 0 543 0 1 1 0 
0 14 0 8 0 18 0 0 0 523 0 1 
0 0 0 329 0 0 0 0 0 0 0 0 
0 0 0 0 470 0 0 0 0 0 0 0 
0 5 0 7 31 3449 0 5 1 0 0 0 
5 0 3 0 714 0 0 44 1 0 0 0 
0 0 0 0 0 0 0 0 0 0 605 0 
1 1 12 2 0 0 1 0 0 117 936 0 
0 0 0 0 0 0 0 542 0 0 0 2 
0 0 0 0 0 0 0 0 0 0 585 0 
575 0 569 223 245 15 0 5 0 0 751 9 
722 17 0 147 0 731 0 131 0 0 0 0 
0 0 0 0 0 1529 0 1 0 0 0 0 
0 0 0 1556 526 0 0 0 0 0 4 0 
0 0 0 0 1240 0 0 0 1 0 0 0 
0 0 0 0 0 789 0 0 0 0 0 0 
0 0 0 0 0 0 0 0 0 1124 0 0 
0 0 0 0 2749 7 0 0 0 0 0 0 
0 0 0 5 197 196 0 0 0 0 0 3 
0 0 0 0 0 0 0 0 0 0 1012 0 
0 0 0 1673 46 15 289 0 575 0 1315 0 
0 0 0 0 0 1 0 0 0 2548 0 0 
0 0 0 0 0 0 0 0 0 1622 0 0 
0 0 0 0 0 1284 0 0 0 0 0 0 
0 0 0 0 0 1511 0 0 0 0 0 0 
245 0 6 0 0 35 0 256 0 2 0 0 
0 0 0 1791 667 695 0 1 0 0 16 450 
0 1748 32 0 74 1 0 232 0 33 0 154 
0 0 0 0 1128 0 0 0 0 1 0 0 
0 0 0 0 0 0 0 0 0 0 2073 0 
0 0 121 0 232 0 0 23 0 34 33 570 
48 23 0 0 0 520 19 2 0 34 907 0 
0 31 0 6 25 228 0 0 10 0 1304 0 
0 0 0 3 0 592 0 0 0 1 85 2 
0 1 0 0 1297 0 0 0 0 0 0 0 
4 179 1 16 19 760 2 0 0 415 166 0 
0 0 0 0 0 606 0 0 0 0 0 0 
0 0 0 323 1 0 0 0 0 0 0 0 
0 0 0 0 0 0 0 0 0 966 0 0 
0 0 0 0 0 0 1566 0 1 4 0 0 
0 0 0 0 836 0 0 0 0 0 0 0 
0 0 0 0 501 0 0 0 0 0 0 0 
0 0 0 0 2804 0 0 0 0 0 0 0 
0 0 0 0 1 0 203 239 1030 0 0 0 
446 0 1 0 0 0 0 1 0 0 0 11 
0 0 0 0 519 0 0 0 0 0 0 0 
0 0 0 0 1776 0 1 0 0 0 0 0 
175 1279 0 0 0 189 519 12 0 1 0 0 
0 0 0 0 0 1596 0 0 2 0 0 0 
0 0 0 0 0 649 0 0 0 0 0 0 
0 0 0 0 0 0 0 0 0 0 1424 0 
0 385 0 94 15 0 1 0 3 0 0 3073 
0 0 0 0 0 0 0 0 0 0 710 0 
0 0 0 0 0 0 495 0 13 0 0 0 
0 0 530 0 0 9 0 0 0 0 0 0 
0 883 14 0 27 0 0 0 1 0 0 16 
0 0 0 0 0 0 0 0 0 0 1049 0 
18 0 0 0 16 3 0 18 119 265 11 160 
1 0 0 0 1140 0 0 0 0 0 0 0 
0 119 8 670 1 1 18 11 0 0 0 0 
1 0 0 0 0 0 0 0 0 2333 0 0 
2342 17 0 0 0 0 0 109 786 2 24 0 
0 0 0 0 0 0 0 599 0 0 0 0 
0 1013 273 0 1 0 0 0 0 0 426 0 
0 0 0 0 0 0 0 0 0 0 329 0 
0 0 2 0 164 0 2 0 116 97 44 1 
2 12 3 1532 0 0 0 0 2 160 0 0 
5 0 1 3 0 5039 7 4 1 0 0 1 
0 0 0 0 0 0 0 0 0 186 0 0 
0 0 0 0 0 1919 0 0 0 0 0 0 
0 2 88 0 0 0 49 0 0 26 161 0 
0 0 0 0 0 401 0 0 0 0 0 0 
0 0 0 1 1679 0 0 0 0 0 0 0 
0 0 0 0 1054 0 0 0 0 0 0 0 
0 0 0 0 884 0 0 0 0 0 0 0 
0 0 0 0 0 0 0 0 0 2 208 0 
0 0 0 15 59 0 8 371 0 76 199 1 
0 613 0 0 0 0 0 0 0 1 0 2 
1 0 0 180 1324 457 22 319 0 0 12 9 
0 0 0 0 0 414 116 751 0 11 0 0 
0 0 0 0 0 0 0 0 0 0 433 0 
