7622 167 1 0 0 0 23 0 0 0 
601 6 2 67 2197 4671 0 0 8 0 
11 12 0 25 0 0 3204 52 0 0 
0 0 0 0 0 40 984 29 0 0 
0 0 0 1133 1 46 0 0 0 0 
2468 0 0 0 0 0 1 0 0 0 
2 0 2 6 495 0 0 0 0 0 
0 6 8 0 0 1 441 393 1265 0 
4727 0 0 0 0 0 3 0 0 0 
1601 0 0 0 0 3 0 0 0 0 
5039 9 0 26 0 74 20 1 2 0 
59 0 2 0 25 2 1833 0 0 0 
2193 0 0 22 0 0 0 0 56 0 
0 0 0 0 798 0 0 1 0 0 
97 0 0 0 2 1 0 0 221 252 
0 0 0 0 0 0 2097 0 0 0 
1922 3 0 0 0 2 0 0 0 0 
373 0 0 0 0 1814 2270 0 0 0 
1 14 0 0 0 646 0 0 0 1 
2000 0 0 0 0 0 4 108 0 0 
3865 0 0 0 0 2 0 1 0 0 
0 0 0 687 0 0 2 2 8 0 
0 48 0 18 247 0 319 2 0 49 
0 0 1 3 775 11 4 0 1 0 
6 62 0 0 0 443 0 2 0 2 
1445 0 44 0 6 0 0 1 4 6 
0 476 0 1 2 0 0 0 0 0 
0 0 0 0 0 387 439 0 0 0 
0 0 8 0 0 263 1 1 0 0 
0 0 0 369 4 0 0 1 0 0 
1 0 329 663 13 2 28 0 1 4 
0 5 0 0 0 0 234 0 0 0 
1 0 0 0 0 0 479 0 0 0 
0 0 0 0 0 163 0 0 0 0 
0 0 0 0 46 388 0 0 0 0 
0 0 0 4048 11 0 0 0 0 0 
0 206 0 0 0 0 0 0 0 0 
1 0 0 0 0 569 1 0 0 0 
0 0 109 0 1 0 4 0 0 19 
849 1694 0 0 2 0 0 15 6 0 
411 0 0 0 0 0 0 3 0 0 
0 0 0 1 0 179 0 1 0 0 
0 0 1 0 1 0 0 0 171 0 
0 0 0 0 0 0 328 0 0 0 
0 325 8 25 2 0 0 2 0 22 
0 0 0 8 1 5 3 1 202 0 
0 0 0 21 279 1648 0 0 0 0 
0 0 0 0 0 0 0 0 162 0 
0 0 0 0 90 181 0 0 0 0 
0 0 0 25 2 284 0 0 0 0 
0 0 0 0 47 0 0 0 0 0 
255 20 0 0 1 0 0 0 8 0 
0 0 165 32 0 0 0 0 0 0 
0 0 22 0 0 53 0 0 0 0 
0 0 0 250 0 12 32 0 0 0 
14 1 0 0 0 1128 0 0 0 0 
756 0 1 0 1 15 0 3 16 309 
0 0 0 164 0 0 0 0 0 0 
17 0 0 0 209 0 0 0 0 0 
0 0 0 1 1300 0 0 0 1 0 
0 5263 0 0 0 1 0 0 0 0 
129 3 1 0 0 611 0 31 0 79 
948 0 4 0 0 0 0 0 0 1 
0 0 188 0 0 0 0 0 0 0 
46 0 4 0 0 117 0 1 0 0 
1412 0 0 0 0 0 0 0 0 0 
0 0 0 0 1 0 712 0 0 0 
471 1 0 0 1 8 0 2 0 9 
482 1 0 29 0 6 2 1 0 0 
0 335 3 0 0 1 0 3 0 3 
1 0 0 0 0 0 0 0 329 0 
0 0 0 0 0 0 0 0 160 0 
0 0 0 0 0 7 0 0 0 750 
16 1 1 38 0 0 0 355 0 0 
0 0 0 0 0 616 0 0 0 0 
0 0 0 0 7 29 0 0 0 0 
1 0 0 164 0 0 0 0 0 0 
0 0 57 1 0 0 0 0 0 0 
0 88 0 0 0 0 0 0 0 0 
0 0 1 24 438 0 0 0 0 1 
0 0 0 0 0 0 0 526 30 0 
0 206 0 0 0 0 0 0 0 2 
0 1 0 0 0 0 0 0 142 0 
0 0 0 0 0 0 189 0 0 0 
