6880 1045 165 445 363 240 514 398 316 647 
540 40 240 206 5129 2960 123 161 40 78 
250 233 445 239 157 165 1155 1021 136 276 
0 5046 3 0 0 0 0 0 0 0 
0 0 0 0 0 25 1118 19 0 0 
0 0 14 1100 0 40 0 0 0 0 
2640 0 0 0 1 0 0 0 0 0 
1 0 0 0 532 0 0 0 1 0 
135 102 98 189 107 41 157 282 1062 80 
4615 0 1 3 0 0 0 0 0 0 
1662 2 3 0 0 0 0 0 3 0 
1595 656 125 280 382 804 252 365 462 313 
113 0 10 15 0 149 1080 8 782 0 
0 403 0 0 0 0 0 0 0 0 
585 69 323 371 143 162 120 64 353 225 
0 0 0 0 569 0 0 0 0 0 
36 46 57 0 142 0 152 53 0 92 
0 0 0 0 0 4 2201 0 0 0 
2371 3 1 0 0 0 0 0 0 0 
682 6 10 49 14 2312 1102 12 407 43 
3 5 0 0 0 268 592 0 0 0 
1807 4 34 49 26 20 72 70 20 4 
4254 0 1 0 0 5 0 0 0 0 
0 0 0 927 0 0 3 0 0 0 
0 0 0 0 0 321 0 0 0 0 
1 44 456 45 40 27 0 8 75 2 
0 0 0 0 0 0 0 0 100 0 
25 104 19 200 593 89 67 37 52 6 
1 106 0 2 0 451 0 0 0 0 
968 41 0 200 4 40 36 47 97 22 
0 466 0 0 4 0 0 0 0 0 
0 0 0 0 0 394 452 0 0 1 
0 0 0 0 0 0 151 0 0 0 
130 0 0 0 0 0 0 0 0 0 
46 12 8 0 48 28 0 36 92 24 
0 0 0 374 5 0 0 0 0 0 
0 0 252 861 0 0 0 0 1 0 
0 0 0 0 0 0 251 0 0 1 
3 0 0 0 0 0 474 0 0 0 
0 0 0 0 0 154 0 0 0 0 
0 0 0 0 42 445 8 0 0 0 
0 0 0 4001 279 2 0 0 0 0 
0 152 0 0 0 0 0 0 0 0 
2 0 0 0 0 621 2 0 0 0 
3 74 15 0 0 0 19 0 0 1 
409 253 186 368 141 65 385 77 242 433 
0 0 0 0 0 0 0 0 0 598 
59 1 0 45 60 0 32 39 44 0 
0 1 0 1 35 171 0 2 0 0 
0 0 0 0 0 0 0 0 151 0 
0 0 0 0 0 0 283 0 0 0 
20 51 0 93 60 1 9 77 54 0 
0 1 74 54 57 16 2 13 5 0 
0 18 0 15 453 1798 0 0 0 0 
0 0 0 0 0 0 361 0 0 1 
0 0 0 0 0 0 1 0 219 0 
0 0 1 0 87 166 0 0 0 0 
62 3 0 1 8 172 25 19 0 0 
0 0 0 0 47 0 0 0 0 0 
40 55 3 0 0 119 158 0 0 2 
0 0 280 7 0 1 3 0 0 0 
0 1 1 15 0 8 29 1 0 5 
79 0 31 0 0 59 14 15 71 0 
18 0 0 0 0 1042 0 0 0 0 
1 0 0 19 362 0 0 0 0 0 
21 77 75 87 76 202 104 39 14 418 
0 0 0 0 0 0 0 0 116 0 
0 0 61 0 0 0 0 0 0 0 
