4611 1 0 30 0 493 2988 0 0 0 
7735 10 0 0 32 17 0 0 10 0 
3 0 0 0 0 0 3468 503 0 0 
2 0 0 5 0 40 909 73 4 0 
0 0 0 1 0 1166 0 0 0 0 
447 0 8 12 0 1829 0 335 0 0 
0 0 0 532 0 0 0 8 0 0 
0 0 0 0 0 0 2251 0 1 0 
3685 0 658 231 48 2 0 0 0 1 
60 0 0 0 1 0 0 0 1351 238 
1 0 0 7 12 5237 2 0 0 0 
2114 0 0 0 0 0 0 0 0 2 
0 214 0 1 100 0 0 0 0 0 
2192 0 0 0 0 0 0 1 0 0 
724 0 2 0 0 0 0 1 0 0 
5 0 0 1 0 1 0 0 0 571 
1926 1 0 0 0 6 1 8 268 0 
2273 0 0 0 0 0 0 0 0 0 
4394 0 0 0 0 0 0 0 0 0 
83 0 0 565 0 0 0 0 10 0 
0 0 4 0 0 0 2105 0 0 0 
1527 1 0 0 1 47 2384 0 0 0 
0 2 0 26 21 0 0 0 744 0 
0 0 0 0 1 312 0 4 0 11 
0 0 0 0 669 0 0 0 0 0 
0 0 0 0 4 813 0 0 0 0 
0 538 0 0 1 0 0 0 0 2 
0 0 2 1495 0 0 3 2 0 0 
0 0 0 38 1 434 0 0 0 0 
0 1 688 0 110 18 5 0 0 15 
0 0 0 0 0 0 0 0 157 0 
0 0 0 0 0 276 0 0 0 0 
0 0 0 10 363 6 0 0 0 0 
0 0 0 0 1026 68 0 0 0 0 
47 32 15 0 34 0 0 0 0 114 
0 1 0 0 0 468 10 0 0 0 
145 0 0 3 0 0 0 0 1 0 
0 0 0 0 0 296 228 1 0 0 
0 0 0 383 3701 20 0 0 0 0 
0 0 0 0 0 152 0 0 0 0 
306 0 0 23 18 0 0 0 143 155 
0 0 1 0 0 131 0 0 0 1 
0 0 1 0 242 2400 0 3 0 0 
33 0 0 0 31 0 0 0 17 510 
1 0 0 0 0 0 411 1 0 0 
0 0 0 0 163 0 11 0 23 0 
0 0 0 18 3 0 1 0 150 0 
0 0 0 2 0 101 220 1 0 0 
0 0 217 125 0 0 0 0 36 1 
2 23 151 0 0 0 7 0 38 2 
2 979 0 802 158 318 0 0 0 0 
0 1 0 0 0 0 0 0 164 0 
9 0 0 0 0 255 0 0 0 0 
0 0 1 0 0 270 0 0 0 0 
0 47 0 0 0 0 0 0 0 0 
349 0 0 0 0 0 0 0 0 1 
1 5 0 190 0 0 0 0 0 0 
74 0 0 0 0 0 0 0 0 0 
158 76 17 0 0 22 0 18 0 0 
1080 0 0 0 0 0 0 0 0 0 
0 0 0 378 17 0 0 0 0 0 
0 0 1 222 874 1 0 0 2 0 
1 0 0 177 0 0 2 0 2 1 
0 0 0 0 8 0 210 3 10 0 
0 0 0 63 1069 1 0 60 7 0 
70 4715 118 0 3 186 89 0 0 0 
485 0 3 18 71 3 230 0 0 0 
304 0 15 79 0 227 175 0 0 6 
0 0 197 0 0 0 0 0 0 0 
0 0 0 0 117 12 20 1 0 0 
1000 0 0 1 0 0 0 0 1 0 
3 0 1 94 9 14 591 0 0 0 
206 0 0 0 0 3 1 0 0 0 
0 0 39 0 0 42 148 0 0 0 
207 0 0 13 4 0 82 1 0 0 
178 0 0 0 22 0 0 0 1 128 
2 0 0 0 0 0 0 0 154 1 
17 9 0 0 52 1 72 0 8 0 
0 0 0 0 0 354 0 0 0 0 
