4303 0 3 41 2 466 3282 0 0 0 
7708 11 0 0 58 14 0 0 0 0 
0 0 0 0 0 0 3422 526 0 0 
0 0 0 3 0 1 931 76 21 1 
0 0 0 0 0 1168 0 0 0 0 
485 11 0 0 0 1834 1 294 1 0 
0 0 2 525 0 0 0 0 15 0 
0 0 0 0 0 0 2120 0 1 0 
3597 1 683 283 45 0 1 0 7 0 
95 16 0 0 0 0 0 0 1379 148 
0 0 0 4 5 5249 7 0 0 0 
2110 0 0 0 0 0 8 1 0 0 
0 227 0 0 96 0 0 0 0 0 
2252 0 4 0 0 0 0 0 0 0 
726 0 0 0 0 0 0 1 0 0 
1 0 0 0 0 0 0 0 0 573 
2018 0 0 0 0 12 0 15 161 0 
2271 0 0 0 0 0 0 0 0 0 
4404 1 0 0 0 0 0 0 0 0 
66 1 0 562 0 2 0 0 0 28 
0 0 0 0 0 0 2122 0 0 0 
1555 0 1 0 7 38 2358 0 0 0 
0 0 0 9 13 0 0 0 772 0 
0 0 0 0 673 0 0 0 0 0 
0 0 0 0 7 787 0 0 13 0 
0 540 0 0 1 0 0 0 0 1 
0 1 0 1490 0 0 0 0 0 1 
0 0 1 9 1 464 0 0 0 0 
0 0 586 0 176 0 61 0 13 0 
0 0 0 0 0 0 0 0 159 0 
0 0 0 0 0 274 0 0 0 0 
0 0 0 4 364 5 0 2 0 0 
0 0 0 0 1039 59 1 0 0 0 
1 0 0 0 72 1 0 0 0 168 
0 0 1 1 0 447 28 0 0 0 
148 0 0 0 1 0 0 0 0 0 
0 0 2 0 0 355 161 0 0 0 
0 0 0 405 3671 17 0 0 0 0 
0 0 0 0 0 152 0 0 0 0 
434 0 0 0 1 7 0 0 172 11 
0 0 0 0 0 131 0 0 2 0 
0 1 0 0 147 2494 0 10 0 0 
0 3 0 0 27 0 10 0 21 530 
1 0 0 0 0 0 420 0 0 0 
0 0 0 0 155 5 14 0 24 1 
0 15 0 2 1 1 0 0 153 0 
8 0 0 0 0 69 244 1 0 0 
1 1 212 139 0 0 0 6 24 0 
0 0 217 2 1 0 0 0 3 0 
0 943 0 876 232 9 0 0 0 0 
0 0 0 0 0 0 0 0 165 0 
0 0 0 0 0 251 0 0 0 13 
0 0 0 1 0 277 0 0 0 0 
0 47 0 0 0 0 0 0 0 0 
348 0 0 0 0 0 0 0 0 0 
0 0 0 194 0 2 0 0 1 0 
74 0 0 0 0 0 0 0 0 0 
199 0 0 0 0 89 0 0 5 0 
1092 0 0 0 0 0 0 0 0 0 
0 0 0 372 23 0 0 0 0 0 
0 0 3 302 785 0 0 2 0 0 
0 1 2 179 0 1 0 0 1 0 
2 3 3 23 93 0 105 0 2 0 
0 1 3 26 1099 0 0 83 0 0 
32 4496 268 0 0 271 84 0 2 2 
358 0 0 30 3 0 405 0 0 0 
372 27 34 9 0 286 111 0 0 0 
0 0 197 0 0 0 0 0 0 0 
0 0 0 0 117 0 33 0 0 1 
1010 0 0 0 0 0 0 0 0 0 
4 0 0 89 17 62 541 0 0 0 
198 1 0 0 10 0 0 0 0 0 
0 0 42 0 0 46 140 0 0 0 
79 41 5 0 0 23 127 33 0 0 
311 0 0 0 0 14 0 0 0 0 
0 0 0 0 0 0 0 1 156 0 
10 0 0 0 30 0 113 0 10 0 
0 0 0 0 0 363 0 0 0 0 
0 0 0 0 0 518 0 0 0 0 
0 0 0 0 0 0 131 0 0 0 
