4301 0 4 38 0 336 3341 0 1 0 
7732 16 0 3 28 15 0 0 0 0 
0 0 0 8 0 0 3275 650 0 0 
0 0 0 8 0 4 965 61 9 3 
0 0 0 0 0 1167 0 0 0 0 
515 16 0 0 1 1765 0 341 0 0 
0 0 0 522 1 0 0 11 5 4 
0 0 0 0 0 1 2121 0 1 0 
3838 0 494 278 12 0 3 0 2 0 
91 0 0 0 0 0 0 1 1333 214 
0 0 0 4 10 5234 1 0 0 0 
2077 0 7 0 0 3 23 11 0 0 
0 230 0 0 90 0 0 1 0 0 
2237 0 1 0 1 1 0 0 0 6 
732 0 0 0 0 0 0 0 1 0 
2 0 0 2 0 0 0 1 0 571 
1930 0 1 0 0 13 0 18 251 0 
2269 0 0 0 0 0 0 0 0 0 
4403 1 0 0 0 0 2 1 0 0 
46 0 1 584 0 0 0 0 0 26 
1 0 0 0 0 0 2112 0 0 0 
1602 0 0 0 0 33 2353 0 0 0 
1 0 0 11 33 0 0 0 749 0 
0 0 0 0 673 0 0 0 0 0 
0 0 0 0 14 791 0 0 7 0 
2 540 0 0 0 0 0 0 0 0 
0 0 0 1486 0 0 0 4 0 0 
0 0 0 9 9 460 0 0 0 0 
0 0 564 3 190 0 52 0 29 0 
0 0 0 0 0 0 0 0 158 0 
0 0 0 0 0 274 0 0 0 0 
1 0 0 5 362 11 0 0 0 0 
0 0 0 0 1051 49 0 0 0 2 
6 0 0 0 66 5 0 0 0 165 
0 0 3 1 0 447 25 0 0 0 
149 0 0 0 0 0 0 0 0 0 
0 0 0 2 0 302 206 4 0 0 
0 0 0 407 3667 11 0 0 0 0 
0 0 0 0 0 152 0 0 0 0 
361 0 2 0 5 0 0 0 212 46 
0 0 1 0 0 132 0 0 0 0 
0 11 0 0 128 2506 0 6 0 3 
0 0 0 3 25 0 7 0 19 534 
0 0 0 0 0 0 419 1 0 0 
0 0 0 0 170 0 24 0 5 0 
0 0 0 1 0 0 0 0 171 0 
12 0 0 0 0 79 225 3 2 0 
0 0 124 185 0 10 0 7 57 0 
0 0 221 2 0 0 0 0 0 0 
0 1006 0 810 244 0 0 0 0 0 
0 1 0 0 0 0 0 0 164 0 
0 0 1 0 1 259 0 1 0 2 
0 0 0 0 1 276 1 0 0 0 
0 47 0 0 0 0 0 0 0 0 
348 2 0 2 0 0 0 0 0 0 
0 0 0 189 0 8 0 0 0 0 
74 0 0 0 0 0 0 0 0 0 
202 2 0 0 0 78 0 0 11 0 
1084 0 0 0 0 0 0 0 0 0 
0 1 0 370 23 1 0 0 0 0 
0 0 1 209 884 0 0 0 0 0 
0 0 0 169 0 15 0 0 0 0 
5 5 0 7 122 0 92 0 0 0 
0 0 10 42 1099 0 0 59 0 3 
23 4576 211 0 0 283 57 1 4 1 
334 0 0 23 14 0 459 0 0 0 
337 37 35 12 0 318 95 2 5 0 
0 0 197 0 0 0 0 0 0 0 
0 0 0 0 78 0 71 0 0 0 
1008 0 0 0 0 0 0 0 0 0 
10 0 0 118 3 93 489 0 0 0 
190 0 0 0 22 0 1 0 0 0 
0 0 38 0 0 59 130 0 1 0 
86 40 0 0 0 2 163 17 0 0 
309 0 0 0 0 14 0 2 0 1 
0 0 21 0 0 4 0 0 129 3 
22 0 0 0 48 0 86 0 8 0 
0 0 0 0 0 360 0 0 0 0 
0 0 0 0 0 518 5 0 0 0 
0 0 0 0 0 0 131 0 0 0 
