7524 320 0 0 1 0 88 0 1 1 
505 0 0 16 2404 4760 2 0 0 0 
214 1 0 0 0 0 1712 1939 0 0 
0 0 0 0 0 33 1003 0 0 0 
1 0 0 1152 6 17 0 0 2 0 
2567 0 0 0 0 0 0 0 0 0 
0 0 0 9 528 0 0 0 0 0 
0 0 5 0 5 11 123 567 1375 0 
4679 0 0 0 0 0 0 0 0 0 
1617 0 0 0 4 0 0 0 0 0 
4723 1 0 0 3 433 25 0 0 0 
123 0 0 0 0 24 1309 0 605 5 
0 321 0 0 0 0 0 0 0 0 
2260 0 0 1 0 4 0 0 18 0 
0 0 0 0 777 0 0 0 0 0 
1 0 0 0 39 3 31 0 101 406 
0 0 0 0 0 0 2059 0 0 0 
2346 1 0 0 2 0 1 1 0 0 
301 0 0 0 0 1827 2393 1 0 0 
0 10 0 0 0 636 0 9 0 0 
2066 0 0 0 0 0 4 60 0 0 
3898 0 0 1 1 3 0 0 0 1 
0 0 0 698 0 0 0 0 0 0 
0 0 0 48 205 153 1 0 170 96 
0 5 0 17 770 0 0 0 3 5 
1 110 2 0 0 430 0 0 0 2 
1489 3 0 0 16 0 0 0 0 5 
0 477 0 0 2 0 0 0 0 0 
0 0 0 1 0 401 422 0 0 1 
0 0 0 0 0 0 160 0 0 0 
240 0 0 0 0 27 0 5 2 0 
0 0 0 365 5 0 0 0 0 0 
0 0 262 827 0 1 0 0 1 0 
0 0 1 0 0 0 257 0 0 0 
1 0 0 0 0 0 477 0 2 0 
0 0 0 0 0 169 0 0 0 0 
0 0 0 0 45 472 0 0 0 0 
0 0 0 4022 21 0 0 0 0 0 
0 162 0 0 0 0 0 0 0 0 
1 0 0 0 0 567 0 0 0 0 
2 70 0 0 0 12 0 33 0 16 
451 1201 0 111 37 0 0 0 0 809 
2 0 0 0 0 0 0 0 0 586 
431 0 0 0 0 0 1 0 0 0 
1 0 0 2 0 156 5 4 0 0 
0 0 0 0 0 0 0 0 172 0 
0 0 0 0 0 0 332 0 0 0 
108 271 0 0 0 2 2 0 0 0 
0 0 0 17 0 0 190 0 14 0 
0 12 0 12 460 1567 0 0 0 0 
0 0 0 0 0 0 0 1 165 0 
0 0 2 0 103 168 0 0 0 0 
0 0 1 7 4 284 0 0 0 0 
0 0 0 0 47 0 0 0 0 0 
310 1 0 7 0 0 1 0 0 18 
0 1 181 12 3 0 0 0 0 1 
4 6 4 45 0 1 0 0 0 13 
0 0 0 161 0 0 0 135 0 0 
16 0 0 0 0 1152 0 0 0 1 
0 0 0 18 375 0 0 0 0 0 
1090 0 0 0 0 0 0 9 4 0 
0 0 0 180 0 0 0 0 0 0 
52 0 0 64 0 37 0 59 13 4 
0 0 2 5 1238 0 0 0 5 0 
0 5154 0 0 0 0 0 0 0 0 
226 0 3 0 0 550 34 0 30 2 
920 0 0 0 0 0 0 11 0 0 
0 1 186 0 0 0 1 0 0 0 
1 0 3 62 93 2 0 0 0 0 
1019 0 0 0 0 0 0 0 0 6 
0 0 0 0 0 0 712 0 1 0 
0 0 0 35 51 0 0 99 31 1 
158 0 250 1 0 0 4 9 0 0 
0 0 0 0 0 0 2 0 315 0 
0 0 0 0 0 0 0 0 326 0 
0 0 0 0 0 0 1 0 158 0 
0 0 0 0 0 0 0 0 0 163 
0 178 0 1 0 1 0 70 166 0 
0 0 0 0 1 525 0 0 0 0 
0 0 0 0 0 32 0 0 0 0 
0 0 0 138 0 0 0 0 0 0 
0 0 57 0 0 0 0 0 0 0 
