4574 0 0 52 1 484 3247 0 0 0 
7676 64 0 0 70 3 1 0 0 11 
0 0 21 0 0 0 3490 442 15 0 
0 0 0 0 0 9 987 39 1 0 
0 0 1 0 0 1174 0 0 0 0 
466 0 0 2 0 1823 0 328 0 0 
11 0 1 500 0 0 2 26 0 0 
0 0 0 0 0 0 2253 0 1 0 
3674 0 553 266 127 0 0 5 0 19 
83 0 0 0 0 0 0 0 1350 226 
0 0 0 6 4 5254 3 0 0 0 
2096 0 0 0 17 0 0 7 10 0 
0 223 0 0 94 0 0 0 0 0 
2135 30 15 0 0 2 0 0 2 0 
723 0 0 0 0 0 2 0 0 1 
4 0 0 0 2 0 0 0 0 578 
1895 0 0 0 0 2 0 26 263 0 
2296 0 0 0 0 0 0 0 0 0 
4417 0 0 0 0 3 3 0 0 0 
3 0 0 454 0 27 375 0 3 0 
0 4 0 1 0 1 2117 0 6 0 
1574 0 0 0 1 13 2334 0 8 75 
0 0 0 0 35 0 0 0 761 0 
0 0 0 0 1 330 0 0 0 0 
0 0 0 0 676 0 0 0 0 0 
0 0 0 0 0 0 0 0 100 0 
2 0 0 0 10 1163 0 0 0 0 
1 544 0 0 0 0 0 2 0 0 
0 0 0 1476 0 0 0 0 0 1 
0 0 0 5 17 452 0 0 0 0 
0 0 677 0 155 0 3 0 0 0 
0 0 0 0 0 0 0 0 153 0 
0 0 0 0 0 276 0 0 0 0 
0 0 0 6 365 4 0 0 0 1 
0 0 0 0 1025 77 0 0 0 0 
0 0 6 1 0 0 12 6 0 217 
0 0 1 0 0 459 12 0 7 0 
149 0 0 0 0 0 0 0 0 0 
2 2 0 0 1 238 268 0 0 0 
0 0 8 423 3667 19 0 0 0 0 
0 0 0 0 0 152 0 0 0 0 
3 0 0 77 104 2 0 0 0 448 
0 0 0 0 0 132 1 0 0 0 
0 0 0 0 269 2360 0 0 0 0 
2 0 0 0 43 3 7 0 10 533 
0 0 0 0 0 0 424 0 0 2 
0 6 0 0 195 0 0 0 0 1 
0 0 0 5 3 11 0 4 149 0 
0 7 0 0 0 61 260 1 0 0 
0 6 52 25 19 0 7 141 125 0 
22 0 58 0 112 0 0 0 0 30 
0 1018 0 787 176 296 1 0 0 0 
0 0 6 8 5 0 0 0 204 0 
0 0 2 1 0 256 0 0 0 5 
0 0 0 0 0 263 2 14 0 0 
0 47 0 0 0 0 0 0 0 0 
353 0 0 0 0 0 0 0 0 0 
0 0 1 194 0 0 1 0 0 0 
73 0 0 0 0 0 0 0 0 0 
106 45 0 0 41 3 18 0 77 0 
1087 0 0 0 0 0 0 0 0 0 
0 0 0 372 15 0 0 0 0 0 
0 4 0 181 910 0 0 3 12 0 
0 3 0 0 0 59 0 1 6 59 
0 2 0 180 0 1 0 0 0 0 
8 13 0 11 0 23 163 0 17 0 
0 0 0 38 1104 1 1 26 0 2 
19 4740 131 0 0 229 38 0 0 1 
324 0 6 0 88 5 359 0 0 0 
155 0 0 14 0 261 270 0 0 0 
0 0 197 0 0 0 0 0 0 0 
19 1 7 0 92 0 23 0 0 0 
948 2 0 0 0 0 1 0 0 0 
2 4 0 90 14 2 304 0 46 31 
193 0 0 0 2 0 0 3 1 0 
0 0 31 0 1 41 145 0 0 4 
262 0 25 0 0 0 5 2 0 20 
189 2 0 3 4 0 0 0 4 0 
