8210 308 0 0 12 0 136 0 1 272 
837 0 0 61 2814 4585 0 0 0 0 
18 43 145 0 0 0 2059 1729 0 0 
0 0 0 0 0 29 1132 0 0 0 
0 0 19 1114 0 45 0 0 0 0 
2617 1 0 0 0 0 0 0 0 0 
0 0 0 0 533 0 1 0 0 2 
0 0 0 0 0 0 140 269 1827 25 
4658 0 0 0 0 0 0 0 0 0 
1644 0 0 0 0 0 2 0 0 0 
3864 102 80 0 71 462 350 114 184 2 
173 0 0 0 2 25 1296 0 624 0 
0 326 0 0 0 0 0 0 0 0 
1791 43 9 56 0 0 224 16 6 11 
0 0 0 0 727 0 0 0 0 0 
0 134 90 54 109 0 0 0 1 198 
0 0 0 0 0 0 2164 0 0 1 
2303 1 1 0 0 0 0 0 0 0 
473 0 0 0 0 2244 1647 0 315 0 
0 15 0 0 0 199 655 0 0 0 
2007 0 1 3 1 5 26 90 5 0 
4063 0 0 1 0 1 1 0 0 0 
1 0 0 790 0 0 0 0 0 4 
0 1 0 0 0 327 0 0 0 0 
0 5 449 154 73 0 0 0 0 0 
0 0 0 0 0 0 0 0 100 0 
0 0 0 70 1085 11 0 0 10 0 
2 100 0 0 0 450 0 0 0 0 
1305 0 0 138 31 0 0 0 0 0 
0 471 0 0 1 0 0 0 0 0 
0 0 0 0 0 387 446 0 0 0 
0 0 0 0 1 0 147 0 0 0 
156 0 0 0 0 0 0 0 0 0 
67 34 0 12 13 78 0 0 63 6 
0 0 0 376 3 0 0 0 0 0 
0 0 261 842 0 0 0 0 0 1 
0 0 0 0 1 0 246 0 0 0 
5 0 0 0 0 0 466 6 0 0 
0 0 0 0 0 146 0 0 0 0 
0 0 0 0 34 469 0 0 0 0 
0 0 0 4030 92 0 0 0 0 0 
0 152 0 0 0 0 0 0 0 0 
1 0 2 0 0 631 0 0 0 0 
69 37 0 0 27 0 0 0 0 0 
539 279 26 517 17 24 337 0 216 646 
0 2 0 1 0 0 3 0 0 587 
148 0 0 0 0 0 0 121 0 9 
0 0 1 0 46 168 0 1 0 0 
0 0 0 0 0 0 0 0 171 1 
0 0 0 0 0 0 327 0 0 0 
19 47 0 181 0 97 22 9 0 0 
0 148 0 4 1 60 3 0 0 6 
0 18 0 23 481 1763 0 1 1 1 
0 0 0 0 0 0 368 0 0 0 
0 0 0 0 0 0 0 0 222 0 
0 0 0 0 91 174 0 0 0 0 
0 0 2 10 0 267 0 0 0 0 
0 0 0 0 47 0 0 0 0 0 
156 0 20 0 0 164 0 0 2 13 
0 2 157 37 0 0 0 0 0 0 
11 0 2 0 0 0 1 0 59 0 
235 38 0 0 2 0 2 0 0 11 
20 0 0 0 0 1098 0 0 4 0 
0 0 0 21 364 0 0 0 0 0 
125 0 156 47 0 2 38 142 3 601 
0 0 0 0 0 0 0 0 129 0 
3 0 0 179 0 0 0 0 0 0 
53 1 0 101 0 12 44 2 19 0 
0 0 0 1 1141 0 0 0 0 0 
0 5140 0 0 0 0 0 0 0 0 
412 0 0 6 0 0 0 0 0 7 
691 0 0 0 5 0 0 33 0 0 
0 0 181 0 0 0 0 0 0 0 
0 49 0 0 0 72 0 0 17 0 
844 30 1 1 0 0 0 41 0 0 
