4636 0 0 5 0 487 2730 0 0 18 
7603 17 0 0 36 6 0 0 0 0 
2 0 15 0 0 0 3850 0 18 0 
3 0 0 0 1 8 953 36 33 0 
0 0 0 0 0 1171 0 0 0 0 
390 0 0 0 0 1784 0 357 0 0 
0 3 0 388 15 69 0 5 67 0 
0 0 0 0 0 0 2094 0 1 0 
3908 0 372 197 83 0 0 4 39 32 
42 0 0 0 0 0 0 3 1317 254 
0 0 0 11 8 5177 4 0 0 0 
2041 1 0 12 0 0 0 0 0 0 
0 188 0 0 107 0 0 0 0 0 
2222 3 0 0 0 0 1 13 44 0 
769 7 0 0 0 0 0 0 0 0 
8 0 0 0 0 0 0 0 4 567 
1787 0 1 0 0 28 0 11 239 0 
2385 0 0 0 0 0 0 0 0 0 
4526 1 0 0 1 0 0 0 0 0 
39 0 0 579 0 5 0 0 2 13 
0 0 0 0 0 0 2127 0 0 0 
1568 10 0 3 0 16 2307 0 0 15 
0 0 0 0 0 0 0 0 698 0 
0 0 0 0 676 0 0 0 0 0 
0 0 1 1 35 762 0 0 0 0 
0 543 0 0 0 0 2 0 0 8 
0 0 0 1512 0 0 0 0 0 0 
1 0 0 14 8 451 0 0 0 0 
1 1 669 0 0 0 158 0 0 0 
0 0 0 0 0 0 0 0 160 0 
0 0 0 0 0 274 0 0 0 0 
0 0 0 6 356 7 0 1 0 0 
0 0 0 0 1023 71 0 0 0 1 
0 0 0 0 70 0 0 112 1 73 
0 0 0 0 0 465 8 0 0 4 
164 0 0 0 0 0 0 0 0 0 
0 0 0 0 0 349 173 1 0 1 
0 0 4 387 3634 22 0 1 0 0 
0 0 0 0 0 180 0 0 0 0 
21 0 0 9 0 42 0 2 1 494 
0 0 0 0 0 133 0 0 0 0 
0 0 36 0 185 2334 0 0 23 7 
0 0 0 0 36 0 0 0 14 539 
0 0 0 0 0 1 419 0 0 2 
0 0 0 168 1 1 0 0 0 0 
0 0 0 6 0 0 0 0 166 0 
0 0 0 0 0 50 282 0 0 0 
15 3 355 2 6 0 0 0 5 0 
0 0 3 160 51 1 6 0 0 0 
3 913 0 945 195 0 0 0 0 0 
0 0 0 0 0 0 0 0 166 0 
0 4 0 2 0 265 0 0 0 0 
0 0 0 0 0 302 0 0 0 0 
0 47 0 0 0 0 0 0 0 0 
339 0 0 0 0 1 0 0 0 2 
0 0 1 105 27 4 0 8 7 46 
74 0 0 0 0 0 0 0 0 0 
0 0 0 0 292 0 0 0 0 0 
1156 0 0 0 0 0 0 0 0 0 
0 0 1 370 24 0 0 0 0 0 
0 0 0 283 803 0 0 0 8 0 
0 1 0 176 0 0 0 0 0 1 
0 0 0 4 0 200 0 0 9 17 
1 0 4 33 1182 2 0 47 0 0 
0 4813 68 0 79 175 29 0 8 0 
33 14 2 0 1 0 349 1 73 373 
141 0 0 0 0 811 0 0 0 0 
0 0 187 0 0 0 0 1 0 0 
35 29 0 0 0 35 65 0 0 0 
1025 0 0 0 0 0 0 0 4 0 
0 23 0 129 23 46 489 0 0 1 
199 4 0 0 1 0 0 0 0 0 
0 0 0 0 0 24 474 0 0 0 
48 25 14 0 214 0 14 0 0 12 
316 0 0 0 0 0 0 2 6 0 
12 3 0 0 0 7 0 18 119 0 
50 0 3 0 110 0 0 0 0 0 
0 0 0 0 0 416 0 0 0 0 
0 0 1 0 0 524 3 0 0 0 
0 0 0 6 26 0 0 0 0 0 
0 2 0 16 111 0 0 0 0 0 
0 0 13 0 0 0 0 45 0 0 
