4317 26 0 2 0 417 3179 0 0 1 
7625 34 0 0 70 19 0 0 0 0 
0 13 3 0 0 0 3354 532 0 0 
0 0 1 0 0 12 903 121 5 0 
0 0 0 0 0 1164 0 0 0 0 
389 0 0 0 0 1862 0 356 0 0 
9 26 1 514 0 0 0 0 0 0 
0 0 0 0 0 0 2122 0 3 0 
4149 35 346 103 73 0 0 0 5 15 
77 0 3 0 1 0 0 3 1322 233 
0 0 0 4 10 5209 1 0 0 0 
2073 9 0 0 0 0 0 0 0 0 
1 202 0 0 115 0 0 0 0 0 
2238 0 1 0 0 18 0 0 21 2 
754 0 0 0 0 0 0 0 0 0 
1 2 0 0 0 0 0 0 0 583 
1712 0 0 4 0 16 1 65 268 0 
2269 0 0 0 0 0 0 0 0 0 
4527 0 0 0 0 0 0 0 0 0 
14 0 0 629 0 0 0 0 5 1 
0 1 0 0 0 0 2145 0 0 0 
1506 0 0 1 1 24 2407 0 0 2 
0 46 0 0 27 0 0 0 719 2 
0 0 0 0 677 0 0 0 0 0 
0 0 0 0 27 776 0 0 0 0 
0 540 1 1 0 0 0 2 0 0 
0 0 0 1510 0 0 0 0 0 0 
0 0 0 16 4 453 0 0 4 0 
0 20 551 1 24 12 214 10 0 0 
0 0 0 0 0 0 0 0 165 0 
0 0 0 0 0 274 0 0 0 0 
0 0 0 4 363 6 0 0 0 0 
0 0 0 0 1028 69 0 0 0 0 
163 0 0 3 82 0 7 1 0 0 
3 0 0 0 0 464 12 0 0 0 
160 0 2 0 0 0 0 0 0 0 
0 0 0 0 0 298 219 0 0 0 
0 0 0 460 3608 28 0 1 0 0 
0 0 0 0 0 162 0 0 0 0 
309 0 1 0 2 16 0 0 87 155 
0 0 0 0 0 132 0 1 0 0 
0 0 0 0 255 2353 5 2 0 0 
0 0 0 0 31 0 0 0 29 524 
0 0 0 0 0 0 420 0 0 2 
0 0 0 0 162 0 0 0 3 0 
0 0 0 0 0 0 1 0 171 0 
0 0 0 0 0 59 262 0 0 0 
0 2 359 1 0 0 0 22 0 0 
3 0 50 77 0 0 0 91 0 1 
10 931 0 967 156 0 0 0 0 0 
0 0 0 0 0 0 0 0 165 0 
34 0 0 0 0 187 44 1 0 0 
0 0 1 0 0 287 0 0 0 0 
0 47 0 0 0 0 0 0 0 0 
326 0 2 1 0 4 0 0 7 0 
0 56 4 118 0 0 18 0 0 0 
71 0 0 0 0 0 0 0 0 1 
111 1 3 0 0 149 0 30 0 0 
1156 0 0 0 0 0 0 0 0 0 
0 0 2 377 16 0 0 0 0 0 
5 0 0 270 831 0 0 0 0 0 
0 0 3 179 0 1 0 0 0 1 
0 37 0 1 4 72 116 0 0 0 
0 18 0 32 1094 0 0 80 0 1 
0 4699 141 0 1 279 35 0 0 0 
1 0 0 29 8 0 706 0 0 97 
343 0 8 19 2 439 2 22 0 0 
0 0 203 0 0 0 0 0 0 0 
0 0 72 0 0 0 6 0 0 71 
985 0 0 0 0 0 0 0 1 0 
0 0 0 198 48 30 431 0 0 6 
189 1 0 0 15 7 0 0 0 0 
0 1 20 0 0 22 351 0 0 0 
225 0 0 84 1 6 0 0 0 0 
321 0 1 0 2 0 0 1 0 2 
0 17 0 37 0 0 0 0 105 0 
0 15 0 0 0 14 134 0 0 0 
0 1 0 0 0 408 0 0 0 0 
0 0 0 0 0 517 3 0 0 4 
0 0 0 0 31 0 0 0 1 0 
