8043 437 0 1 20 0 104 0 0 447 
566 0 0 42 3176 4523 0 0 0 3 
45 79 171 0 16 8 2358 1318 0 0 
0 0 0 0 0 25 1118 3 0 0 
0 0 12 1117 1 43 0 0 8 0 
2643 0 0 1 0 0 0 0 0 0 
0 0 0 0 540 0 0 0 2 0 
0 0 16 1 0 0 150 263 1815 28 
4644 0 0 0 0 0 0 0 0 2 
1658 0 0 0 0 0 0 0 0 1 
3886 181 24 0 52 344 265 180 151 123 
100 1 10 0 1 30 1340 0 656 0 
0 332 0 0 0 0 0 0 0 0 
1731 93 13 94 6 0 147 0 17 48 
0 0 0 0 720 0 0 0 0 0 
26 141 191 28 79 0 0 1 0 121 
0 0 0 0 0 0 2157 0 0 0 
2305 2 0 0 1 0 0 0 0 0 
376 0 2 0 1 2482 1548 0 291 0 
0 1 0 0 2 207 654 0 9 0 
2060 0 0 0 0 0 16 63 0 8 
4086 0 0 0 0 2 1 0 0 0 
0 0 0 794 0 0 0 0 0 0 
0 0 0 0 0 327 0 0 0 0 
0 23 485 102 71 0 0 0 0 0 
0 0 0 0 0 0 0 0 100 0 
0 0 6 238 923 0 0 5 0 0 
4 100 0 0 0 451 0 0 0 0 
1234 0 0 208 29 8 0 1 0 0 
0 457 0 2 3 0 0 0 0 0 
0 0 0 0 0 373 460 0 0 0 
0 0 0 0 0 0 149 0 0 0 
145 0 3 1 0 0 0 0 0 0 
61 8 0 0 7 29 0 10 129 29 
0 0 0 374 3 0 0 0 0 0 
0 0 272 822 0 0 0 0 2 0 
0 0 0 0 0 0 245 0 0 0 
2 0 0 0 0 0 474 0 0 0 
0 0 0 0 0 147 0 0 0 0 
0 0 0 0 44 456 13 0 0 0 
0 0 0 4048 120 0 0 0 0 0 
0 152 0 0 0 0 0 0 0 0 
1 0 0 0 0 633 0 0 0 0 
41 71 0 0 0 0 2 0 19 0 
422 270 59 491 11 9 395 28 317 595 
0 1 0 0 0 0 0 0 2 589 
188 3 0 0 0 0 5 64 18 0 
0 0 0 0 58 158 0 0 0 0 
0 0 0 0 0 0 0 0 172 0 
0 0 0 0 0 0 324 0 0 0 
93 19 0 197 0 13 40 3 0 0 
0 61 7 51 17 38 0 48 0 0 
0 20 0 25 437 1795 0 0 1 4 
0 0 0 0 0 0 366 0 0 0 
0 0 0 0 0 0 0 0 222 0 
0 0 1 0 93 170 0 0 0 0 
0 0 0 4 23 244 0 5 0 2 
0 0 0 0 47 0 0 0 0 0 
238 0 6 0 0 50 64 0 0 0 
0 0 157 36 0 0 0 1 2 0 
7 0 0 0 0 0 0 0 43 11 
240 2 0 0 18 0 16 2 0 0 
13 0 0 0 0 1105 0 1 0 0 
0 0 0 22 363 0 0 0 0 0 
20 5 206 1 0 15 24 199 0 642 
0 0 0 0 0 0 0 0 129 0 
0 0 2 158 0 0 0 0 0 0 
75 0 4 94 0 28 3 8 20 5 
2 0 3 1 1118 0 0 0 0 0 
0 5141 0 0 0 0 0 0 0 0 
323 0 10 0 3 0 0 15 0 0 
672 0 4 0 0 0 0 0 7 30 
0 1 180 0 0 0 0 0 0 0 
69 31 0 0 0 26 0 0 1 0 
849 12 0 0 0 0 6 1 0 5 
