4453 1 0 8 0 397 3083 0 0 0 
7623 53 0 0 17 1 0 6 0 0 
0 0 0 0 23 4 3510 343 0 5 
0 0 0 0 3 1 951 42 40 0 
0 0 0 0 0 1174 0 0 0 0 
375 11 0 0 0 1782 0 379 0 20 
38 0 2 478 0 0 0 0 7 14 
0 0 0 0 0 0 2088 0 2 0 
3891 0 551 199 39 0 5 0 0 0 
99 0 0 0 0 0 1 1 1299 218 
0 0 0 2 20 5151 2 0 1 0 
2052 3 0 8 0 0 0 7 0 0 
0 211 0 0 114 0 0 0 0 0 
2293 0 0 0 0 0 0 0 0 0 
778 0 0 0 0 0 0 0 0 0 
1 0 0 0 0 1 0 0 0 580 
1784 0 0 5 0 9 0 25 227 1 
2347 0 0 0 0 0 0 0 0 0 
4511 2 0 0 0 0 0 0 0 0 
28 16 0 598 0 0 0 0 3 2 
0 0 16 0 1 0 2088 0 0 0 
1388 7 0 10 0 25 2437 59 0 0 
0 0 2 0 0 0 0 0 696 0 
0 0 0 1 674 0 0 0 0 0 
1 0 0 0 9 786 0 0 0 4 
0 546 0 0 0 0 0 0 0 0 
0 0 2 1513 0 0 1 0 0 0 
0 4 0 21 5 448 0 0 0 0 
1 9 690 0 0 0 125 3 0 0 
0 0 0 0 0 0 0 0 162 0 
0 0 0 0 0 275 0 0 0 0 
0 0 0 5 364 6 0 0 0 0 
0 0 0 0 1038 43 0 0 0 0 
0 3 20 27 161 0 0 46 0 0 
1 10 0 0 0 450 20 1 0 0 
169 0 0 0 0 0 0 0 0 0 
0 0 1 1 0 284 227 0 0 0 
0 0 0 428 3622 34 0 0 0 3 
0 0 0 0 0 171 0 0 0 0 
42 0 0 12 41 0 0 0 20 456 
1 0 0 0 0 131 1 0 0 0 
0 0 0 0 230 2361 2 0 2 0 
0 0 0 0 38 0 0 0 26 524 
0 0 0 0 0 0 428 0 0 0 
0 4 9 75 0 2 20 0 0 55 
2 0 30 0 0 0 6 0 134 0 
0 5 0 0 0 53 273 0 1 0 
0 0 207 0 0 61 0 108 1 3 
0 68 0 0 0 0 0 113 3 38 
0 1002 0 892 165 0 0 0 0 0 
0 0 0 0 0 0 0 0 166 0 
0 0 0 1 0 263 0 4 5 0 
0 0 0 0 0 290 0 5 0 0 
0 47 0 0 0 0 0 0 0 0 
349 0 2 0 0 0 0 0 0 0 
0 0 0 114 19 27 0 33 0 5 
73 0 0 0 0 0 0 0 0 0 
253 32 0 0 0 0 0 0 0 10 
1155 0 0 0 0 0 0 0 0 0 
0 2 1 367 25 0 0 0 0 0 
0 0 0 267 826 0 0 0 0 13 
2 0 1 178 0 0 0 0 1 0 
2 19 0 5 0 200 4 0 0 0 
0 0 0 67 1049 2 15 103 0 0 
13 4817 31 0 95 166 31 0 0 0 
24 0 0 20 0 168 489 0 2 140 
106 0 0 8 0 818 0 3 0 0 
0 0 188 0 0 0 0 0 0 0 
42 0 0 0 0 0 119 0 0 0 
1006 0 0 0 0 0 0 0 2 0 
0 1 0 44 5 5 658 0 1 0 
206 0 0 0 0 2 0 0 3 0 
0 0 0 0 0 26 384 0 0 2 
12 1 0 133 148 0 0 1 23 0 
311 0 2 0 8 0 0 0 3 0 
0 0 0 19 1 0 0 0 139 0 
0 0 0 0 19 2 128 1 13 0 
0 0 0 0 0 422 0 0 0 0 
0 0 1 0 0 533 0 0 0 0 
0 0 1 0 33 2 0 0 0 0 
0 0 0 2 23 2 0 2 55 17 
0 0 11 0 0 0 0 37 0 0 
