4320 0 0 28 0 483 3339 0 0 1 
7732 13 0 0 40 7 0 0 12 0 
0 0 0 0 0 2 3528 449 0 1 
0 0 0 0 2 4 907 104 8 0 
0 0 0 0 0 1167 2 0 0 0 
380 0 0 0 0 1763 0 475 5 0 
0 6 0 531 0 0 3 0 0 0 
0 0 0 0 0 0 2252 0 1 0 
3924 0 402 268 31 3 0 0 0 18 
100 0 0 2 1 0 3 0 1277 267 
0 0 1 4 7 5242 2 0 0 0 
2091 0 0 0 0 0 0 36 0 0 
0 203 0 0 113 0 0 0 0 0 
2203 6 2 0 0 1 0 0 0 0 
719 0 0 0 0 0 10 0 6 0 
5 0 0 0 0 0 0 0 0 578 
1950 8 1 0 0 3 0 20 223 1 
2256 0 0 0 0 0 0 0 0 0 
4398 1 0 0 0 0 0 1 0 0 
39 0 0 583 0 0 35 0 0 0 
0 0 0 0 10 0 2096 0 0 0 
1522 0 17 0 11 33 2393 7 0 0 
0 2 0 25 41 0 0 0 725 0 
1 0 0 0 0 312 0 0 17 0 
0 0 0 0 672 0 0 0 0 0 
0 0 0 0 25 784 0 0 0 0 
0 547 0 0 0 0 0 0 1 0 
0 0 0 1497 0 0 1 0 0 0 
0 0 0 13 12 452 1 0 0 0 
7 2 658 0 78 1 60 0 29 3 
0 0 0 0 0 0 0 0 156 0 
0 0 0 0 0 275 0 0 0 0 
0 0 0 3 369 7 0 0 0 0 
2 0 0 0 1051 54 0 0 0 0 
11 6 30 0 11 0 0 0 0 185 
0 0 0 0 0 458 22 0 0 0 
142 0 0 0 0 0 0 1 0 6 
0 0 4 11 0 266 238 0 0 2 
0 0 14 397 3675 12 0 0 0 0 
0 0 0 0 0 152 0 0 0 0 
165 0 0 45 3 0 0 0 100 322 
0 0 0 0 0 133 0 0 0 0 
0 0 5 0 253 2386 0 0 0 5 
0 0 0 0 47 0 0 0 19 526 
0 0 0 0 0 0 415 1 0 0 
0 0 0 34 160 1 4 0 0 0 
0 7 0 0 18 0 0 0 147 0 
0 0 0 1 2 81 240 0 0 0 
0 0 227 36 0 0 0 0 111 0 
0 23 122 0 37 2 0 0 18 20 
0 980 1 859 179 231 0 0 0 0 
0 0 0 0 0 0 0 0 165 0 
4 0 0 0 17 240 0 3 0 0 
0 0 0 0 0 273 0 0 3 1 
0 47 0 0 0 0 0 0 0 0 
344 0 0 2 0 0 0 0 0 1 
0 0 0 194 0 1 0 0 1 0 
78 0 0 0 0 0 0 0 0 0 
172 47 0 0 8 49 3 12 0 0 
1082 0 0 0 0 0 0 0 1 0 
0 0 0 373 18 0 0 0 0 0 
0 0 0 261 823 0 3 0 10 0 
0 0 5 0 0 57 3 0 3 61 
0 0 0 181 0 0 0 1 0 1 
12 32 1 0 2 0 184 0 1 0 
0 0 3 64 1073 0 0 61 0 0 
37 4622 253 0 7 124 121 0 0 0 
464 12 0 38 58 0 219 0 0 0 
202 0 0 1 1 212 276 0 44 16 
0 0 196 0 0 0 0 0 0 1 
0 8 0 0 95 0 39 0 0 0 
980 0 0 0 0 0 0 0 0 1 
0 0 0 116 7 2 589 0 0 0 
200 0 0 0 0 8 0 0 0 0 
0 0 21 0 0 61 148 0 0 0 
145 0 4 5 9 1 127 23 0 0 
199 0 0 0 0 0 3 0 0 0 
8 0 0 0 2 0 0 1 146 0 
2 3 0 0 25 0 108 0 13 1 
0 0 0 1 0 361 0 0 3 0 
