4240 4 1 5 0 510 3222 0 0 0 
7664 27 2 0 36 2 10 0 0 0 
1 6 0 0 0 0 3461 443 0 0 
0 0 0 0 0 1 962 75 2 0 
0 0 0 0 0 1165 0 0 0 0 
554 0 1 0 0 1743 0 318 0 1 
0 93 0 451 0 6 0 0 0 0 
0 0 0 0 0 0 2121 0 6 1 
4058 16 388 184 42 0 0 0 5 7 
77 1 0 0 0 10 0 0 1324 226 
0 0 0 4 10 5214 3 0 0 0 
2056 0 0 0 0 0 0 0 3 12 
0 210 0 0 105 0 0 0 0 0 
2167 0 0 0 0 57 0 0 22 0 
754 0 0 0 0 0 3 0 0 0 
1 0 0 0 0 0 0 0 0 582 
1729 0 0 1 0 33 0 122 203 0 
2308 0 0 0 0 0 1 0 0 0 
4506 0 1 0 0 0 0 0 0 0 
2 0 0 645 0 1 0 1 0 0 
0 0 0 2 0 0 2126 0 0 0 
1353 11 2 0 0 24 2531 0 0 0 
0 27 1 0 18 0 0 0 748 0 
0 0 0 0 679 0 0 0 0 0 
0 0 0 0 14 784 0 0 1 0 
0 541 0 0 0 0 0 0 0 0 
0 0 2 1498 1 1 3 0 0 0 
0 0 0 9 5 465 0 0 0 0 
0 7 584 0 85 0 152 6 0 0 
0 0 0 0 0 0 0 0 165 0 
0 0 0 0 0 274 0 0 0 0 
0 0 0 9 356 5 0 0 0 0 
0 0 0 0 1048 49 0 0 0 0 
155 0 4 3 69 0 26 0 0 0 
0 0 0 0 0 465 14 0 0 0 
162 0 0 0 0 1 0 0 0 0 
0 0 0 0 0 258 258 1 0 0 
0 0 6 410 3659 23 0 0 0 0 
0 0 0 0 0 162 0 0 0 0 
266 0 0 0 6 2 0 0 47 249 
0 0 0 0 0 133 0 0 0 0 
0 17 0 0 212 2377 21 2 0 0 
0 0 0 0 36 0 0 0 17 534 
0 0 0 0 0 1 414 0 0 0 
0 1 0 0 153 0 0 0 12 0 
2 0 0 0 0 0 0 0 170 0 
4 0 4 0 0 74 238 0 0 0 
2 15 358 0 0 0 0 9 1 0 
2 0 19 116 0 0 0 85 0 0 
0 926 0 938 198 0 0 0 0 0 
1 0 0 0 0 0 0 1 163 0 
15 0 0 0 0 193 16 0 42 0 
0 2 0 0 0 286 0 0 0 0 
0 47 0 0 0 0 0 0 0 0 
333 5 0 1 3 0 0 0 4 0 
0 54 1 126 0 0 12 0 0 3 
72 0 0 0 0 0 0 0 0 0 
103 4 3 1 2 179 0 1 0 2 
1157 0 0 0 0 0 0 0 0 0 
0 0 0 375 20 0 0 0 0 0 
1 0 0 294 814 0 0 0 0 0 
0 0 0 184 0 0 0 0 0 0 
0 29 0 0 18 117 66 0 0 0 
0 42 0 37 1087 0 0 50 0 11 
0 4665 164 0 0 299 28 2 0 0 
0 0 0 11 22 11 694 19 2 78 
289 0 37 3 0 483 0 0 10 0 
0 0 203 0 0 0 0 0 0 0 
0 0 32 34 0 0 7 0 0 76 
1002 0 0 0 0 0 0 0 0 0 
0 0 0 169 25 30 488 0 0 0 
200 1 0 2 5 4 0 0 0 0 
0 0 17 0 0 23 354 0 0 0 
259 0 0 57 0 0 0 0 0 0 
326 0 0 0 0 0 1 0 0 0 
0 12 2 24 7 6 0 0 105 3 
0 11 0 1 0 13 132 0 6 0 
5 0 0 1 0 398 0 0 0 0 
1 0 0 0 0 521 0 0 0 0 
1 0 0 0 31 0 0 0 0 0 
