7543 296 0 0 0 0 17 0 3 0 
547 0 0 39 2576 4448 0 0 0 0 
81 0 0 0 0 0 3001 220 0 0 
0 0 0 0 0 36 986 30 0 0 
0 0 0 1121 0 47 0 0 0 0 
2539 2 0 0 0 0 0 0 0 0 
0 0 0 10 508 0 0 1 0 0 
2 0 0 0 0 4 388 291 1417 0 
4651 0 0 0 0 0 0 0 0 0 
1611 0 0 0 0 0 0 0 0 0 
4764 2 0 3 0 386 13 0 0 0 
130 0 0 2 0 0 1296 0 640 0 
2271 0 0 0 3 0 0 0 6 0 
0 0 0 0 786 0 0 0 0 0 
12 0 0 0 6 3 0 0 277 281 
0 0 0 0 0 0 2057 0 0 0 
2201 3 2 0 0 0 2 0 0 0 
312 1 0 7 0 1608 2564 0 0 1 
0 26 0 0 0 638 0 0 0 0 
2053 0 0 0 0 0 8 73 0 0 
3869 0 0 0 0 2 0 0 0 0 
6 12 0 680 0 0 0 0 0 0 
0 10 0 0 296 0 331 0 0 45 
0 0 0 3 790 0 0 0 0 0 
3 45 0 6 0 472 0 0 0 0 
1494 0 0 0 3 0 0 0 12 0 
0 470 0 0 1 1 0 0 0 0 
0 0 0 0 0 406 419 0 0 0 
0 0 0 0 0 1 162 0 0 0 
16 0 5 10 9 214 0 0 0 19 
0 0 0 365 3 0 0 0 0 0 
0 0 220 846 0 0 0 0 0 0 
0 0 0 0 0 0 252 0 0 0 
0 0 0 2 0 0 476 0 0 0 
0 0 0 0 0 172 0 0 0 0 
0 0 0 0 41 479 0 0 0 0 
0 0 0 4049 8 0 0 0 0 0 
0 206 0 0 0 0 0 0 0 0 
1 0 0 0 0 566 1 0 0 0 
0 6 55 0 0 0 0 34 3 35 
1087 823 18 462 0 154 0 10 0 0 
411 2 0 0 0 0 0 0 0 0 
0 0 0 0 0 165 0 3 2 0 
0 0 0 0 0 0 0 0 172 0 
0 0 0 0 0 0 325 0 0 0 
0 351 20 0 0 0 14 0 0 0 
21 39 0 9 0 1 0 0 125 27 
0 0 2 10 243 1667 0 0 4 0 
0 0 0 0 0 0 0 0 165 0 
0 0 0 0 92 179 0 0 0 0 
53 0 0 0 3 247 0 0 1 0 
0 0 0 0 47 0 0 0 0 0 
154 39 0 3 0 61 16 39 0 0 
0 0 168 27 0 0 0 0 0 2 
0 0 0 0 3 0 77 0 1 0 
12 11 0 262 0 0 0 6 0 0 
7 0 0 0 6 1117 0 0 0 0 
983 4 0 0 16 0 0 0 8 89 
0 0 0 165 1 2 0 0 0 0 
0 86 0 85 58 0 0 0 0 1 
0 0 0 6 1291 0 0 0 0 1 
0 5279 0 0 0 0 0 0 1 0 
342 0 13 0 0 183 1 207 0 101 
937 0 0 0 0 0 0 0 2 0 
0 0 188 0 0 0 0 0 0 0 
50 0 90 0 1 0 0 4 21 0 
1351 0 0 0 0 0 0 5 0 9 
0 0 0 0 0 0 720 0 0 0 
84 9 0 3 0 0 73 30 0 0 
449 0 21 0 0 10 0 41 0 5 
0 324 0 0 10 0 0 0 0 4 
6 0 0 0 0 0 1 0 315 0 
0 0 0 0 0 3 0 0 156 0 
0 0 0 0 2 0 0 0 1 744 
0 0 54 35 0 4 0 318 0 6 
0 1 0 0 0 533 0 0 0 0 
0 0 0 0 5 30 0 0 1 0 
0 0 0 154 0 0 0 0 0 0 
0 0 58 0 0 0 0 0 0 0 
0 88 0 0 0 0 0 0 0 0 
0 0 0 29 437 0 0 0 0 0 
0 0 0 1 0 0 6 546 0 1 
0 192 0 0 0 0 0 0 0 0 
