4784 0 0 9 0 433 2552 11 0 2 
7411 21 0 0 27 7 0 1 0 1 
0 0 0 0 0 2 3295 0 0 0 
0 0 0 0 0 33 937 67 15 0 
0 0 0 0 0 1179 0 0 0 0 
0 0 0 0 0 2107 0 378 0 0 
2 0 0 196 25 3 275 0 1 0 
1 0 0 0 0 0 2109 0 1 0 
4129 0 341 208 38 0 0 0 0 0 
67 0 3 2 0 0 0 0 1314 213 
0 0 0 2 13 5133 6 0 0 0 
1940 0 0 0 1 0 9 0 4 7 
2299 0 0 0 4 0 0 0 0 0 
786 0 0 5 0 16 0 0 0 0 
5 0 0 1 0 0 0 1 0 575 
2048 8 0 0 0 2 1 53 0 0 
1945 0 0 0 0 0 0 0 0 0 
4360 0 0 0 0 2 0 0 0 0 
54 0 5 587 0 0 14 0 2 7 
0 0 0 0 0 0 2105 0 0 0 
1112 0 0 0 0 38 2694 0 0 3 
0 10 0 0 0 0 0 0 687 0 
0 0 0 0 682 0 0 0 0 0 
0 0 0 0 11 769 0 0 12 0 
1 1 0 1506 0 0 0 0 0 0 
0 1 0 14 2 458 0 0 0 0 
0 0 697 0 0 1 126 0 0 0 
0 0 0 1 0 272 0 0 0 0 
0 0 0 5 359 7 0 0 0 0 
0 0 0 0 1000 61 0 0 0 0 
1 0 0 0 0 139 0 1 37 68 
0 0 0 0 0 451 28 0 0 0 
170 1 0 1 0 0 0 0 0 0 
0 0 0 0 0 280 158 0 1 0 
0 0 0 398 3648 20 0 0 0 0 
0 0 0 0 0 206 0 0 0 0 
269 0 60 0 0 208 0 33 0 0 
0 0 0 0 0 133 0 0 0 0 
1 6 7 14 122 2389 5 0 0 31 
0 1 0 0 0 0 412 0 0 0 
0 0 6 18 0 2 147 0 7 3 
0 0 15 0 0 0 0 0 158 0 
0 0 3 6 1 50 280 0 0 0 
0 0 0 0 218 4 0 160 0 0 
0 0 0 29 1 191 0 1 0 0 
0 536 4 1017 287 0 0 0 0 1 
0 0 0 0 0 0 0 0 162 0 
0 0 0 13 0 257 0 0 0 0 
0 0 0 0 0 303 1 0 0 0 
0 47 0 0 0 0 0 0 0 0 
269 0 2 0 0 0 0 0 0 0 
0 0 1 181 0 1 0 0 0 14 
74 0 0 0 0 0 0 0 0 0 
18 0 0 37 7 199 0 34 0 0 
1128 0 0 0 1 0 0 0 0 0 
1 0 5 250 847 0 1 0 0 0 
0 0 1 169 0 0 0 0 0 0 
47 62 0 3 0 18 0 0 0 104 
32 0 0 76 1073 0 13 82 30 0 
0 5037 29 0 0 182 32 0 0 0 
0 0 0 3 5 9 17 0 583 225 
786 0 0 18 0 122 0 9 0 3 
0 0 188 0 0 0 0 0 0 0 
52 0 0 0 19 0 101 1 0 0 
1445 0 0 0 0 0 0 0 0 0 
1 0 0 64 10 71 568 0 0 0 
591 0 0 0 0 0 0 0 0 0 
0 0 0 0 0 21 513 0 0 0 
142 0 71 41 0 0 2 0 89 0 
325 0 0 0 0 1 0 2 0 0 
0 0 0 0 0 0 0 0 159 0 
0 0 0 0 0 0 4 0 25 717 
1 0 0 0 0 411 0 0 0 0 
1 0 4 0 0 613 0 0 0 0 
0 0 0 0 32 0 0 0 0 0 
0 1 0 0 135 5 0 0 0 0 
0 0 14 0 0 0 0 45 0 0 
0 0 0 0 88 0 0 0 0 0 
0 0 0 443 22 0 1 0 0 0 
2 1 5 1 169 0 5 39 55 279 
0 207 0 0 0 0 0 0 0 0 
0 0 72 1 3 0 0 0 67 0 
0 0 0 0 0 0 0 0 190 0 
0 599 0 1 0 1 0 0 7 0 
