4706 0 0 27 1 540 3731 0 0 0 
8218 18 0 0 48 16 0 3 0 1 
6 0 72 0 0 0 3376 530 6 0 
0 0 0 0 4 54 1046 36 7 1 
0 0 5 0 0 1175 0 0 0 0 
496 0 0 0 0 1804 0 341 1 0 
0 16 0 519 0 0 1 0 0 5 
0 0 0 0 0 0 2266 0 1 0 
3765 1 511 195 159 2 1 1 0 12 
118 0 0 0 0 0 0 0 1240 293 
0 0 0 3 11 5199 9 0 0 0 
2091 0 1 1 29 0 0 0 0 0 
1 222 0 0 109 0 0 0 0 0 
1188 0 908 1 30 17 0 0 1 0 
724 0 0 0 1 0 3 0 0 0 
2 0 0 0 0 0 2 0 0 579 
1949 0 0 0 4 8 0 15 191 0 
2329 0 0 0 0 0 0 0 0 0 
4693 0 0 0 0 0 0 0 1 0 
6 0 0 621 0 9 238 0 0 0 
0 1 0 0 4 1 2134 0 0 0 
1562 0 0 0 0 65 2358 16 0 38 
0 0 0 0 10 1 0 0 784 0 
0 0 0 0 0 327 0 0 0 0 
0 0 0 0 683 0 0 0 0 0 
0 0 0 0 0 0 0 0 100 0 
0 0 0 0 5 1172 0 1 0 0 
0 553 0 0 0 0 0 0 0 1 
0 0 0 1447 1 0 4 3 0 20 
1 0 0 11 1 458 0 0 0 0 
1 0 458 0 160 31 59 9 0 116 
0 0 0 0 0 0 0 0 148 0 
0 0 0 0 0 0 151 0 0 0 
0 0 0 0 0 273 0 0 0 0 
0 0 0 7 363 7 0 0 0 0 
0 0 0 0 1018 77 0 0 0 0 
30 0 2 0 0 0 2 0 0 214 
0 0 0 0 0 460 17 0 0 0 
148 0 0 0 0 0 0 0 0 0 
0 0 0 0 0 298 215 0 0 0 
0 0 14 424 3695 17 0 0 0 0 
0 0 0 0 0 152 0 0 0 0 
33 8 0 0 391 0 1 0 6 193 
0 0 0 0 0 133 0 0 0 0 
9 0 41 33 140 2364 0 0 1 0 
0 0 0 0 28 0 0 0 22 546 
0 15 0 0 2 0 215 46 0 0 
0 0 0 4 206 0 0 6 0 0 
0 0 0 0 0 0 0 0 169 3 
0 3 0 0 0 40 283 0 0 0 
62 0 67 0 0 8 17 103 77 40 
0 7 4 4 67 0 0 62 78 0 
0 930 0 831 248 265 0 0 8 0 
0 17 1 84 19 24 218 0 0 0 
0 0 0 8 0 0 0 4 207 3 
1 0 0 0 7 256 0 0 0 0 
0 0 0 0 0 273 0 0 0 5 
0 47 0 0 0 0 0 0 0 0 
354 0 0 0 0 0 0 2 0 0 
3 3 40 149 0 0 0 0 0 0 
59 0 0 0 0 0 0 0 0 0 
121 6 2 0 54 9 0 0 96 0 
1121 0 0 0 0 0 0 0 0 0 
0 0 0 366 19 0 0 0 0 0 
0 0 11 260 843 0 0 0 0 1 
6 3 0 0 4 20 0 0 96 0 
0 0 0 181 0 0 0 0 0 2 
47 17 64 0 0 0 0 0 107 0 
50 0 5 60 935 0 0 60 19 0 
0 4590 144 2 0 371 26 0 3 1 
177 35 0 0 2 0 155 0 0 9 
245 0 0 13 0 315 144 0 0 0 
0 0 181 0 0 0 0 0 0 0 
0 0 0 0 0 5 129 0 3 0 
898 0 0 4 0 0 0 0 0 1 
