4495 11 0 22 0 480 2846 0 0 0 
7600 18 0 1 53 3 0 0 0 0 
0 0 12 1 0 11 3854 12 0 0 
0 1 2 0 0 12 981 25 12 0 
0 0 0 0 0 1176 0 0 0 0 
407 0 0 0 0 1827 0 316 0 0 
5 0 0 522 0 3 0 0 0 12 
0 0 0 0 0 0 2080 0 2 0 
4087 0 401 143 52 0 0 0 0 0 
75 0 0 0 0 4 0 5 1288 248 
0 0 0 5 17 5172 5 0 0 0 
2053 0 0 0 14 0 0 3 0 0 
0 223 0 0 98 0 0 0 0 0 
2257 0 1 0 0 0 0 0 5 0 
774 0 3 0 0 0 0 0 0 1 
5 0 0 0 0 0 0 0 0 575 
1750 0 0 0 0 2 0 19 292 0 
2369 0 0 0 0 0 0 0 0 0 
4513 0 4 0 0 2 2 0 0 0 
15 0 0 632 0 0 0 0 0 0 
0 0 0 0 0 0 2112 0 0 0 
1418 0 1 0 0 54 2455 35 0 0 
0 0 0 29 0 4 3 0 663 0 
2 0 0 4 664 0 0 0 4 0 
0 0 0 0 8 793 0 0 0 0 
0 538 0 0 0 0 2 7 0 0 
0 0 1 1513 0 0 0 0 0 0 
1 0 1 7 4 465 0 0 0 0 
45 0 486 1 0 24 275 0 0 0 
0 0 0 0 0 0 0 0 161 0 
0 0 0 0 0 274 0 0 0 0 
0 0 1 5 361 7 0 0 0 0 
0 0 0 0 1018 55 1 0 0 0 
1 0 0 3 201 2 0 50 1 0 
0 0 0 0 0 464 18 0 0 0 
163 0 1 0 0 0 0 0 0 0 
0 0 1 4 0 324 185 2 0 1 
0 0 0 413 3615 16 0 1 0 0 
0 0 0 0 0 162 0 0 0 0 
28 0 0 15 0 14 0 5 4 506 
0 0 0 0 0 132 0 0 1 0 
2 0 0 0 160 2439 0 0 0 0 
0 0 0 0 33 1 1 0 13 540 
0 7 0 0 0 0 422 0 0 0 
0 0 0 72 0 0 36 33 0 27 
0 3 0 0 6 0 0 0 163 0 
0 3 0 0 0 57 270 1 0 0 
0 0 383 0 0 0 0 0 0 1 
0 0 5 128 0 0 1 67 0 20 
0 977 0 908 174 0 0 0 0 0 
0 0 0 0 1 0 0 0 165 0 
0 0 0 0 0 255 0 0 1 15 
0 0 0 1 0 293 0 0 0 0 
0 47 0 0 0 0 0 0 0 0 
336 0 0 0 0 0 0 0 0 4 
6 0 0 189 0 3 0 0 0 0 
73 0 0 0 0 0 0 0 0 0 
208 28 0 0 54 4 2 0 0 0 
1162 0 0 0 0 0 0 0 0 0 
0 0 0 359 34 0 0 0 0 0 
1 0 0 295 800 0 0 0 3 0 
0 1 0 178 3 0 0 0 0 0 
0 0 0 0 0 225 2 0 1 1 
0 0 0 45 1176 0 0 28 6 0 
0 4851 57 0 26 167 50 1 0 0 
0 2 0 0 0 67 562 0 18 190 
287 0 0 55 0 604 0 0 0 0 
0 0 188 0 0 0 0 0 0 0 
0 7 0 0 0 0 149 0 5 0 
1023 0 0 0 0 0 0 0 0 1 
0 0 2 53 7 22 628 0 0 1 
200 10 0 0 0 0 0 0 0 1 
0 0 0 0 3 33 424 0 0 0 
93 0 0 1 164 0 0 3 54 2 
264 30 1 0 0 30 0 0 0 0 
4 0 28 0 4 1 12 0 110 0 
8 0 3 0 120 0 32 0 0 0 
0 0 0 0 0 417 0 0 0 0 
0 0 0 0 0 524 0 2 0 0 
0 0 0 0 30 0 0 2 0 0 
0 0 0 0 105 0 34 2 0 0 
0 0 14 0 0 0 0 43 0 0 
