6109 70 126 94 129 885 3296 155 55 181 
7881 143 153 224 450 190 136 107 86 152 
121 78 142 108 59 133 2713 426 97 182 
306 2619 241 117 286 322 283 169 371 314 
2 23 2 1 0 78 1000 48 1 4 
0 0 6 0 0 1130 0 0 0 0 
579 11 17 3 15 1593 28 366 11 23 
0 23 4 94 84 97 0 85 66 68 
0 0 0 0 0 0 2245 0 1 0 
2747 58 443 430 199 234 128 127 193 56 
189 16 14 10 0 7 4 3 1187 240 
5 0 0 5 10 5235 2 0 0 0 
1206 164 200 57 84 65 159 111 68 34 
2 285 0 4 123 0 0 0 0 1 
408 141 589 185 163 223 192 102 320 101 
570 0 1 2 0 0 0 0 0 11 
6 0 0 0 0 0 0 0 1 573 
1895 4 37 0 4 20 9 15 221 1 
2365 0 0 0 0 0 0 0 0 0 
4578 0 0 11 14 6 18 10 0 14 
42 0 13 350 16 15 401 0 20 17 
1 0 0 0 0 0 2100 0 0 0 
1430 126 179 145 129 63 1767 172 33 164 
16 9 94 131 8 58 0 7 567 39 
0 0 0 0 0 315 0 0 0 7 
0 0 99 0 637 0 0 0 0 0 
0 0 0 0 0 0 0 0 100 0 
2 0 0 0 20 1152 0 0 0 0 
0 564 0 0 0 0 0 0 0 0 
0 1 1 1406 10 9 9 18 0 0 
0 0 2 21 1 432 0 0 10 0 
20 10 283 58 33 72 45 61 98 172 
0 0 0 0 0 0 0 0 151 0 
0 0 0 0 0 0 135 0 0 0 
0 0 0 0 0 299 0 0 0 0 
0 0 0 5 351 43 0 0 0 0 
0 0 0 1 1044 75 0 0 0 0 
18 99 30 31 7 21 17 0 6 25 
0 0 0 0 0 455 21 0 0 0 
153 0 0 0 0 0 0 0 0 1 
0 5 0 0 1 267 217 7 0 0 
3 0 19 530 3709 26 0 0 0 0 
0 0 0 0 0 152 0 0 0 0 
4 43 168 66 118 37 2 5 69 114 
19 0 8 0 22 30 13 14 0 1 
97 37 10 413 348 950 241 133 134 203 
1 0 0 0 15 0 0 1 8 573 
12 0 19 25 40 45 30 67 42 0 
13 0 0 1 179 1 6 10 0 0 
6 0 0 54 28 0 0 0 63 0 
110 50 17 12 52 0 18 0 25 6 
57 42 12 0 0 32 76 94 15 36 
42 0 1 5 0 15 0 103 1 56 
0 964 1 806 220 281 0 2 0 3 
72 0 0 161 7 0 77 19 0 23 
0 0 16 53 0 1 2 0 133 16 
30 0 20 0 1 187 0 0 15 0 
0 0 0 0 0 280 1 0 0 0 
0 47 0 0 0 0 0 0 0 0 
298 14 0 6 0 39 0 0 13 7 
13 0 118 117 16 5 24 18 0 0 
61 0 0 0 0 0 0 0 0 0 
63 4 1 25 73 0 72 12 23 0 
1054 0 0 0 0 0 0 0 0 0 
0 0 0 361 16 0 0 0 0 0 
0 41 7 191 753 44 16 3 21 23 
95 1 0 0 0 0 0 0 2 1 
