7522 194 0 0 0 0 12 1 0 0 
673 0 0 73 2221 4520 3 24 0 0 
93 1 1 0 0 1 3213 5 0 0 
0 0 0 0 0 30 979 29 0 0 
2 0 0 1166 0 12 0 0 1 0 
2508 0 0 0 0 0 0 0 0 0 
0 0 0 17 481 0 0 0 5 0 
0 31 0 1 0 2 262 498 1321 0 
4702 1 0 0 0 0 0 0 0 0 
1604 0 0 0 0 0 0 0 2 0 
5029 9 0 2 0 67 26 10 0 0 
143 0 0 21 0 4 1780 0 0 0 
2260 0 0 0 0 6 0 0 6 2 
0 0 0 0 791 0 0 0 0 0 
0 1 34 0 54 9 0 2 215 260 
0 0 0 0 0 0 2085 0 0 0 
1893 1 0 0 0 0 0 0 1 7 
361 0 0 10 0 2127 1928 0 0 0 
0 6 2 0 9 633 0 0 0 0 
2001 0 0 0 0 0 2 107 0 0 
3892 0 0 0 0 3 0 0 0 0 
0 0 0 699 0 1 0 0 0 0 
0 0 1 0 624 0 17 0 40 0 
0 0 12 0 766 3 0 10 0 0 
1487 1 0 4 11 0 1 0 0 0 
0 471 1 0 1 0 1 1 0 0 
0 1 2 0 0 393 429 0 0 0 
0 41 0 8 0 190 13 0 0 21 
0 0 0 370 3 0 0 0 0 0 
0 2 337 707 0 0 0 0 0 1 
0 0 0 0 1 0 243 0 0 0 
6 0 0 0 0 0 474 0 0 0 
0 0 0 0 0 164 0 0 0 0 
0 0 0 0 41 400 0 0 0 0 
0 0 0 4053 9 2 0 0 0 0 
0 206 0 0 0 0 0 0 0 0 
1 0 0 1 1 562 0 0 0 0 
3 1 96 0 0 0 0 33 0 0 
1313 1262 0 0 0 0 10 0 5 3 
407 0 0 8 0 0 0 0 0 0 
0 0 0 0 0 176 0 0 6 0 
0 0 0 0 0 0 0 0 173 0 
0 0 0 0 0 0 331 0 0 0 
1 345 0 18 10 9 0 2 1 0 
0 0 0 0 13 0 0 11 110 87 
0 0 0 12 255 1605 0 0 0 0 
0 0 0 0 0 0 0 0 162 0 
0 0 0 0 89 182 0 0 0 0 
0 0 0 0 1 274 0 3 28 0 
0 0 0 0 47 0 0 0 0 0 
277 0 0 0 0 0 0 0 0 0 
0 0 166 31 0 0 0 0 0 0 
3 0 54 3 13 0 0 1 1 0 
0 0 0 123 166 0 1 4 0 0 
32 0 0 3 0 1096 0 1 0 0 
690 0 7 14 0 0 0 0 0 388 
0 0 0 169 0 0 0 0 0 0 
51 0 3 0 165 0 6 1 0 0 
0 0 0 1 1302 0 0 0 0 0 
0 5288 1 0 0 0 0 0 0 0 
110 31 1 0 6 701 0 3 0 0 
957 0 0 0 0 0 1 0 0 0 
0 0 188 0 0 0 0 0 0 0 
16 5 1 82 0 13 0 51 0 0 
1454 0 0 0 0 1 0 0 0 0 
0 0 0 0 0 0 714 0 0 0 
580 0 0 0 0 0 0 0 0 5 
399 114 3 0 0 0 0 7 5 6 
0 225 0 0 15 0 0 4 24 79 
0 0 0 0 16 0 0 0 313 0 
0 0 0 0 0 0 0 0 159 0 
0 0 0 0 0 0 0 0 0 753 
31 71 12 10 6 0 1 266 0 7 
0 0 0 0 0 612 0 0 0 0 
0 0 0 0 3 29 0 0 0 0 
0 0 0 152 0 0 0 0 0 0 
6 0 53 0 0 0 0 0 0 0 
0 88 0 0 0 0 0 0 0 0 
0 0 0 32 434 0 0 0 0 0 
0 0 0 0 0 0 0 550 0 5 
0 197 0 0 0 0 0 2 0 0 
0 0 0 0 0 0 0 0 142 1 
1 0 0 0 0 0 186 0 0 0 
3 58 0 1 0 541 0 0 0 1 
