4529 0 0 39 1 507 2711 2 4 0 
7536 15 0 0 38 3 0 0 0 0 
0 0 0 0 11 0 3292 0 0 0 
0 0 1 0 0 10 985 48 5 0 
0 0 0 0 0 1174 0 0 0 0 
433 0 1 0 0 1723 0 381 0 0 
0 1 0 361 41 0 0 0 65 52 
0 0 0 0 0 0 2094 0 1 0 
4013 0 418 173 49 0 0 0 1 0 
40 0 2 0 1 0 0 1 1264 298 
0 0 0 3 6 5159 1 0 0 0 
2066 5 0 0 1 0 0 0 1 6 
2260 0 0 0 3 4 0 0 0 0 
782 0 0 0 0 2 0 0 0 5 
4 0 0 0 0 0 1 1 0 567 
1727 0 2 0 0 6 0 75 250 1 
2215 0 0 0 0 0 0 0 0 0 
4502 0 0 0 0 0 1 0 0 6 
6 0 2 640 0 10 0 0 0 0 
0 0 0 0 0 0 2128 0 0 1 
1138 0 0 0 0 43 2721 0 0 0 
0 0 0 0 0 4 0 0 695 0 
0 0 0 0 680 0 0 0 0 0 
0 0 0 0 10 784 0 0 0 0 
0 535 0 0 0 0 0 0 0 0 
0 0 1 1501 0 0 0 1 0 4 
0 1 0 7 7 456 0 0 0 0 
0 0 784 1 0 0 39 0 2 0 
0 0 0 0 0 0 0 0 166 0 
0 0 0 0 0 273 0 0 0 0 
0 0 0 4 361 6 0 0 0 0 
0 0 0 0 1023 49 0 0 0 0 
244 1 0 1 0 0 0 0 0 1 
2 0 5 0 0 449 22 0 0 0 
170 0 1 0 0 0 0 0 0 0 
0 2 0 0 0 354 162 0 0 0 
0 0 0 398 3617 32 0 0 0 0 
0 0 0 0 0 206 0 0 0 0 
22 0 0 0 2 6 0 0 0 540 
0 0 0 0 0 133 0 0 0 0 
0 13 36 0 223 2283 0 0 0 6 
1 0 0 0 0 0 413 0 0 0 
9 0 50 54 0 11 14 16 14 5 
0 0 60 0 0 0 0 5 107 0 
0 0 0 0 0 46 264 0 0 23 
59 0 216 0 0 0 0 0 0 111 
0 1 0 106 0 51 0 0 63 0 
0 721 0 994 209 0 1 1 0 1 
0 0 0 0 0 0 0 0 165 0 
10 0 0 0 0 261 0 0 0 0 
0 0 0 3 0 307 0 1 0 0 
0 47 0 0 0 0 0 0 0 0 
301 5 0 0 1 1 0 0 0 0 
0 3 0 182 9 0 0 0 1 2 
74 0 0 1 0 0 0 0 0 0 
28 0 0 0 195 0 0 73 1 0 
1131 0 0 0 0 0 0 0 0 0 
0 0 5 205 854 14 1 0 8 9 
0 0 0 166 0 0 1 0 0 0 
0 0 0 0 2 227 0 0 0 0 
0 0 0 58 1124 2 10 106 0 0 
0 4791 56 0 0 315 99 1 0 13 
18 6 0 3 0 3 284 13 114 414 
186 0 0 3 24 715 7 2 0 0 
2 0 184 0 0 2 0 0 0 0 
0 42 10 0 1 0 115 0 0 0 
1405 0 0 0 0 1 0 2 0 0 
0 0 25 104 6 22 555 0 0 0 
185 0 0 0 0 1 0 0 0 0 
0 0 0 0 0 20 500 0 0 0 
119 0 150 0 63 6 0 0 2 0 
252 0 0 0 0 25 0 0 46 0 
0 0 0 4 0 46 47 13 49 0 
0 0 0 0 0 0 0 12 22 719 
1 0 0 0 0 414 1 0 0 0 
0 0 4 0 0 537 0 0 0 0 
0 0 0 0 32 0 0 0 0 0 
0 34 1 102 14 0 0 0 0 0 
0 0 11 0 0 0 0 47 0 0 
0 0 0 0 88 0 0 0 0 0 
0 0 0 441 23 0 0 0 0 2 
0 0 0 0 0 0 107 122 0 328 
0 187 0 0 0 0 0 0 0 0 
