7848 181 0 0 3 0 41 0 0 44 
435 0 0 74 2692 4620 4 0 0 0 
7 8 0 0 30 4 2392 1530 0 8 
0 0 0 0 0 45 984 4 0 0 
0 0 0 1138 0 28 0 1 1 0 
2627 0 0 0 0 0 0 0 0 0 
0 0 0 0 536 0 2 0 2 0 
1 2 0 18 0 0 164 386 1670 0 
4618 0 2 0 0 0 0 0 1 0 
1648 1 0 0 1 0 0 1 0 0 
4680 34 1 0 0 487 12 35 29 0 
83 0 0 0 10 21 1513 0 489 0 
0 315 0 0 0 0 0 0 0 0 
2120 1 0 0 0 0 0 0 76 4 
0 0 0 0 726 0 0 0 0 0 
0 0 0 76 45 0 1 0 0 459 
0 0 0 0 0 0 2215 0 0 0 
2269 1 0 0 0 0 0 0 0 0 
399 0 0 0 0 2482 1515 0 0 0 
0 2 0 0 11 637 0 3 0 5 
2005 0 0 10 12 0 10 79 0 0 
3978 0 0 0 1 2 0 0 0 0 
1 0 0 788 0 0 0 3 0 0 
0 0 0 0 0 328 0 0 0 0 
0 20 34 245 359 0 0 0 0 14 
0 4 15 2 787 0 0 0 1 0 
6 85 0 0 0 453 3 0 0 0 
1441 2 2 0 1 0 1 0 48 0 
0 474 0 0 1 0 0 0 0 0 
1 0 0 0 0 417 419 0 0 0 
0 0 0 1 0 0 155 0 0 0 
192 0 64 0 2 0 0 0 17 0 
0 0 0 371 5 0 0 0 0 0 
0 4 254 840 0 0 0 0 0 0 
0 0 1 0 1 1 240 0 0 0 
4 1 0 0 0 0 474 0 0 0 
0 0 0 0 0 149 0 0 0 0 
0 0 0 0 40 478 0 0 0 0 
0 0 3 4074 25 0 0 1 0 0 
0 152 0 0 0 0 0 0 0 0 
1 0 0 0 0 634 0 2 0 0 
58 0 0 0 30 0 44 1 0 0 
1284 786 0 0 0 0 94 15 177 280 
0 0 0 0 0 0 0 0 0 588 
415 0 0 1 0 0 0 0 0 0 
1 0 4 0 0 184 1 0 0 7 
0 0 0 0 0 0 0 0 172 0 
0 0 0 0 0 0 324 0 0 0 
0 6 0 242 9 0 0 123 0 0 
0 186 4 24 3 0 0 5 0 0 
0 6 0 36 444 1770 0 1 0 0 
0 0 0 0 0 0 0 0 165 0 
0 0 0 0 87 177 0 0 0 0 
0 3 6 0 29 238 4 0 0 0 
0 0 0 0 47 0 0 0 0 0 
309 28 0 5 0 0 4 0 0 0 
0 0 176 18 0 2 0 0 0 0 
13 0 24 0 5 0 0 0 23 13 
0 0 1 290 0 0 0 0 0 0 
36 0 0 6 0 1037 0 1 0 0 
0 0 0 24 370 0 0 0 0 1 
184 42 6 0 0 0 10 13 80 765 
1 0 0 0 0 0 2 1 124 0 
0 0 0 181 0 1 0 0 1 0 
0 0 0 0 0 0 44 18 167 2 
0 0 0 1 1197 0 1 1 0 0 
0 5165 0 0 0 0 0 0 0 0 
533 7 6 213 0 2 35 5 0 0 
781 1 1 1 0 6 0 0 0 0 
0 0 197 0 0 0 0 0 0 0 
60 0 21 0 0 19 0 3 42 0 
911 0 5 74 0 0 1 1 0 0 
0 0 0 0 0 0 709 0 0 0 
0 9 0 0 13 174 0 3 8 0 
0 0 229 0 0 1 0 0 0 0 
0 0 0 0 0 220 81 0 1 10 
0 0 1 4 0 24 0 0 177 0 
0 0 0 0 0 0 0 0 157 0 
3 0 0 0 0 0 1 0 0 155 
0 0 0 0 363 2 0 0 0 0 
