4685 0 0 18 1 404 2657 0 0 0 
7386 20 0 0 43 3 0 0 0 0 
0 0 0 1 0 0 3308 0 0 3 
0 0 0 0 0 7 973 52 25 0 
0 0 0 0 0 1179 0 0 0 0 
18 0 0 0 0 2039 0 413 0 0 
0 82 0 175 4 1 209 7 22 0 
0 0 0 0 0 0 2107 0 1 0 
4063 3 360 209 63 0 1 0 0 0 
62 4 0 0 2 0 0 0 1307 226 
0 0 0 5 39 5122 4 0 0 0 
1911 2 29 0 0 0 0 0 4 0 
2271 4 0 0 0 0 15 17 0 0 
785 0 16 0 3 0 0 0 0 0 
3 0 0 0 0 0 0 0 0 571 
2096 0 0 2 0 1 0 8 0 0 
1947 0 0 0 0 0 0 0 0 0 
4360 0 0 0 0 0 5 0 6 1 
40 0 6 600 0 0 0 0 13 0 
0 0 0 0 0 0 2093 0 0 0 
1220 0 3 2 0 82 2585 0 0 1 
3 0 0 0 0 1 0 0 695 0 
0 0 0 0 682 0 0 0 0 0 
0 0 0 0 18 777 0 0 2 0 
0 0 0 1507 0 0 0 2 0 0 
0 0 0 8 3 466 0 0 0 0 
8 5 758 0 0 23 30 0 0 0 
0 0 0 0 0 273 0 0 0 0 
0 0 0 7 359 5 0 0 0 0 
0 1 0 0 969 59 0 0 0 0 
0 6 0 0 1 112 1 6 0 115 
7 0 0 0 0 449 22 0 0 0 
170 0 0 0 0 0 2 0 0 0 
0 0 0 1 0 286 149 0 0 0 
0 0 0 393 3686 13 0 1 0 0 
0 0 0 0 0 206 0 0 0 0 
166 0 50 0 0 0 3 243 0 107 
0 0 0 0 0 131 1 1 0 0 
0 19 0 0 304 2230 0 30 0 0 
0 1 0 0 0 0 414 0 0 0 
23 1 0 0 4 0 58 1 95 0 
0 0 0 25 0 4 0 0 144 0 
0 0 0 0 0 66 264 1 0 2 
0 0 0 0 205 0 0 149 0 29 
0 0 0 216 0 1 0 0 0 4 
0 512 2 1087 247 6 7 1 0 0 
0 0 0 1 0 0 0 0 161 0 
0 1 0 2 0 264 3 0 1 0 
1 0 0 2 0 306 0 0 1 0 
0 47 0 0 0 0 0 0 0 0 
271 0 0 1 0 1 0 0 0 0 
2 0 0 195 0 0 0 0 0 0 
74 0 0 0 0 0 0 0 0 0 
43 0 3 86 61 35 0 66 0 0 
1132 0 0 0 0 0 0 0 0 0 
0 3 0 245 852 0 0 0 0 1 
0 0 0 169 0 0 0 0 0 0 
50 66 0 1 0 31 1 4 0 79 
0 0 3 123 1113 0 3 56 0 0 
9 4635 120 0 0 477 33 0 0 0 
0 25 0 0 0 52 52 115 545 62 
539 0 0 0 0 390 0 0 23 0 
0 1 187 0 0 0 0 0 0 0 
30 0 0 0 5 29 52 53 0 0 
1456 0 1 1 0 0 0 0 0 0 
2 0 7 96 14 3 592 0 0 0 
580 0 3 0 0 0 0 0 0 0 
0 0 0 0 0 33 501 0 0 0 
157 0 141 22 0 0 0 0 25 0 
281 0 9 0 0 0 0 0 30 7 
4 0 0 0 0 0 17 2 132 4 
0 0 0 0 0 0 0 0 33 719 
0 0 0 0 0 409 0 0 0 0 
0 0 0 1 0 613 0 0 0 0 
0 1 0 0 22 0 3 2 0 4 
0 0 2 0 84 0 26 36 0 0 
0 0 18 0 0 0 0 41 0 0 
0 0 0 0 88 0 0 0 0 0 
0 0 0 443 23 0 0 0 0 0 
0 3 0 0 71 0 23 0 0 460 
0 206 0 0 0 0 0 0 0 0 
0 0 0 45 1 0 0 3 94 0 
0 0 0 0 0 0 0 0 186 0 
0 610 0 0 0 0 0 0 0 0 
