7624 198 1 0 0 0 18 0 0 0 
481 0 17 72 2927 4127 0 0 0 0 
38 0 0 0 0 1 2104 1132 11 68 
0 0 0 0 0 27 996 6 0 0 
10 0 0 1119 0 40 0 0 3 0 
2541 0 0 0 0 0 0 0 0 0 
0 0 0 9 508 3 0 0 0 0 
0 0 0 0 0 0 291 308 1508 0 
4670 0 0 0 0 0 0 1 0 0 
1605 1 0 0 0 0 0 0 0 0 
4559 0 0 12 4 597 7 19 0 1 
135 0 1 0 0 0 1356 0 585 0 
2243 0 2 0 1 8 0 5 21 3 
0 0 0 0 778 0 0 1 0 0 
47 16 36 0 0 0 0 0 83 392 
0 0 0 0 0 0 2067 0 0 0 
2072 1 0 0 0 0 0 0 0 0 
314 0 0 1 6 1914 2257 8 0 0 
1 21 0 0 3 614 2 0 0 0 
2037 0 0 0 0 0 16 85 1 0 
3881 0 1 0 0 2 0 0 0 0 
0 1 1 675 4 6 0 0 10 1 
0 105 1 70 253 0 79 4 0 168 
1 27 24 0 740 0 0 0 0 0 
12 65 0 0 0 447 0 1 0 1 
1485 7 0 2 15 0 0 0 0 0 
0 466 0 0 6 0 0 0 0 0 
0 0 0 0 0 383 439 2 1 0 
0 0 0 0 0 0 166 0 0 0 
91 50 42 0 30 0 0 1 0 59 
0 0 0 363 7 0 0 0 0 0 
0 0 245 829 1 0 0 0 0 0 
0 0 1 1 0 0 250 4 0 0 
0 1 0 0 0 0 478 0 0 0 
0 0 0 0 0 172 0 0 0 0 
1 0 0 0 52 470 0 0 0 0 
1 0 0 4063 9 0 0 0 0 0 
0 206 0 0 0 0 0 0 0 0 
4 0 0 0 0 566 0 0 0 0 
1 0 0 0 11 39 1 80 0 1 
1035 985 103 396 0 0 43 0 0 0 
0 0 0 6 0 0 0 0 1 584 
410 0 0 0 0 3 0 0 1 0 
0 0 3 0 0 170 0 0 0 0 
0 0 0 0 0 0 0 0 172 0 
0 0 0 0 0 0 329 0 0 0 
15 355 0 0 5 0 7 4 2 0 
13 18 0 0 45 0 39 27 14 65 
0 0 0 8 258 1671 0 0 1 0 
0 0 1 0 0 0 0 0 165 0 
0 0 0 0 90 181 0 0 0 0 
0 1 0 0 15 241 0 0 0 45 
0 0 0 0 47 0 0 0 0 0 
348 0 0 0 0 0 0 0 0 0 
1 0 170 14 0 0 0 12 0 0 
0 11 0 0 0 60 3 0 0 0 
6 0 0 243 0 43 0 0 0 0 
33 3 0 0 0 1121 0 0 0 0 
912 5 0 0 0 1 178 0 0 0 
0 0 0 179 0 0 0 0 0 0 
0 55 0 166 2 2 0 1 0 4 
2 0 0 3 1288 0 1 0 0 0 
0 5267 0 0 0 0 0 0 0 0 
294 0 0 26 2 190 0 335 0 0 
915 0 0 2 0 0 0 23 0 0 
0 0 188 0 0 0 0 0 0 0 
60 17 0 26 0 0 9 0 3 44 
1370 0 0 0 0 0 0 0 0 0 
0 0 0 0 0 0 713 0 0 0 
0 0 0 0 57 0 9 130 0 10 
442 39 32 0 2 0 0 0 0 0 
0 192 0 16 4 8 38 3 69 3 
0 0 2 0 0 0 0 7 316 0 
0 0 0 0 0 0 0 0 158 0 
0 0 2 0 0 0 0 0 0 166 
0 0 2 0 11 0 0 330 76 0 
0 0 0 0 0 527 0 0 0 1 
0 0 0 0 0 31 0 1 0 0 
0 0 0 125 0 1 0 0 0 0 
1 0 53 0 1 0 2 1 0 0 
0 88 0 0 0 0 0 0 0 0 
0 0 0 32 431 0 0 0 0 0 
0 6 0 1 1 8 174 329 0 0 
0 198 0 0 0 0 0 0 0 0 
