7659 202 0 1 0 5 31 0 1 230 
602 0 0 56 2484 4685 0 0 0 0 
41 2 23 0 0 0 2222 1675 0 7 
0 0 0 0 0 32 995 0 0 0 
0 1 0 1138 0 30 0 0 2 0 
2614 0 0 0 0 0 0 0 0 0 
0 0 0 0 540 0 0 0 0 1 
0 1 1 0 0 0 244 375 1632 0 
4625 3 0 0 0 0 0 0 0 0 
1662 0 0 0 0 0 0 0 0 0 
4800 42 5 0 1 377 15 19 1 1 
104 0 0 0 0 15 1463 0 561 0 
0 315 0 0 0 0 0 0 0 0 
2128 0 1 0 2 0 0 0 77 0 
0 0 0 0 724 1 0 0 0 0 
0 0 0 1 280 0 0 0 11 291 
0 0 0 0 0 0 2183 0 0 0 
2303 2 0 0 0 0 0 1 0 0 
464 0 0 12 0 1994 1924 0 0 0 
0 18 0 0 0 451 181 0 0 0 
2030 0 0 0 0 0 19 53 0 0 
4030 0 0 0 0 1 0 0 0 0 
0 1 3 785 0 0 1 3 0 0 
0 0 0 0 0 330 0 1 0 0 
0 5 119 413 91 0 0 0 0 34 
4 5 0 2 1160 0 0 0 0 0 
1 105 0 0 10 431 0 2 0 0 
1434 0 1 32 15 6 1 1 0 0 
0 477 0 0 1 0 0 0 0 0 
0 0 1 0 0 398 434 0 3 0 
0 0 0 0 0 0 157 0 0 0 
77 19 116 0 0 19 0 0 24 20 
0 0 0 374 5 0 0 0 0 0 
1 0 244 878 0 0 0 0 0 0 
0 0 0 2 0 0 241 0 0 0 
5 1 0 0 0 0 473 0 0 0 
0 0 0 0 0 149 0 0 0 0 
0 0 0 0 38 477 0 0 0 0 
0 0 0 4041 56 0 0 0 0 0 
0 152 0 0 0 0 0 0 0 0 
2 0 0 0 0 633 0 0 0 0 
114 0 0 0 0 1 0 0 18 0 
1501 480 5 13 4 0 34 0 140 475 
0 0 0 0 4 0 0 0 0 594 
411 0 8 0 2 0 0 0 0 0 
0 0 0 0 3 194 1 0 0 0 
0 0 0 0 0 0 0 0 172 0 
0 1 0 0 0 0 323 0 0 0 
0 22 0 215 9 3 25 100 0 0 
0 222 0 0 0 0 0 0 0 0 
0 10 0 22 422 1811 0 3 0 0 
0 0 0 0 0 0 0 0 165 0 
0 0 0 0 99 163 0 0 2 0 
0 42 0 0 0 230 0 0 0 9 
0 0 0 0 47 0 0 0 0 0 
336 0 15 0 0 0 0 0 0 0 
0 0 151 44 0 0 0 0 1 0 
45 0 0 0 1 2 0 7 0 16 
0 0 0 253 21 5 1 2 7 0 
13 1 0 0 0 1068 0 0 0 0 
0 0 0 24 371 0 0 0 0 0 
206 0 44 0 0 0 19 42 59 725 
0 0 0 4 1 0 0 3 120 0 
0 0 0 183 0 0 0 0 0 0 
0 3 0 0 0 0 87 25 105 16 
1 0 0 1 1189 0 0 0 0 0 
0 5154 0 0 0 2 0 0 0 0 
682 0 0 121 0 0 0 0 0 0 
723 0 2 0 0 0 0 1 0 0 
0 0 197 0 0 0 0 0 0 0 
42 2 3 0 9 89 0 0 0 0 
805 0 0 164 0 0 0 0 4 0 
0 0 0 0 0 0 710 0 0 0 
0 0 2 0 0 200 0 0 0 0 
0 0 225 1 0 0 2 1 0 0 
0 0 13 0 3 268 20 8 0 0 
1 0 0 1 0 0 0 0 199 0 
0 0 0 0 0 0 0 0 157 0 
79 0 1 0 0 0 0 0 2 74 
