7633 200 0 0 0 11 104 0 0 0 
593 0 1 84 2612 4405 0 0 7 0 
202 0 15 0 0 1 2011 1668 0 1 
0 0 0 0 0 33 997 0 0 0 
8 0 0 1144 0 20 0 0 0 0 
2584 0 0 0 0 0 0 0 0 0 
1 0 0 19 523 0 0 0 0 0 
0 0 0 0 0 2 108 405 1587 0 
4674 0 0 0 0 0 0 0 0 0 
1625 0 1 0 0 2 0 0 0 0 
4781 0 0 2 0 361 27 0 1 0 
116 0 0 0 0 18 1295 0 655 4 
0 321 0 0 0 0 0 0 0 0 
2245 0 0 9 0 0 1 0 23 0 
0 0 0 0 775 0 0 0 0 0 
0 0 0 4 25 0 0 5 95 452 
0 0 0 0 0 2 2066 0 0 0 
2356 3 0 0 0 0 0 0 0 0 
296 0 7 0 0 1668 2537 0 0 0 
6 12 1 0 11 615 0 0 0 9 
2018 0 0 1 0 0 17 99 1 0 
3891 0 0 0 0 4 0 0 0 1 
0 0 3 690 0 0 0 0 5 0 
11 0 139 302 49 11 0 2 137 26 
0 0 0 0 784 15 0 0 0 0 
1 109 0 0 0 425 0 5 0 0 
1451 1 0 4 26 0 1 30 1 0 
0 475 0 1 1 0 0 0 0 0 
0 0 0 0 0 383 449 0 0 0 
0 0 0 0 0 0 166 0 0 0 
53 0 0 1 0 83 0 137 0 0 
0 0 0 368 3 0 0 0 0 0 
0 0 308 776 0 0 0 1 0 0 
0 0 0 0 0 0 256 0 1 0 
3 0 0 0 0 0 478 0 0 0 
0 0 0 0 0 164 0 0 0 0 
0 0 0 1 42 473 0 0 0 0 
0 0 0 4076 12 0 0 0 0 0 
0 171 0 0 0 0 0 0 0 0 
1 3 0 0 0 564 0 0 2 0 
4 0 0 0 0 3 0 13 19 94 
686 1183 0 38 0 1 0 0 0 704 
0 0 0 0 0 0 0 0 0 589 
402 0 0 1 0 2 10 0 8 0 
0 0 0 0 0 154 0 0 0 11 
0 0 0 0 0 0 0 0 172 0 
0 0 0 0 0 0 332 0 0 0 
10 272 30 0 2 72 0 0 1 0 
0 56 0 1 0 3 147 0 16 0 
0 4 0 23 419 1612 3 2 0 0 
0 0 0 0 0 0 0 0 165 0 
0 0 0 0 97 172 0 0 0 0 
0 0 0 0 0 271 0 21 0 0 
0 0 0 0 47 0 0 0 0 0 
316 4 7 5 0 0 2 0 13 0 
0 0 177 16 0 0 1 3 0 0 
0 0 0 21 0 3 0 0 0 49 
12 0 2 21 0 3 0 127 46 83 
8 0 1 0 0 1158 1 0 0 0 
0 0 0 25 371 0 0 0 0 0 
1070 24 0 0 11 0 0 0 0 5 
0 0 0 176 1 0 0 0 3 3 
0 0 16 1 0 0 0 213 0 0 
0 0 0 1 1232 1 0 0 0 0 
0 5147 0 0 0 0 0 0 3 0 
291 18 0 0 0 521 0 0 0 0 
926 0 0 0 0 0 0 2 0 0 
0 0 199 2 0 0 0 0 2 0 
88 0 0 46 4 20 0 0 0 0 
949 0 6 0 0 38 3 0 0 0 
0 3 0 0 0 1 711 0 0 0 
0 17 0 0 1 0 48 147 0 0 
0 1 395 6 0 0 5 0 0 0 
17 0 0 0 21 0 28 0 252 0 
0 0 2 0 0 0 0 1 323 0 
0 0 0 0 0 0 0 1 158 0 
0 0 1 0 0 0 3 0 0 159 
1 318 0 0 47 32 0 12 0 0 
2 0 0 0 0 526 0 0 0 0 
0 0 0 0 7 29 0 0 0 0 
0 0 0 99 0 0 0 0 0 0 
