7682 236 0 0 0 0 81 0 0 1 
652 0 2 58 2622 4376 0 0 0 0 
127 0 0 0 9 0 2371 1401 0 8 
0 0 0 0 0 28 997 2 0 2 
0 0 1 1124 0 44 0 1 0 0 
2580 0 0 0 0 0 0 0 0 0 
0 0 0 28 515 0 0 0 0 0 
0 0 0 0 0 0 158 286 1655 5 
4687 0 0 0 0 0 0 1 0 0 
1612 0 2 3 0 0 1 0 2 0 
4724 0 0 0 0 423 5 1 20 0 
67 5 0 0 25 16 1250 1 730 1 
0 316 0 0 0 0 0 0 0 0 
2242 0 6 4 0 0 27 0 2 0 
1 0 0 0 771 0 0 0 0 0 
2 0 0 10 0 1 0 8 38 527 
0 0 0 0 0 1 2039 1 0 0 
2327 3 0 0 0 0 0 0 0 0 
284 0 0 4 0 1676 2565 0 0 0 
0 2 0 0 0 641 3 1 0 5 
2009 5 0 0 7 5 9 76 0 0 
3923 2 0 0 0 2 0 2 0 0 
0 0 0 697 1 0 0 0 0 0 
18 0 306 119 82 0 3 0 100 51 
0 0 5 0 793 1 0 0 4 0 
4 100 0 1 0 438 0 0 0 0 
1459 13 3 13 6 0 0 0 5 8 
0 478 0 0 1 0 0 0 0 0 
0 0 0 0 0 414 418 0 0 0 
0 0 0 0 0 0 165 0 0 0 
93 0 0 3 0 52 0 125 0 1 
0 0 0 364 4 0 0 0 1 1 
0 0 267 818 0 0 0 0 5 0 
0 0 0 0 0 0 255 0 0 0 
2 0 0 0 0 0 477 0 0 0 
0 0 0 0 0 164 0 0 0 0 
0 0 0 1 43 473 0 0 0 0 
0 0 0 4060 29 0 1 0 0 0 
0 162 0 0 0 0 0 0 0 0 
1 0 0 1 0 567 0 0 0 0 
35 0 0 0 0 0 0 46 2 50 
676 1204 0 90 2 0 0 0 0 645 
1 0 1 0 2 0 0 0 0 580 
423 0 0 0 0 0 0 0 0 0 
0 3 0 3 1 158 0 0 0 0 
0 0 0 0 0 0 0 0 172 0 
0 0 0 0 0 0 332 0 0 0 
28 193 124 0 0 19 22 0 0 0 
1 0 0 4 0 0 217 0 0 1 
0 6 0 15 453 1585 0 1 0 0 
0 0 0 0 0 0 0 0 165 0 
1 0 0 0 92 176 0 0 0 1 
23 0 3 0 0 258 0 9 0 0 
0 0 0 0 47 0 0 0 0 0 
271 0 0 0 0 0 0 71 0 0 
0 0 172 25 0 0 0 0 0 0 
0 0 0 0 0 0 0 0 5 68 
4 0 0 82 0 55 0 78 70 5 
11 0 0 0 0 1150 0 1 0 0 
1 0 0 27 367 0 0 0 0 0 
1093 0 3 0 0 1 0 10 0 0 
0 0 0 184 0 0 0 0 0 0 
9 0 0 0 0 0 1 216 0 4 
0 0 0 1 1233 0 0 0 0 0 
0 5150 0 1 0 1 0 0 0 0 
484 32 9 0 0 216 84 0 0 0 
918 0 0 0 1 0 0 2 1 0 
0 0 203 0 0 0 0 0 0 0 
116 0 0 6 0 19 0 0 0 9 
971 0 0 0 0 2 0 0 0 0 
0 0 2 0 0 0 710 1 0 1 
0 29 0 6 0 5 104 69 0 0 
0 0 404 0 0 0 0 0 0 0 
0 13 1 2 0 1 55 1 244 0 
0 0 0 0 0 0 1 0 325 0 
0 0 0 0 0 0 0 0 159 0 
0 0 4 0 0 0 0 0 0 159 
0 389 4 0 19 0 0 2 0 8 
0 0 0 0 0 531 0 0 0 0 
0 0 0 0 0 31 0 0 1 0 
2 0 0 93 0 0 0 0 0 0 
