4317 0 0 13 0 609 3039 0 0 0 
7589 60 0 0 26 33 0 0 0 0 
0 1 0 0 1 0 3404 490 0 0 
7 0 0 0 0 2 940 68 7 7 
0 0 0 0 0 1176 0 0 0 0 
332 0 0 0 1 1786 0 446 0 17 
135 0 0 340 0 0 4 9 52 0 
0 0 0 0 0 1 2096 0 1 0 
4099 0 353 165 63 0 0 0 0 0 
101 0 1 0 0 0 0 0 1317 212 
0 1 0 14 10 5145 1 0 0 0 
2080 0 0 4 0 0 0 0 1 0 
0 208 0 0 108 0 0 0 0 0 
2290 2 0 0 0 0 0 0 0 1 
765 1 0 1 0 0 0 0 0 0 
11 0 0 0 0 0 0 0 0 570 
1793 1 0 0 0 9 0 56 207 0 
2365 0 0 0 0 0 0 0 0 0 
4492 0 0 0 9 5 0 0 0 0 
43 0 0 602 0 8 0 0 0 0 
0 0 0 0 0 0 2142 0 1 0 
1473 0 0 0 0 17 2365 0 4 9 
0 0 0 0 4 0 2 0 692 0 
1 0 0 0 677 0 0 0 0 0 
0 2 0 0 13 783 0 1 0 1 
0 538 0 0 1 0 0 0 0 0 
0 0 0 1511 0 0 0 0 0 0 
0 0 0 13 6 457 0 0 1 0 
0 16 655 0 0 0 137 0 24 0 
0 0 0 0 0 0 0 0 165 0 
0 0 0 0 0 274 0 0 0 0 
0 0 0 5 360 9 0 0 0 0 
0 0 0 0 1028 54 1 0 0 0 
1 0 1 0 210 0 0 28 0 16 
0 1 0 0 0 460 16 0 4 0 
163 1 0 0 0 0 0 0 0 0 
0 0 0 4 0 329 173 8 2 0 
0 0 0 358 3701 26 0 0 0 0 
0 0 0 0 0 171 0 0 0 0 
160 0 0 0 0 1 23 0 177 209 
0 0 6 0 0 125 0 1 1 0 
0 0 0 0 347 2250 0 0 2 0 
0 0 0 0 27 2 0 0 28 532 
0 1 0 0 0 1 423 0 0 0 
1 0 14 0 36 0 2 43 1 68 
1 2 0 12 0 0 0 0 157 0 
0 0 0 5 0 53 274 0 0 0 
0 12 345 5 0 0 0 0 25 0 
2 69 0 0 2 0 0 150 0 0 
5 957 2 947 153 0 0 0 1 0 
1 0 0 0 0 0 0 0 164 0 
0 0 17 21 0 230 0 1 0 1 
5 0 0 2 1 268 0 1 16 0 
0 47 0 0 0 0 0 0 0 0 
333 0 0 0 0 0 1 6 0 1 
29 0 15 121 0 0 0 12 20 0 
72 0 0 0 1 0 0 0 0 0 
234 0 28 0 0 30 0 1 1 0 
1170 0 0 0 0 0 0 0 0 0 
0 0 0 378 17 0 0 0 0 0 
0 1 0 343 762 1 0 0 2 0 
0 0 0 183 0 0 0 0 0 0 
0 118 0 0 0 112 0 0 0 0 
0 0 0 25 1083 0 0 109 11 6 
0 4740 23 2 16 286 92 0 0 0 
0 0 0 0 0 51 626 0 0 157 
48 0 0 0 0 874 0 0 0 14 
0 0 202 0 0 1 0 0 0 0 
0 0 7 0 2 0 135 0 0 13 
973 0 0 0 0 1 0 0 0 1 
0 1 0 67 4 33 610 0 0 0 
208 5 0 0 0 0 0 0 0 0 
0 0 17 0 0 22 366 0 0 0 
6 13 1 285 7 5 0 0 0 2 
225 6 0 94 0 0 0 1 0 0 
0 0 0 2 1 0 0 4 152 0 
0 0 14 0 11 0 138 0 0 0 
0 0 0 0 0 416 0 0 0 0 
2 0 0 0 3 523 0 0 0 0 
0 0 0 0 36 0 0 0 0 0 
1 0 0 0 23 0 0 8 65 0 
