7559 308 0 0 0 0 96 0 0 0 
576 0 2 44 2909 4185 14 0 0 0 
35 0 0 0 18 0 2147 1718 0 0 
0 0 0 0 0 30 1003 0 0 0 
0 0 0 1138 0 32 0 0 0 0 
2590 0 0 0 0 0 0 0 0 0 
0 0 0 9 541 0 0 0 1 0 
0 0 1 0 0 0 244 384 1484 0 
4698 0 0 0 0 0 0 0 0 0 
1625 0 0 0 0 0 0 0 0 0 
4722 2 2 0 0 467 9 0 0 0 
104 0 1 0 0 21 1348 1 601 0 
0 315 0 0 0 0 0 0 0 0 
2233 0 0 2 37 0 2 1 6 0 
0 0 0 0 764 0 0 1 0 0 
0 0 4 11 0 0 0 1 12 558 
0 0 0 0 0 0 2085 0 0 0 
2323 1 0 0 0 0 0 0 0 0 
317 0 0 0 0 1623 2574 0 0 1 
2 8 0 1 0 637 0 0 0 0 
2022 0 7 0 0 0 23 75 0 0 
3928 0 0 0 0 1 1 0 0 0 
0 0 0 792 0 1 0 2 0 0 
40 0 242 104 226 0 0 1 26 43 
2 0 0 0 797 1 0 6 0 0 
5 83 0 0 0 451 0 0 0 1 
1479 0 0 0 21 0 0 0 6 0 
0 473 0 0 3 0 0 0 0 0 
0 0 0 1 0 386 448 0 0 0 
0 0 0 1 0 0 163 0 0 1 
70 0 3 0 0 0 0 190 0 13 
0 0 0 367 6 0 0 1 0 0 
2 0 260 826 4 0 0 0 0 1 
0 0 0 0 0 0 257 0 0 2 
5 0 1 0 0 0 472 0 0 0 
0 0 0 0 0 162 0 0 0 0 
0 0 0 0 41 475 0 0 0 0 
0 0 0 4059 24 0 2 0 0 0 
0 162 0 0 0 0 0 0 0 0 
2 0 0 1 0 566 0 0 0 0 
4 0 0 0 0 0 0 31 0 98 
863 942 0 73 0 0 0 0 0 734 
0 1 0 0 0 0 1 0 1 581 
414 0 0 0 6 0 0 3 0 0 
1 0 0 0 0 160 3 0 0 1 
0 0 0 0 0 0 0 0 171 1 
0 0 0 0 0 0 321 0 0 0 
9 228 131 11 0 0 0 0 4 2 
0 0 0 2 0 0 221 0 0 0 
0 14 0 12 429 1604 0 0 0 5 
0 0 0 0 0 0 1 0 164 0 
0 0 0 0 87 178 0 0 0 0 
65 0 0 0 0 211 4 0 0 0 
0 0 0 0 47 0 0 0 0 0 
248 0 0 6 0 0 0 69 11 0 
0 0 187 9 0 0 0 1 0 0 
0 1 0 0 22 1 0 0 0 48 
0 0 7 134 0 8 0 61 53 30 
19 0 0 0 0 1138 0 0 0 1 
0 0 0 17 378 0 0 0 0 0 
1032 10 0 0 0 0 53 13 0 0 
0 0 3 176 0 3 0 0 1 1 
0 11 0 0 1 0 0 218 0 0 
2 0 0 2 1222 0 0 0 0 0 
0 5151 0 0 2 0 0 0 0 0 
619 47 18 3 1 123 22 0 1 0 
891 0 0 0 3 0 0 0 0 0 
0 0 203 0 0 0 0 0 0 0 
102 0 0 7 0 28 2 11 0 0 
894 0 0 13 7 0 0 78 0 3 
0 0 0 0 0 0 714 0 0 0 
1 0 0 50 0 0 76 88 0 0 
0 0 305 0 0 14 41 1 33 0 
1 7 2 0 1 0 0 0 304 0 
0 0 8 0 0 2 0 0 316 0 
0 0 0 0 0 1 0 0 158 0 
1 1 0 0 0 0 0 0 0 161 
53 228 0 1 123 0 0 0 0 0 
0 0 0 0 0 528 0 0 0 0 
0 0 0 0 1 31 0 0 0 0 
