7492 215 0 0 0 2 3 0 3 0 
625 0 11 73 2475 4253 0 0 0 0 
43 0 38 2 0 0 3170 0 39 0 
0 0 0 0 0 31 1002 29 0 0 
0 3 0 1156 0 20 1 0 0 0 
2474 0 0 0 0 0 0 0 0 0 
0 0 0 1 501 0 0 0 0 2 
0 0 0 0 2 0 119 394 1588 0 
4718 0 1 0 0 0 0 0 0 0 
1591 0 1 1 0 0 0 0 0 0 
5029 13 0 0 0 31 16 0 0 0 
104 0 0 0 0 7 1835 1 0 4 
2225 0 35 0 0 3 0 3 26 1 
0 0 0 0 793 0 0 0 0 0 
0 0 5 1 3 97 0 40 5 421 
0 0 0 0 0 6 2076 0 0 0 
1957 2 0 0 0 0 0 0 0 0 
477 3 0 0 0 1786 2059 8 0 0 
0 21 0 0 0 638 0 0 1 0 
2066 1 1 3 0 0 3 44 0 0 
3897 0 0 0 0 2 0 0 0 0 
0 0 25 669 2 0 0 0 0 2 
0 56 0 3 256 5 364 0 3 0 
1 0 0 0 790 0 0 0 1 0 
1509 1 9 0 5 0 0 0 0 0 
0 476 0 0 2 0 0 0 0 0 
0 0 0 0 0 384 438 0 0 0 
0 196 0 4 0 1 0 37 35 0 
0 0 0 369 3 0 0 0 1 0 
3 0 340 698 1 0 2 0 1 0 
0 0 0 0 0 0 241 0 0 0 
2 0 0 1 0 0 477 0 0 0 
0 0 0 0 0 164 0 0 0 0 
0 0 0 0 50 388 0 0 1 0 
2 0 0 4071 7 0 0 0 0 0 
0 207 1 1 0 0 0 0 0 0 
1 0 0 0 0 534 0 0 0 0 
0 49 5 70 0 9 0 0 0 0 
2313 215 1 1 0 2 0 92 0 27 
409 0 5 1 0 0 1 1 0 0 
2 0 1 0 0 174 0 0 0 0 
0 0 0 0 0 0 0 0 173 0 
0 0 0 0 0 0 341 0 0 0 
0 279 2 0 0 0 2 0 99 0 
0 0 97 1 6 0 0 11 97 10 
0 1 0 19 219 1614 0 1 0 0 
0 0 0 0 0 0 0 0 149 0 
0 0 0 1 104 164 0 1 0 0 
0 7 0 0 0 271 30 0 0 1 
0 0 0 0 47 0 0 0 0 0 
187 10 44 0 0 0 23 0 5 5 
0 0 176 21 0 0 0 0 0 0 
0 29 10 35 0 0 0 0 0 0 
0 6 0 0 69 193 25 0 0 1 
8 0 0 0 0 1112 0 0 0 0 
1030 0 0 0 1 9 0 1 3 59 
0 0 0 168 0 0 0 0 0 0 
205 0 0 20 0 0 0 2 8 0 
0 0 0 4 1295 0 0 0 0 0 
0 5282 1 0 0 0 0 0 0 0 
6 5 6 4 2 787 0 2 8 23 
952 0 0 0 0 4 0 0 0 0 
0 0 188 0 0 0 0 0 0 0 
0 125 18 0 1 0 2 28 0 0 
1460 0 0 0 0 0 0 5 0 1 
0 0 0 0 0 0 716 0 0 0 
601 1 0 2 5 0 0 0 0 0 
361 160 0 1 1 0 0 11 0 0 
11 258 0 0 0 29 0 0 0 36 
1 0 0 1 0 0 0 0 323 0 
0 1 0 0 0 0 0 0 158 0 
0 0 0 0 0 0 0 0 0 758 
1 5 0 0 0 191 0 207 0 9 
0 0 0 0 0 621 0 0 0 0 
0 0 0 0 0 31 0 0 1 0 
0 0 0 144 0 0 2 0 0 0 
2 0 56 0 1 0 0 0 0 0 
0 88 0 0 0 0 0 0 0 0 
0 0 0 23 441 0 0 0 0 0 
0 0 1 0 16 22 0 517 0 0 
0 200 0 0 0 0 0 0 0 0 
0 0 0 0 0 0 0 0 156 0 
0 0 0 0 0 0 189 0 0 0 
9 82 0 1 0 521 0 0 1 0 
0 0 0 0 0 100 0 0 0 0 
