7472 289 0 0 0 0 5 0 0 0 
684 0 0 94 2351 4293 0 13 0 0 
50 10 3 0 14 24 3190 1 5 0 
0 0 0 0 0 26 998 27 0 0 
0 0 0 1143 0 35 0 0 0 0 
2473 0 0 0 0 0 0 0 0 0 
2 6 2 5 492 0 0 0 0 0 
0 8 0 0 0 20 262 319 1501 2 
4727 0 0 0 0 0 0 0 0 0 
1593 0 0 0 0 2 0 0 0 0 
4997 0 3 31 3 90 19 0 0 0 
90 0 0 0 17 0 1832 0 0 8 
2286 0 1 0 0 0 0 0 18 0 
0 0 0 0 800 0 0 0 0 1 
0 0 0 2 0 100 27 13 185 255 
0 0 0 0 0 1 2098 1 1 0 
2002 1 0 0 0 0 0 0 0 0 
394 0 0 1 0 1838 2093 0 0 0 
0 8 0 0 0 653 1 0 0 6 
2016 0 0 0 0 0 11 58 0 21 
3864 0 0 0 0 1 0 0 0 0 
0 0 0 695 0 0 0 2 0 0 
48 4 0 1 420 4 120 86 0 0 
0 0 1 0 789 0 0 0 0 3 
1482 4 0 0 14 0 2 2 0 0 
0 476 0 0 1 0 0 0 0 0 
0 0 0 0 0 390 434 0 0 0 
1 251 1 16 2 0 0 0 0 2 
0 0 0 370 5 0 0 0 0 0 
0 0 297 753 0 0 0 0 0 0 
0 0 0 0 0 0 244 0 0 0 
2 0 0 0 0 0 476 0 0 0 
0 0 0 0 0 164 0 0 0 0 
3 0 0 0 44 388 1 0 0 0 
0 0 0 4062 6 0 0 0 0 0 
0 207 0 0 0 0 0 0 0 0 
1 0 0 1 0 548 0 0 0 0 
0 0 0 27 0 0 0 103 3 0 
1661 656 0 0 0 0 0 241 0 16 
415 0 0 0 0 0 0 0 0 1 
0 0 0 6 0 176 1 0 0 0 
0 0 0 0 0 0 0 0 173 0 
0 0 0 0 0 0 341 0 0 0 
0 372 0 0 9 0 0 0 1 0 
0 0 0 0 24 0 0 0 153 44 
0 0 0 19 199 1623 0 2 0 1 
0 0 0 0 0 0 1 0 161 0 
0 0 0 0 90 180 0 0 0 0 
0 0 0 0 0 243 48 8 0 12 
0 0 0 0 47 0 0 0 0 0 
192 38 0 0 0 1 7 40 2 0 
0 0 151 43 1 0 0 0 2 0 
0 0 44 7 0 0 23 0 0 0 
0 0 0 0 184 99 11 0 0 0 
23 0 0 0 0 1116 0 0 0 0 
1099 0 0 0 0 0 2 0 0 4 
0 0 0 168 0 0 0 0 0 0 
125 0 1 21 2 0 1 10 75 0 
0 0 1 2 1293 0 0 0 0 0 
1 5269 0 0 1 1 0 0 0 1 
0 2 0 0 0 702 46 0 62 32 
942 0 0 0 0 0 0 0 0 0 
0 0 188 0 0 0 0 0 0 0 
2 52 61 0 0 1 0 56 0 4 
1411 0 0 6 0 0 0 2 0 15 
0 0 0 0 0 0 715 0 0 0 
585 0 0 0 1 1 0 0 0 0 
131 269 65 20 0 12 0 15 0 21 
6 248 0 0 43 0 0 1 0 47 
0 0 0 0 13 0 0 0 303 6 
0 0 2 0 0 0 0 0 157 0 
0 0 0 0 0 0 0 0 1 746 
0 3 1 31 0 109 0 267 4 0 
0 0 0 0 0 619 0 0 0 0 
0 0 0 0 0 32 0 0 0 0 
0 0 0 152 0 0 0 0 0 0 
2 0 57 0 0 0 0 0 0 0 
0 88 0 0 0 0 0 0 0 0 
0 0 0 27 438 0 0 0 0 0 
1 0 1 0 5 0 0 546 3 0 
0 208 0 0 0 0 0 0 0 0 
0 0 0 0 0 0 0 0 143 0 
0 0 0 0 0 0 188 0 1 0 
3 93 0 0 0 504 0 4 0 0 
0 0 0 0 0 89 0 0 0 0 
