7697 304 0 11 0 0 56 0 0 272 
622 0 0 63 2630 4499 0 0 0 0 
81 4 59 0 0 0 2511 1315 0 0 
0 0 0 0 0 35 997 3 0 0 
0 1 2 1141 0 30 0 0 0 0 
2608 0 0 0 0 0 0 0 0 0 
0 0 0 0 537 0 0 0 0 0 
0 1 0 4 0 0 114 340 1804 0 
4646 0 0 0 0 0 0 0 0 0 
1654 0 0 0 0 6 1 0 0 1 
4154 55 0 0 2 691 252 38 78 0 
77 1 0 0 5 53 1473 4 525 0 
0 316 0 0 0 0 0 0 0 0 
2051 0 0 42 0 0 15 0 74 0 
0 0 0 0 727 0 0 0 0 0 
0 17 0 1 288 0 4 0 55 219 
0 0 0 0 0 0 2181 0 0 1 
2307 3 0 0 1 0 0 0 0 0 
373 0 0 0 2 2147 1893 0 0 0 
0 2 0 0 2 155 683 14 1 1 
1967 0 0 0 0 2 7 147 0 0 
3997 1 0 0 0 2 0 1 0 0 
0 0 0 794 2 0 0 0 0 0 
0 0 0 0 0 330 0 0 0 0 
0 15 128 442 81 0 0 0 1 5 
0 0 0 0 0 0 0 0 100 0 
0 0 1 51 1082 38 0 0 2 0 
1 70 0 0 0 475 0 1 0 0 
1428 0 3 3 33 0 0 0 1 13 
0 473 1 0 1 0 0 0 0 1 
0 0 0 0 0 385 450 0 0 0 
0 0 0 0 0 0 152 0 0 0 
130 21 0 0 0 24 1 0 29 70 
0 0 0 375 3 0 0 0 0 0 
0 5 282 802 0 0 0 0 0 0 
0 0 0 0 0 0 241 0 0 0 
1 0 0 0 3 0 475 0 0 0 
0 0 0 0 0 148 0 0 0 0 
0 0 0 0 42 466 1 0 2 0 
0 0 0 4055 79 0 0 0 0 0 
0 152 0 0 0 0 0 0 0 0 
1 0 0 0 0 633 0 0 0 0 
133 0 0 0 0 0 0 0 0 0 
1125 337 0 212 0 0 183 15 245 508 
0 3 0 0 0 0 0 0 0 594 
423 0 0 0 3 0 0 1 0 0 
0 0 0 0 26 173 0 0 0 3 
0 0 0 0 0 0 0 0 172 0 
0 0 0 0 0 0 331 0 0 0 
0 14 0 303 0 0 0 40 0 17 
1 221 0 0 0 0 0 0 0 0 
0 11 0 12 500 1760 0 0 0 0 
0 0 0 0 0 0 0 0 223 0 
0 0 0 0 90 174 0 0 0 0 
0 0 0 10 0 266 0 0 1 0 
0 0 0 0 47 0 0 0 0 0 
315 0 33 1 3 0 0 1 0 0 
0 0 181 15 0 0 0 0 0 0 
0 0 0 0 1 19 2 2 43 6 
0 29 0 91 105 6 0 23 35 0 
11 0 0 0 0 1094 2 0 0 0 
0 0 0 18 369 0 0 0 0 0 
218 0 33 1 0 0 50 109 33 667 
0 0 0 0 0 0 4 0 124 0 
0 0 0 179 0 0 0 0 0 3 
0 0 0 0 0 0 150 4 81 0 
0 1 0 1 1169 0 0 0 0 0 
0 5159 0 0 0 0 0 0 0 0 
747 12 0 25 0 0 0 0 14 0 
674 1 0 0 0 20 0 0 9 0 
0 0 197 0 0 0 0 0 0 0 
0 67 3 2 0 28 0 0 2 40 
697 0 2 173 3 4 0 58 0 11 
0 0 0 0 0 0 493 0 0 0 
0 0 0 1 0 194 0 0 4 0 
70 0 145 0 0 0 0 5 0 1 
0 0 0 0 26 271 2 0 0 9 
0 1 0 0 0 0 0 1 200 0 
