4608 0 0 5 0 393 2862 3 0 0 
7579 29 0 1 21 5 0 0 0 0 
1 10 0 0 0 0 3861 0 0 0 
1 0 0 0 1 3 970 22 40 0 
0 0 0 0 0 1170 0 0 0 0 
500 0 0 0 0 1725 0 331 0 0 
0 0 0 480 4 43 2 3 9 8 
0 0 0 0 0 0 2099 0 1 0 
3968 0 331 216 104 0 0 8 0 15 
48 0 0 0 0 4 1 0 1257 301 
0 0 0 8 7 5186 2 1 2 0 
2045 0 0 17 0 0 0 0 0 1 
0 180 0 0 0 0 0 0 0 0 
2225 1 0 0 0 0 0 17 30 3 
785 0 0 0 5 0 0 0 0 0 
6 1 0 0 0 0 1 0 0 556 
1732 0 1 0 0 11 0 9 297 0 
2309 0 0 0 0 0 0 0 0 0 
4531 0 0 0 0 0 0 0 0 0 
14 0 0 628 0 0 0 0 0 0 
0 0 0 1 0 1 2138 0 1 1 
1357 7 0 0 2 93 2412 0 0 0 
0 11 0 0 1 0 0 0 686 0 
0 0 2 0 672 0 0 0 0 0 
0 0 0 1 20 778 0 0 0 0 
0 553 1 0 0 0 0 0 0 0 
0 2 0 1498 2 0 1 0 0 0 
0 0 0 8 5 459 0 0 0 0 
0 1 814 0 0 1 12 0 0 0 
0 0 0 0 0 0 0 0 160 0 
0 0 0 0 0 274 0 0 0 0 
0 0 0 7 356 6 0 0 0 0 
0 1 0 0 978 57 2 1 0 0 
0 0 1 0 72 0 0 186 0 0 
2 1 0 0 0 447 28 0 0 0 
160 0 3 0 0 1 0 0 0 0 
6 0 0 0 2 318 190 0 0 0 
0 0 0 375 3701 20 0 0 1 0 
0 0 0 0 0 206 0 0 0 0 
27 0 23 5 8 54 14 0 0 440 
1 0 0 1 0 130 0 0 1 0 
0 0 1 0 303 2252 0 0 0 0 
1 0 3 0 30 0 0 0 19 552 
0 0 0 0 0 2 409 0 0 0 
0 0 0 145 16 0 10 3 0 0 
0 0 0 9 0 0 0 3 160 0 
0 0 1 0 0 66 256 0 7 0 
4 0 363 0 1 2 0 0 1 14 
41 0 0 150 0 4 0 27 0 0 
0 911 0 949 188 0 0 0 0 0 
0 0 0 0 0 0 0 0 166 0 
0 0 0 1 0 268 0 0 2 0 
6 0 0 0 0 299 1 0 0 0 
0 47 0 0 0 0 0 0 0 0 
340 0 0 0 0 0 0 0 0 0 
3 0 1 116 46 2 0 12 0 18 
74 0 0 0 0 0 0 0 0 0 
1 2 0 0 288 0 0 0 0 0 
1156 0 0 0 0 0 0 0 0 0 
0 1 1 376 16 0 0 0 0 0 
0 0 0 240 845 0 0 0 0 10 
0 0 0 178 0 0 0 0 0 0 
1 0 0 0 0 170 1 0 0 58 
0 13 0 51 1171 0 0 53 0 0 
22 4871 68 0 17 105 107 0 0 0 
0 0 2 1 0 1 462 0 74 308 
75 0 1 0 18 808 6 0 8 23 
0 0 188 0 0 0 0 0 0 0 
3 0 0 0 1 95 64 0 0 0 
1148 0 0 0 0 0 0 0 1 0 
0 0 0 78 2 11 590 30 0 0 
201 0 1 0 0 0 0 0 0 3 
1 0 0 0 0 23 478 0 0 0 
264 13 31 0 4 0 0 4 0 14 
261 0 0 0 63 0 0 0 0 1 
0 0 0 0 0 0 0 0 159 0 
1 0 0 8 136 0 0 0 18 0 
0 0 0 0 0 422 0 0 0 0 
0 0 0 0 0 533 0 0 0 1 
1 0 0 0 28 0 0 2 1 0 
59 0 1 15 53 5 1 0 1 1 
0 0 14 0 0 1 0 43 0 0 
0 0 6 0 80 0 0 0 2 0 
