4634 0 1 33 0 525 3619 0 0 0 
7980 27 0 0 79 23 0 0 0 7 
25 3 125 0 0 1 3359 472 0 0 
0 0 0 1 0 19 940 53 9 6 
0 0 5 0 0 1176 0 0 0 0 
489 1 0 0 0 1661 0 450 0 0 
0 59 0 472 0 0 0 3 0 1 
0 0 0 0 0 0 2265 0 3 0 
3722 25 501 291 75 0 0 6 0 66 
158 1 0 0 0 1 0 0 1269 220 
0 0 0 2 11 5233 4 0 0 0 
2050 4 0 1 38 6 1 0 26 1 
0 238 0 0 91 0 0 0 0 0 
1468 0 732 0 1 1 0 0 2 0 
723 0 3 0 0 4 0 0 0 0 
1 0 0 0 0 0 0 0 1 584 
1884 0 0 0 0 22 0 15 240 6 
2254 0 0 0 0 0 0 0 0 1 
4672 0 0 0 0 0 0 0 0 0 
18 0 4 390 0 2 449 0 0 1 
0 0 0 0 0 0 2137 0 0 0 
1299 0 0 0 0 36 2658 0 0 0 
0 19 6 0 24 0 0 0 746 0 
0 1 0 0 7 318 0 0 1 1 
0 0 0 0 675 0 0 0 0 0 
0 0 0 0 0 0 0 0 100 0 
0 0 0 0 9 1161 0 0 1 0 
0 544 0 0 0 0 0 1 0 7 
0 4 0 1459 2 4 0 1 0 0 
0 0 0 13 2 453 0 0 0 0 
0 0 487 0 262 0 1 3 0 82 
0 0 0 0 0 0 0 0 148 0 
0 0 0 0 1 0 151 0 0 0 
0 0 0 0 0 273 0 0 0 0 
0 0 0 9 361 6 1 1 0 0 
0 0 0 0 1042 63 0 0 0 0 
0 0 0 0 0 0 14 13 0 218 
0 0 1 0 0 449 21 0 0 6 
148 0 0 0 0 0 0 0 1 0 
0 12 0 0 0 292 202 0 1 0 
0 1 5 459 3641 17 0 0 0 0 
0 0 0 0 0 152 0 0 0 0 
15 2 5 0 196 0 0 0 7 408 
3 0 0 0 0 130 0 0 0 0 
4 6 10 1 152 2441 0 0 0 0 
0 0 0 0 30 0 0 0 23 540 
0 1 0 0 0 0 199 78 0 0 
0 0 0 1 213 0 0 0 2 0 
0 0 0 17 0 0 0 0 155 0 
2 1 5 0 0 52 269 0 0 0 
51 0 152 0 0 37 0 56 64 14 
0 0 3 4 106 4 0 75 22 8 
0 890 0 856 250 296 0 0 1 0 
0 1 0 5 0 0 0 3 213 0 
0 0 0 0 1 234 29 0 1 0 
0 1 0 0 0 269 0 0 0 2 
0 47 0 0 0 0 0 0 0 0 
338 7 0 0 0 0 1 0 0 0 
0 0 70 122 1 0 0 0 2 0 
72 0 1 0 0 0 0 0 0 0 
70 48 27 0 55 0 0 3 84 0 
1124 0 0 0 0 0 0 0 0 0 
0 0 0 363 21 0 3 0 0 0 
0 0 0 239 872 0 0 0 0 3 
0 0 0 0 0 52 0 1 62 14 
0 0 0 175 1 0 6 0 0 0 
30 20 82 4 0 2 0 0 96 0 
0 0 1 88 879 0 0 175 0 0 
0 4728 67 0 0 289 59 0 0 0 
381 23 0 0 0 0 168 3 0 0 
226 0 0 0 0 270 233 0 0 0 
0 1 179 0 0 0 0 0 1 0 
0 0 0 1 0 1 133 0 1 3 
933 1 0 0 0 0 3 0 0 0 
0 0 0 163 38 0 294 0 0 0 
174 11 0 0 0 0 0 0 1 0 
