4865 0 0 3 0 490 2391 0 0 0 
7364 16 0 0 46 3 0 1 0 0 
0 4 0 0 1 0 3295 0 0 0 
1 1 0 0 18 16 979 33 1 1 
0 0 0 0 0 1178 0 0 0 0 
0 0 0 0 0 2051 0 396 27 0 
0 0 0 193 55 0 253 0 0 5 
0 0 0 0 0 0 2111 0 1 0 
4025 0 410 183 101 0 7 0 0 0 
26 0 0 0 0 0 0 0 1388 184 
0 0 0 3 15 5121 1 0 0 0 
1896 0 21 0 0 0 7 16 0 0 
2310 0 0 0 0 0 1 0 0 0 
778 0 0 0 0 29 0 0 0 0 
1 0 0 2 0 0 0 0 0 580 
2078 0 0 0 0 9 0 14 0 0 
1962 0 0 0 0 0 0 0 0 0 
4325 0 0 0 0 0 0 0 0 1 
19 0 0 628 0 0 11 0 0 11 
0 0 0 0 0 0 2116 0 2 0 
1229 0 0 1 0 12 2627 1 0 0 
0 0 0 0 0 0 0 0 696 1 
0 0 0 0 685 0 0 0 0 0 
0 3 0 0 10 779 0 0 0 1 
0 0 0 1507 0 0 0 0 0 0 
0 0 0 20 4 454 0 0 0 0 
0 0 645 0 5 0 174 0 0 0 
0 0 0 0 0 273 0 0 0 0 
2 0 0 3 359 7 0 0 0 0 
0 0 0 0 1004 59 0 0 0 0 
24 0 0 0 0 135 0 0 1 81 
1 0 0 0 0 466 11 0 0 0 
161 0 0 0 1 0 0 0 0 0 
0 0 5 0 0 273 158 0 0 0 
0 0 0 389 3649 20 2 0 1 1 
0 0 0 0 0 209 0 0 0 0 
192 0 64 17 0 238 0 36 0 0 
0 0 0 0 0 133 0 0 0 0 
0 0 37 0 222 2311 0 0 0 12 
0 0 0 0 0 0 414 0 0 0 
0 0 1 7 0 0 143 0 0 32 
0 0 0 0 0 0 0 0 173 0 
0 0 0 0 0 44 298 0 0 0 
0 0 16 0 270 0 0 92 3 0 
0 0 0 0 2 218 0 0 1 0 
0 589 1 952 302 0 1 0 0 0 
0 0 0 0 0 0 0 0 162 0 
0 0 0 2 2 263 0 0 0 0 
0 0 0 3 0 308 0 0 0 0 
0 47 0 0 0 0 0 0 0 0 
286 0 4 0 0 0 0 0 0 0 
0 3 5 134 0 42 0 0 12 1 
74 0 0 0 0 0 0 0 0 0 
89 0 0 75 0 124 7 0 0 0 
1125 0 0 0 0 0 0 0 0 0 
0 0 0 235 862 6 0 0 0 0 
0 0 1 167 0 0 0 0 0 0 
0 208 0 2 0 20 0 0 0 4 
0 0 0 65 1080 0 27 117 0 4 
0 4942 66 0 0 206 55 6 1 0 
0 0 0 7 0 2 70 0 520 244 
677 0 0 122 0 98 34 2 12 0 
0 0 188 0 0 0 0 0 0 0 
85 4 0 0 0 0 85 0 0 1 
1459 0 0 0 0 0 0 0 0 0 
0 9 0 28 11 5 661 0 0 0 
605 0 0 0 0 0 0 0 0 1 
0 0 3 0 0 19 505 0 0 0 
105 0 0 27 0 0 0 0 206 5 
307 0 0 1 0 14 0 1 1 0 
0 6 6 0 0 0 0 0 147 0 
1 2 0 0 0 1 0 0 14 729 
0 0 0 0 0 412 0 0 0 0 
0 0 4 0 0 616 0 0 0 0 
1 0 0 0 31 0 0 0 0 0 
23 1 0 0 92 18 3 0 0 13 
0 0 13 0 0 0 0 46 0 0 
0 0 0 0 88 0 0 0 0 0 
0 0 0 442 23 0 0 1 0 0 
4 0 0 0 164 0 0 102 0 286 
0 203 0 0 0 0 0 0 0 0 
2 0 101 0 0 0 0 1 39 0 
0 0 0 0 0 0 0 0 188 0 
0 602 0 2 0 0 0 0 0 1 
54 0 16 1 0 0 0 14 11 0 
