4503 17 0 6 0 389 3095 9 0 0 
7674 9 0 0 14 5 0 0 0 0 
0 0 1 2 1 0 3396 522 0 2 
0 0 1 0 1 16 939 85 6 0 
0 0 0 0 0 1164 0 0 0 0 
325 0 8 0 0 1916 0 381 2 0 
0 0 0 545 0 0 0 0 0 1 
0 0 0 0 0 0 2123 0 1 0 
4009 9 389 236 40 0 0 0 0 0 
158 0 0 0 3 0 0 0 1171 293 
0 0 0 7 18 5189 9 0 0 0 
2082 0 6 0 0 0 0 4 0 0 
0 203 0 0 111 0 0 0 0 0 
2233 0 0 0 0 29 0 0 0 0 
767 0 0 0 0 0 0 0 0 0 
2 0 0 3 0 1 0 0 0 570 
1835 1 0 0 5 5 0 28 279 0 
2359 0 0 0 0 0 0 0 0 0 
4421 0 0 0 0 0 0 0 0 0 
24 0 0 626 0 0 0 0 0 1 
0 0 0 0 0 0 2110 0 0 0 
1199 0 0 0 0 59 2630 0 3 25 
1 15 0 0 3 0 2 0 773 0 
0 0 0 0 674 0 0 0 0 0 
0 7 0 0 23 779 0 0 0 0 
2 535 0 0 0 0 0 1 7 0 
0 0 17 1479 0 0 0 0 0 0 
0 0 0 9 6 462 0 0 0 0 
0 0 339 0 197 2 295 1 2 0 
0 0 0 0 0 0 0 0 162 0 
0 0 0 0 0 274 0 0 0 0 
0 0 0 3 363 8 0 0 0 0 
0 0 0 0 1048 54 0 0 0 0 
63 0 0 2 124 0 58 4 0 0 
0 0 0 0 0 448 30 0 0 0 
165 0 0 0 0 0 0 0 0 0 
0 0 1 0 2 305 194 0 0 15 
0 1 0 423 3651 12 0 0 0 0 
0 0 0 0 0 162 0 0 0 0 
285 0 0 0 15 0 0 1 71 198 
0 0 0 0 0 125 6 0 0 2 
0 0 0 0 194 2432 0 0 0 0 
1 0 0 0 49 0 0 1 11 531 
2 1 0 0 0 0 411 0 0 0 
2 0 0 0 149 0 0 3 9 1 
0 0 0 0 0 4 0 0 166 2 
1 0 0 0 0 66 252 1 0 0 
0 0 384 0 0 0 0 0 0 0 
37 0 17 66 0 0 0 97 0 6 
0 952 1 932 178 0 0 0 0 0 
0 0 0 0 0 0 0 0 164 1 
38 0 4 0 0 201 13 0 9 0 
0 0 0 0 0 285 0 0 0 0 
0 47 0 0 0 0 0 0 0 0 
351 0 0 0 0 0 0 0 1 0 
0 41 1 111 0 0 38 0 0 5 
72 0 0 0 0 0 0 0 0 0 
216 12 1 10 0 23 0 0 0 31 
1156 0 0 0 1 0 0 0 0 0 
0 0 0 376 19 0 0 0 0 0 
2 0 0 230 883 0 0 0 0 0 
0 0 0 184 0 0 0 0 0 0 
0 4 0 6 0 66 153 0 0 1 
0 10 16 74 1026 0 0 88 0 16 
0 4689 134 0 0 250 79 1 0 0 
1 0 10 0 0 12 736 0 0 67 
381 0 0 15 1 422 0 19 0 0 
0 0 203 0 0 0 0 0 0 0 
4 0 0 6 0 0 17 0 0 122 
982 0 1 0 0 0 0 0 0 0 
0 0 0 126 5 13 567 0 1 0 
204 0 0 0 0 0 5 0 0 1 
1 0 17 1 0 18 347 0 0 0 
254 0 0 33 0 30 0 0 0 0 
320 0 5 0 0 0 0 0 2 0 
0 0 0 1 0 0 0 0 158 0 
1 70 0 0 0 0 84 0 0 8 
0 0 0 0 0 399 0 0 0 0 
0 0 0 4 0 515 0 4 0 0 
0 0 0 0 32 0 0 0 0 0 
