4708 0 0 39 0 415 3285 0 5 0 
7753 12 0 8 20 1 0 0 0 5 
0 0 27 0 0 0 3508 439 0 0 
0 0 0 0 0 3 945 42 44 0 
0 0 6 0 0 1176 0 0 0 0 
435 0 2 0 3 1817 1 356 0 0 
83 0 0 423 0 0 0 23 0 12 
0 0 0 0 0 0 2269 0 1 0 
3649 30 445 245 235 0 0 3 0 49 
136 0 1 0 0 0 20 0 1346 161 
0 0 0 2 15 5237 1 0 0 0 
2094 0 0 0 27 3 0 0 4 0 
0 211 0 0 114 0 0 0 0 0 
1695 0 502 2 0 0 0 0 0 1 
715 0 0 4 0 0 2 0 0 3 
9 0 0 0 0 0 2 0 0 569 
1990 0 0 0 0 21 0 25 133 0 
2248 0 0 0 0 0 0 0 0 0 
4643 0 0 2 0 0 3 0 4 0 
46 0 0 385 0 39 384 0 8 0 
0 0 0 1 0 0 2138 0 0 0 
1594 0 0 0 0 60 2306 0 0 24 
0 8 15 0 21 0 0 0 752 0 
7 0 1 0 0 324 0 0 0 0 
0 0 0 1 680 1 0 0 0 0 
0 0 0 0 0 0 0 0 100 0 
1 0 0 0 8 1159 0 4 0 0 
0 548 0 0 3 0 0 1 0 0 
0 0 0 1474 0 0 0 0 0 0 
0 0 0 3 1 465 0 0 0 0 
2 1 628 0 94 14 19 21 0 57 
0 0 0 0 0 0 0 0 148 0 
0 0 0 0 0 275 0 0 0 0 
0 0 0 5 366 5 0 0 0 2 
0 0 0 0 1051 61 0 0 0 0 
0 3 0 0 0 0 0 0 8 230 
0 1 0 0 0 462 15 0 1 0 
146 0 2 0 0 0 0 0 0 0 
0 0 0 3 16 236 255 0 0 0 
1 3 16 423 3645 17 0 0 0 1 
0 0 0 0 0 152 0 0 0 0 
80 0 0 0 164 0 0 1 0 389 
0 0 0 0 0 133 0 0 0 0 
3 0 9 0 174 2422 0 0 0 3 
0 0 0 0 21 0 1 0 26 552 
0 0 0 4 0 0 429 0 0 0 
0 1 6 0 205 0 0 0 3 0 
0 14 2 2 0 0 0 0 154 0 
0 0 0 0 0 77 253 0 0 0 
23 0 164 0 0 1 0 46 140 0 
0 0 82 0 133 0 0 0 7 0 
0 980 0 838 200 263 0 0 0 0 
4 0 0 0 0 0 0 0 218 0 
0 0 0 0 0 252 11 0 0 1 
0 0 0 2 1 280 0 0 0 0 
0 47 0 0 0 0 0 0 0 0 
324 3 0 0 0 0 0 22 0 6 
0 0 29 154 0 3 0 0 10 0 
71 0 0 0 0 0 1 1 0 0 
15 154 2 0 44 0 2 0 73 0 
1108 0 0 0 0 0 0 0 0 0 
0 0 0 366 21 0 0 0 0 0 
0 0 0 263 852 1 0 0 0 0 
0 0 0 0 0 95 3 0 8 23 
0 6 0 173 0 0 0 3 0 0 
122 20 1 0 0 0 10 0 80 0 
0 0 5 36 934 2 0 172 0 0 
7 4867 102 0 0 147 19 0 5 0 
412 0 0 2 0 0 310 0 18 1 
310 0 0 0 0 225 188 0 0 0 
1 0 182 0 0 1 0 3 0 0 
0 0 0 0 26 5 108 0 0 0 
938 0 2 0 0 0 0 2 0 0 
0 0 0 159 13 0 301 0 22 0 
174 0 0 0 2 0 19 1 0 0 
0 0 20 0 0 45 123 0 0 2 
287 0 0 0 0 0 38 0 0 0 
