7553 266 0 1 0 4 9 0 0 0 
586 1 0 97 2239 4643 0 0 0 0 
167 0 1 0 0 0 2715 414 0 0 
0 0 0 0 0 32 1000 14 0 0 
0 0 1 1139 2 28 0 0 0 1 
2543 0 0 0 0 0 0 0 0 0 
0 1 0 9 512 0 0 0 0 0 
0 6 0 0 0 1 279 289 1538 2 
4643 0 0 1 0 0 0 0 0 0 
1609 0 0 0 0 0 0 0 0 0 
4713 0 20 0 0 456 14 4 0 0 
71 0 0 3 0 0 1419 0 589 1 
2263 0 0 0 0 0 0 0 5 0 
0 0 0 0 793 0 0 0 0 0 
62 0 28 4 0 0 0 0 124 362 
0 0 0 0 0 0 2067 0 0 0 
2198 1 0 0 0 0 0 0 0 1 
294 0 3 10 0 1763 2412 1 0 0 
0 10 0 0 0 652 0 0 0 0 
2025 0 0 0 1 0 40 62 10 0 
3878 0 0 0 0 1 0 0 0 0 
0 0 0 686 0 0 12 0 0 0 
0 24 0 0 438 0 158 0 1 62 
0 0 0 0 795 1 0 0 1 0 
4 44 0 0 0 480 0 0 1 0 
1490 0 0 1 16 2 0 0 0 0 
0 470 0 0 1 0 0 0 0 0 
0 0 0 0 0 402 423 0 1 0 
0 0 0 0 0 0 164 0 0 0 
0 18 0 27 2 214 0 0 0 12 
0 0 0 363 6 0 0 0 0 0 
0 0 303 762 0 1 0 0 0 0 
0 0 0 0 0 0 251 0 0 0 
0 0 0 0 0 0 478 0 0 0 
0 0 0 0 0 172 0 0 0 0 
0 0 0 2 37 477 0 2 0 0 
0 0 0 4061 7 0 0 0 0 0 
0 206 0 0 0 0 0 0 0 0 
4 0 0 0 0 565 0 0 0 0 
55 0 4 0 2 0 0 71 1 0 
1188 772 0 309 3 145 0 121 0 0 
415 0 0 3 0 0 0 0 0 0 
0 0 0 0 0 173 0 0 0 0 
0 0 0 0 0 0 0 0 172 0 
0 0 0 0 0 0 330 0 0 0 
5 357 8 0 0 0 15 0 0 0 
1 0 0 0 2 0 10 0 100 110 
2 0 0 10 227 1682 0 0 0 0 
0 0 0 0 0 0 0 0 165 0 
0 0 0 0 99 172 0 0 0 0 
0 0 0 3 0 301 0 0 0 0 
0 0 0 0 47 0 0 0 0 0 
242 31 1 0 0 50 0 0 0 0 
0 0 181 9 0 0 0 0 7 0 
0 0 6 0 0 36 30 1 0 0 
0 0 1 288 0 0 0 1 0 3 
20 0 0 0 1 1119 0 0 0 0 
1005 0 26 0 0 1 0 3 0 65 
0 0 0 160 0 0 0 0 0 0 
0 90 4 63 72 1 0 0 0 0 
0 0 0 2 1290 0 0 0 0 0 
0 5274 0 0 0 0 0 0 0 0 
288 6 9 0 0 326 0 203 0 14 
952 2 0 0 0 0 0 0 0 0 
0 0 187 1 0 0 0 0 0 0 
161 0 0 0 0 0 2 0 0 0 
1355 0 0 0 7 0 0 0 1 7 
0 0 0 0 0 0 711 0 0 0 
15 4 22 1 0 1 16 140 0 6 
394 0 1 0 0 0 0 0 2 123 
30 304 0 2 0 0 0 0 0 0 
0 0 0 0 0 0 0 0 321 2 
0 0 0 0 1 0 0 1 157 0 
1 0 0 0 0 0 0 0 0 747 
0 0 2 32 1 0 0 349 8 30 
0 2 0 0 0 535 0 0 0 0 
0 0 0 0 8 27 0 1 0 0 
0 0 0 150 0 0 1 0 0 0 
0 1 57 0 0 0 0 0 0 0 
0 88 0 0 0 0 0 0 0 0 
0 0 1 26 436 1 0 0 0 0 
0 0 0 0 0 0 0 551 0 0 
0 194 0 0 0 0 0 0 0 0 
