4561 0 1 11 0 468 2701 0 1 0 
7365 13 0 3 37 5 1 0 0 0 
0 1 0 0 0 0 3266 27 0 1 
9 0 0 0 11 2 988 48 4 0 
0 0 0 0 0 1179 0 0 0 0 
0 0 0 6 0 2128 0 341 1 0 
3 0 0 53 64 31 293 33 7 19 
0 0 0 0 0 0 2105 0 1 0 
4316 4 238 121 27 0 0 0 0 0 
70 0 0 3 1 0 12 0 1271 233 
0 0 0 9 11 5034 6 0 0 0 
1954 0 0 0 2 0 0 0 0 0 
2294 0 0 0 0 3 2 0 1 0 
788 0 1 1 0 0 0 0 7 0 
2 0 0 0 0 0 0 0 0 581 
2071 0 0 0 2 10 0 9 0 0 
1954 0 0 0 0 0 0 0 0 0 
4322 0 3 0 2 0 0 0 2 0 
36 1 6 606 0 0 7 0 0 0 
0 3 0 0 0 0 2119 0 0 1 
1237 0 7 0 0 22 2603 0 0 5 
0 0 0 0 5 0 2 0 688 3 
0 0 0 0 686 0 1 0 0 0 
0 3 0 0 18 768 0 2 0 0 
1 1 0 1515 1 0 0 2 0 0 
7 0 0 12 1 455 0 1 0 0 
0 0 696 0 0 2 97 0 28 1 
0 0 0 0 0 273 0 0 0 0 
0 0 0 7 358 5 0 0 0 0 
0 0 0 0 960 66 0 0 0 0 
20 0 60 0 0 0 0 0 93 65 
0 0 0 0 0 463 17 0 0 0 
164 0 0 0 0 0 0 0 0 0 
0 0 0 0 1 260 172 1 5 0 
0 0 0 385 3698 18 0 1 0 0 
0 0 0 0 0 209 0 0 0 0 
222 0 96 0 0 115 94 0 8 0 
0 0 1 0 0 132 0 0 0 0 
0 0 0 1 179 2499 0 0 0 0 
0 0 0 0 0 0 416 0 0 0 
0 19 0 0 0 0 33 0 0 125 
0 0 9 0 13 0 3 0 142 6 
2 0 0 0 0 70 265 1 1 1 
2 1 0 0 110 26 0 229 0 14 
0 0 0 0 0 210 0 11 0 1 
0 622 0 997 230 0 0 0 0 0 
0 0 0 0 0 0 0 0 149 0 
0 0 0 0 0 250 0 0 0 20 
0 1 0 0 0 306 0 0 3 1 
0 47 0 0 0 0 0 0 0 0 
281 0 0 0 0 0 0 0 0 0 
0 0 0 196 0 0 0 1 0 0 
73 0 0 0 0 2 0 0 0 0 
114 76 10 0 4 91 0 0 0 0 
1123 0 0 0 0 0 0 0 0 0 
0 0 0 214 889 1 0 0 0 0 
0 5 0 146 0 0 0 0 16 1 
4 152 0 2 17 28 0 0 30 1 
0 1 0 82 1156 0 0 34 20 2 
0 4844 122 0 0 210 76 27 0 0 
0 0 0 3 0 4 0 0 506 331 
813 0 0 0 2 108 3 0 26 0 
0 0 188 0 0 0 0 0 0 0 
13 0 0 10 0 34 116 0 0 0 
1469 0 0 0 0 0 0 0 0 0 
0 0 0 132 5 34 548 0 0 0 
614 0 0 0 0 0 0 0 0 0 
0 0 0 0 0 26 507 0 0 0 
193 0 0 87 0 0 6 0 42 0 
228 0 23 25 0 0 0 50 0 0 
21 0 0 0 0 0 1 0 137 0 
0 0 0 0 0 3 0 0 31 713 
0 0 0 0 0 411 0 0 0 0 
0 0 1 0 0 621 0 0 0 0 
0 0 0 1 35 0 0 0 0 0 
0 0 55 14 32 0 0 0 0 45 
0 0 19 0 0 0 0 40 0 0 
0 0 0 0 88 0 0 0 0 0 
0 0 0 433 31 1 0 0 0 0 
0 0 52 23 56 0 4 155 0 266 
0 207 0 0 0 0 0 0 0 0 
0 0 1 0 0 0 0 0 155 0 
0 0 0 0 0 0 0 0 189 0 
0 612 0 2 0 0 0 0 0 1 
94 3 0 0 0 0 0 2 0 0 
