4689 0 0 1 4 381 2653 0 0 0 
7426 37 0 0 18 5 0 3 1 0 
0 0 0 0 14 0 3291 3 0 0 
0 1 0 0 1 19 981 36 19 0 
0 0 0 0 0 1181 0 0 0 0 
75 1 1 0 0 1970 0 434 0 7 
1 109 3 177 0 1 178 25 7 0 
0 0 0 0 0 0 2111 0 1 0 
4068 0 324 291 27 0 0 0 0 0 
37 0 0 0 3 0 0 0 1348 216 
3 0 0 2 16 5127 3 0 0 0 
1923 0 0 0 0 4 0 0 0 0 
2273 0 0 0 5 0 0 0 0 13 
786 0 0 0 0 0 3 0 2 0 
2 0 0 0 0 0 0 0 0 571 
2055 0 1 0 11 5 0 17 13 0 
1897 0 0 0 0 0 0 0 0 0 
4410 0 0 0 0 0 0 0 0 0 
13 0 1 639 0 0 0 0 5 0 
0 0 0 0 0 0 2120 0 0 0 
1185 25 0 10 0 29 2656 0 0 2 
5 0 1 0 0 0 4 0 689 0 
0 0 0 0 683 0 0 0 0 0 
7 0 0 0 10 777 0 0 0 0 
0 0 0 1506 0 0 0 0 0 1 
0 2 0 11 8 460 0 0 0 0 
0 0 701 0 0 9 85 27 3 0 
0 0 0 0 0 273 0 0 0 0 
0 0 0 5 360 7 0 0 1 0 
0 0 0 0 980 60 3 0 0 0 
0 0 0 0 0 51 0 0 0 190 
0 0 0 0 0 465 12 0 1 2 
169 0 0 0 0 0 0 0 2 0 
0 0 0 0 0 296 145 0 0 0 
0 0 0 389 3654 24 1 0 0 0 
0 0 0 0 0 206 0 0 0 0 
91 2 0 25 0 0 16 180 0 254 
0 0 0 0 0 130 0 0 1 2 
0 0 0 0 216 2281 14 62 0 2 
0 0 2 0 0 0 413 0 0 0 
53 0 5 0 3 0 29 0 91 0 
0 0 0 13 0 0 1 0 159 0 
3 0 0 1 0 68 261 0 1 0 
22 0 0 0 192 2 0 47 0 120 
0 0 1 198 0 0 22 0 0 0 
0 595 0 972 289 0 0 1 2 0 
0 0 0 0 0 0 0 1 161 0 
0 1 0 0 0 270 0 0 0 0 
0 0 0 2 3 300 0 0 0 1 
0 47 0 0 0 0 0 0 0 0 
275 7 0 0 0 1 0 1 0 0 
2 1 0 171 23 0 0 0 0 0 
74 0 0 0 0 0 0 0 0 0 
0 0 2 113 41 0 0 136 0 2 
1132 0 0 0 0 0 0 0 0 0 
0 7 1 263 813 1 7 0 0 9 
0 0 0 166 4 0 0 0 0 0 
45 74 33 0 0 0 31 4 25 20 
0 0 0 121 1140 1 0 37 4 0 
8 4820 84 0 5 255 108 0 0 1 
0 0 0 0 1 45 124 176 480 24 
789 0 0 0 4 150 0 2 4 0 
0 0 186 0 1 0 0 0 0 1 
8 0 4 1 2 0 64 79 10 0 
1450 0 0 0 0 0 0 0 0 0 
0 2 0 65 4 10 633 0 0 0 
585 0 0 0 0 0 0 2 0 0 
1 0 1 0 0 31 495 0 0 0 
326 0 5 16 0 0 4 0 0 0 
252 27 0 0 0 14 0 0 2 32 
0 7 0 5 5 18 0 0 124 0 
0 0 0 0 0 0 0 0 39 713 
0 0 0 0 0 415 0 0 0 0 
0 0 0 8 0 605 0 0 0 0 
0 0 0 0 30 2 0 0 0 0 
0 0 0 110 23 15 4 0 0 0 
0 0 11 0 0 0 0 48 0 0 
0 2 0 0 86 0 0 0 0 0 
0 0 0 443 23 1 0 0 0 0 
10 0 38 3 3 0 36 0 0 467 
0 206 0 0 0 0 0 0 0 0 
0 1 7 72 0 0 0 0 63 0 
0 0 0 0 0 0 0 0 185 0 
0 610 0 0 0 0 2 0 0 1 
