374 0 0 0 352 1536 2 0 
826 57 0 643 391 0 38 0 
0 575 1119 788 9 18 0 5 
789 1 0 2 0 0 884 5 
38 0 0 8 8 414 1 1 
1071 465 0 0 0 1 1577 207 
0 0 0 0 0 0 415 0 
0 1531 0 0 3 5 5 0 
0 0 0 0 0 754 0 0 
0 0 0 1 0 3 394 0 
0 0 0 0 0 0 35 629 
0 0 0 0 0 220 0 0 
0 2 6 4 44 0 266 11 
0 0 0 0 0 0 741 0 
0 0 0 0 0 0 1009 1 
0 0 2 0 0 361 0 0 
0 0 0 0 0 622 0 0 
0 256 0 0 272 5 4 7 
0 0 11 3 214 0 3 9 
0 302 0 1 7 5 2 3 
280 0 0 0 51 0 17 6 
0 0 0 0 0 0 174 1 
0 0 0 0 0 255 0 0 
622 0 2 0 0 0 0 1 
0 0 0 0 0 1386 0 0 
15 66 4 28 182 5 3 0 
627 4 0 2 3 28 12 8 
0 0 0 0 0 0 654 0 
4 1 0 0 230 176 20 147 
0 0 89 0 0 263 42 0 
333 0 0 0 64 0 1 11 
0 0 0 0 0 861 0 0 
0 0 0 0 1 490 0 0 
18 0 0 1 50 372 0 0 
0 0 0 0 0 577 0 0 
0 0 1 0 0 0 46 360 
0 0 0 0 0 1029 57 0 
0 0 0 0 0 470 0 0 
0 0 0 0 0 0 409 0 
0 61 8 301 0 0 0 10 
0 0 0 0 0 254 0 0 
71 1 4 0 79 100 2 0 
0 0 0 0 0 0 400 0 
