0 0 0 0 2251 0 0 0 
286 0 4 2 0 1 8 1661 
0 0 0 61 2457 6 0 0 
1684 0 0 1 0 11 0 0 
0 0 0 0 0 470 0 0 
171 136 39 95 1105 1031 91 661 
0 1 0 2 1 391 30 0 
21 1316 1 57 0 90 19 42 
0 0 0 0 0 638 113 3 
1 16 7 0 1 0 275 40 
0 0 0 0 117 37 518 2 
27 13 15 0 155 7 3 0 
0 97 51 0 3 8 301 13 
6 0 0 191 36 239 43 226 
0 0 0 0 0 0 1012 0 
0 0 0 0 0 376 0 0 
61 141 132 177 89 0 21 1 
0 0 0 0 0 0 537 0 
0 0 2 0 29 0 183 1 
0 71 0 0 14 157 0 1 
5 0 103 0 0 2 0 0 
135 15 144 0 0 0 0 26 
0 0 0 0 0 350 0 0 
0 0 0 0 0 0 175 0 
0 0 0 0 0 255 0 0 
0 0 0 0 0 1 624 0 
2 0 0 0 542 862 8 0 
0 0 1 0 0 0 335 0 
2 45 9 0 0 31 5 211 
0 5 617 0 43 1 0 18 
0 0 0 1 638 0 10 0 
0 0 0 580 0 0 0 0 
94 0 0 181 29 98 4 8 
1 0 20 374 0 9 6 0 
155 105 35 10 257 25 4 270 
38 2 21 7 0 358 0 22 
0 0 1 0 407 23 0 1 
0 0 0 0 577 0 2 0 
138 190 0 28 35 15 0 0 
0 0 0 0 59 1266 7 1 
0 0 4 0 457 5 3 0 
60 0 9 28 0 160 37 0 
0 0 0 2 362 0 2 0 
