0 0 0 0 2235 0 0 0 
750 9 0 5 0 0 0 0 
0 0 0 70 2426 0 0 1 
1694 0 0 0 0 1 6 0 
0 0 0 0 0 397 0 0 
200 3 0 0 454 2539 4 0 
1 0 2 5 2 378 22 2 
1 1531 0 0 0 8 0 0 
0 0 0 1 0 720 0 0 
0 0 0 0 0 0 398 0 
0 0 1 0 6 0 644 12 
631 0 0 156 0 10 45 0 
0 0 0 0 0 324 9 0 
0 6 674 0 41 0 20 1 
0 0 0 0 0 0 1012 0 
0 0 0 0 0 371 0 0 
0 0 0 0 0 0 549 0 
0 0 0 0 2 310 0 0 
0 145 2 127 46 0 0 0 
0 0 0 0 0 276 0 0 
0 0 0 0 0 0 175 0 
0 23 0 0 6 503 0 0 
0 0 0 0 0 0 227 0 
0 0 0 14 618 792 1 61 
0 99 0 130 25 7 0 40 
0 0 463 0 10 4 0 0 
3 6 0 1 647 0 1 0 
0 0 0 580 1 0 1 2 
0 0 1 392 0 14 1 0 
0 0 690 0 0 277 2 0 
1 0 0 2 0 499 0 0 
0 0 0 0 0 168 0 0 
0 0 0 0 621 0 0 0 
2 0 0 375 2 0 1 27 
11 1 0 0 0 1069 3 1 
0 0 0 0 0 353 0 2 
0 0 0 0 1 0 376 32 
6 13 363 0 11 0 0 0 
7 59 0 27 0 0 48 1 
224 0 0 4 0 16 11 0 
3 355 0 0 0 37 9 0 
6 113 7 4 0 0 4 434 
0 0 0 0 0 0 0 635 
0 0 198 0 1 0 8 0 
0 1 1 2 0 0 533 2 
0 0 50 0 166 215 0 0 
