0 1 0 0 2265 0 0 0 
708 6 0 29 0 17 0 0 
0 0 0 27 2476 0 2 4 
1689 0 2 0 0 0 0 0 
0 0 0 0 0 413 0 0 
300 21 0 6 593 2350 0 0 
0 2 3 1 0 386 20 0 
5 1401 0 6 0 27 95 5 
0 0 1 0 0 712 8 0 
0 1 0 0 1 2 394 0 
1 80 5 3 0 0 575 0 
0 0 0 89 0 117 14 0 
0 0 0 0 0 240 0 93 
0 0 552 77 94 0 0 19 
0 0 0 0 0 0 1010 0 
0 0 0 0 0 410 0 0 
71 0 26 524 0 0 0 1 
0 0 0 0 0 0 549 0 
0 0 0 0 0 312 0 0 
0 248 0 0 0 72 0 0 
0 0 0 0 0 283 0 0 
0 0 0 0 0 0 175 0 
0 1 0 11 0 468 0 0 
1 0 2 0 0 0 224 0 
0 0 0 19 453 926 0 0 
0 0 141 0 24 0 0 138 
11 0 378 0 49 39 0 0 
0 0 0 0 649 0 0 0 
1 0 1 576 0 0 3 0 
0 0 11 383 0 12 0 0 
537 78 274 31 5 33 10 0 
0 7 0 3 8 485 0 0 
0 0 0 0 159 297 0 1 
1 0 0 0 595 0 0 0 
0 0 0 312 0 82 4 9 
0 0 0 0 0 1155 6 1 
0 0 46 4 366 1 22 0 
4 2 17 1 0 1 333 51 
5 0 0 7 36 348 0 0 
7 17 57 0 7 1 53 0 
141 0 86 18 0 0 8 0 
0 190 123 0 0 39 0 52 
1 2 513 0 1 1 28 22 
0 1 3 0 0 0 0 629 
14 0 192 0 0 0 0 1 
0 0 0 0 0 0 534 5 
