0 0 0 4 2251 3 0 0 
182 0 0 0 0 0 39 1138 
0 0 0 52 2464 1 3 0 
1681 0 0 0 0 3 0 0 
0 0 0 0 0 454 0 0 
345 13 93 24 434 2402 0 0 
0 0 0 1 0 391 23 0 
0 1485 38 0 0 19 0 0 
0 0 0 0 0 580 175 0 
0 1 0 0 0 0 397 0 
251 0 4 0 0 0 409 0 
2 83 72 47 0 0 0 16 
0 83 14 113 0 8 115 0 
9 0 651 0 80 0 0 1 
0 0 0 0 0 0 1009 0 
0 0 0 0 0 368 0 0 
30 0 19 425 142 0 6 0 
0 0 0 0 0 0 545 0 
0 0 0 2 0 303 5 2 
0 0 0 6 0 0 313 1 
0 0 0 0 0 283 0 0 
0 0 0 0 0 0 175 0 
0 1 0 0 0 194 4 7 
0 0 0 0 0 0 625 0 
3 40 0 1 430 911 0 2 
0 0 196 107 0 0 0 0 
1 0 628 54 0 1 0 0 
0 1 0 0 651 0 1 1 
0 0 1 566 0 2 0 8 
0 0 0 3 50 277 3 10 
0 0 0 379 21 6 0 0 
0 0 531 22 11 160 243 0 
0 1 0 0 0 509 0 0 
65 0 20 0 293 30 0 25 
0 0 0 0 574 0 0 0 
1 343 0 0 47 0 0 16 
0 5 0 0 0 1069 9 0 
0 0 166 0 301 0 4 0 
0 0 0 0 0 6 403 0 
0 1 22 47 198 0 120 0 
0 0 234 0 17 2 0 0 
0 0 75 145 36 0 1 0 
93 0 66 236 1 6 1 0 
0 0 0 0 0 0 40 555 
