0 0 0 0 2257 1 0 0 
212 0 0 0 0 0 0 1147 
7 0 0 72 2439 0 0 0 
1674 0 5 0 0 4 0 0 
0 0 0 0 0 454 0 0 
292 21 101 164 556 2162 7 9 
0 0 0 6 0 364 44 0 
1 1519 13 0 0 8 1 0 
0 0 0 0 0 626 128 0 
0 0 0 0 0 0 398 0 
356 0 1 0 6 0 301 0 
0 58 90 70 0 0 0 2 
0 111 1 70 1 0 150 0 
0 1 669 0 66 4 0 1 
0 0 0 0 0 0 1010 0 
0 0 0 0 0 368 0 0 
65 5 0 382 150 18 2 0 
0 0 0 0 0 0 545 0 
0 0 0 0 0 319 0 0 
0 3 0 22 0 9 286 0 
0 0 0 0 0 276 0 0 
0 0 0 0 0 0 175 0 
0 0 0 1 0 214 0 0 
0 4 1 4 0 0 614 2 
0 2 0 0 372 961 0 33 
0 0 196 107 0 0 0 0 
0 0 576 95 0 0 0 13 
0 0 0 3 649 0 1 1 
0 0 3 569 3 0 0 2 
15 0 0 1 20 284 14 9 
0 0 0 386 11 10 0 0 
0 1 761 0 1 75 130 0 
5 0 0 0 0 505 0 0 
0 0 34 0 380 8 0 9 
0 0 0 0 573 0 1 0 
9 357 0 0 28 13 0 0 
0 5 0 0 0 1087 0 0 
0 2 159 0 310 0 0 0 
14 0 0 3 0 3 389 0 
6 0 4 27 192 0 160 0 
0 1 238 0 9 0 5 0 
0 2 132 68 0 4 0 51 
25 0 67 313 1 0 0 0 
0 0 2 0 1 0 23 569 
