0 0 0 0 3 1636 2 0 0 7 280 205 
1 0 1 4 0 509 0 1376 0 215 0 0 
0 114 0 825 181 0 0 0 0 0 0 1 
0 0 0 1 0 0 0 0 1277 0 0 0 
0 0 0 0 0 281 0 0 0 0 0 0 
0 0 0 0 0 0 1429 0 0 0 0 0 
0 0 0 0 0 0 0 2 625 0 0 179 
16 0 0 0 0 159 0 0 0 0 0 1 
524 0 0 1 0 0 34 0 0 0 0 0 
0 168 0 3 891 101 0 1 53 6 1 26 
63 0 0 0 0 108 0 0 0 0 0 0 
0 2 0 0 4 148 1102 3 0 0 0 0 
0 0 0 0 0 904 0 0 0 0 0 0 
0 0 0 0 0 0 0 0 191 0 0 0 
0 3 1 0 405 0 170 0 0 0 0 28 
199 0 67 0 56 0 3 0 0 0 0 0 
0 0 0 0 0 391 0 0 0 0 0 0 
0 0 0 0 0 0 0 4 633 49 0 0 
0 0 0 1 0 127 0 6 0 0 132 0 
3 0 1 138 0 588 14 0 0 0 0 4 
0 0 21 0 1 44 124 885 0 250 0 257 
0 0 0 0 1428 0 27 0 0 0 0 0 
0 0 0 0 0 478 0 0 0 0 0 0 
0 0 0 0 1 0 939 0 0 0 0 0 
11 0 23 0 44 0 0 0 0 248 0 600 
0 1 934 43 2 4 43 0 7 95 0 45 
5 0 0 0 178 1 1 0 360 0 0 0 
0 2 0 1 0 1 0 0 0 351 0 0 
0 0 0 0 0 0 0 0 0 559 0 18 
0 4 0 2 62 589 0 0 0 2 0 0 
0 0 0 0 0 6 0 0 1 0 0 301 
0 0 0 0 0 0 0 304 0 0 0 0 
0 0 1 0 0 0 0 424 0 0 0 0 
0 0 0 0 0 0 0 0 299 0 0 261 
0 0 0 0 0 350 0 0 0 0 0 0 
9 0 0 0 0 8 0 0 0 0 171 0 
0 0 0 0 0 15 4 0 9 0 276 0 
123 0 6 0 0 1 0 0 0 184 0 0 
0 0 0 428 0 0 0 0 0 4 0 0 
207 47 0 16 0 27 0 0 0 287 30 0 
0 0 0 0 450 0 0 0 0 0 0 0 
0 0 0 2 0 0 0 869 0 0 0 0 
