514 0 0 0 35 0 0 4 461 0 1043 79 
0 0 0 0 0 251 912 491 459 0 2 0 
0 791 329 0 1 0 0 0 0 0 0 0 
0 0 0 0 0 0 0 0 57 874 0 346 
279 2 0 0 0 0 0 0 0 0 0 0 
0 0 0 0 0 3 1 4 0 779 643 0 
0 0 0 1 0 0 1 0 83 0 722 0 
0 0 0 0 0 0 1044 2 0 0 0 0 
172 0 0 124 0 147 35 0 79 0 2 0 
432 211 0 0 6 0 0 6 2 325 154 110 
0 0 119 0 51 0 0 1 0 0 0 0 
27 0 728 0 0 1 0 0 0 469 28 0 
19 52 0 2 0 0 0 371 115 0 311 30 
0 0 0 0 0 0 176 0 16 0 0 0 
0 0 0 0 604 1 0 2 0 0 0 0 
0 71 0 37 53 20 132 0 1 0 11 0 
3 0 0 2 8 0 1 358 4 5 0 10 
0 0 0 0 0 15 0 0 671 0 0 0 
0 0 0 0 0 266 0 0 0 0 0 0 
2 1 0 295 0 446 0 0 2 1 0 1 
0 0 0 0 0 1 0 0 0 1581 0 0 
0 7 0 0 182 1 0 1 1 809 458 0 
0 0 0 228 0 229 0 0 3 0 0 112 
0 0 0 0 0 1 294 650 0 0 0 0 
0 0 209 433 0 0 4 6 0 0 249 25 
0 0 0 0 0 1174 0 0 0 0 0 0 
0 1 0 411 1 0 0 0 131 0 1 0 
0 0 0 0 343 1 0 11 0 0 0 0 
0 0 0 0 0 0 0 0 0 578 0 0 
0 0 0 0 398 260 0 0 0 0 0 1 
0 0 0 1 302 0 4 0 0 0 0 1 
0 1 0 0 0 0 0 2 0 301 0 0 
0 0 0 2 0 1 3 406 0 3 0 0 
2 0 0 3 0 0 0 0 17 0 0 538 
0 0 0 0 0 256 0 0 0 0 0 0 
0 0 0 0 131 0 0 20 0 36 0 1 
10 0 15 0 13 211 27 0 0 28 0 0 
6 0 75 218 0 0 0 0 6 0 9 0 
0 0 0 367 65 0 0 0 0 0 0 0 
0 0 0 0 0 0 0 0 0 615 0 0 
0 0 0 32 401 0 9 1 0 7 0 0 
