0 0 0 11 0 1534 0 1 0 0 319 264 
0 0 0 0 5 449 0 1548 0 104 0 0 
0 113 0 823 185 0 0 0 0 0 0 0 
0 0 0 0 0 0 0 1 1276 0 0 0 
0 0 0 0 0 281 0 0 0 0 0 0 
0 0 0 0 0 0 1429 5 0 0 0 0 
0 0 0 0 0 0 0 2 552 0 0 253 
1 0 0 0 1 103 0 942 0 1 0 0 
519 0 0 0 0 0 29 9 1 1 0 0 
0 160 0 70 745 91 0 0 101 0 0 81 
21 4 0 5 0 0 0 0 29 0 112 0 
5 0 0 1 6 45 1193 0 0 0 0 0 
0 0 0 0 0 908 0 0 0 0 0 0 
0 0 0 0 0 0 0 0 191 0 0 0 
2 0 1 0 534 0 58 1 10 0 1 0 
247 0 0 7 71 0 0 0 0 0 0 0 
0 0 0 0 0 391 0 0 0 0 0 0 
0 9 0 23 6 0 0 0 648 0 0 0 
0 0 0 124 0 44 0 0 14 6 78 0 
15 0 0 115 29 581 2 3 1 0 1 0 
0 0 6 5 0 0 48 1264 0 138 0 121 
0 0 0 0 1450 0 7 0 0 0 0 0 
0 0 0 0 0 572 0 0 0 0 0 0 
0 1 0 0 0 0 944 0 0 0 0 0 
0 0 0 0 33 21 0 8 0 342 0 522 
0 0 812 17 2 0 115 0 4 117 0 107 
0 12 0 0 122 0 1 0 398 0 12 0 
0 0 0 0 0 4 0 0 0 351 0 0 
0 0 0 0 0 59 0 0 54 463 1 0 
0 0 3 0 96 560 0 0 0 0 0 0 
0 0 0 0 0 0 0 0 0 0 0 308 
0 0 0 0 0 0 0 304 0 0 0 0 
3 1 0 0 0 0 0 418 0 2 0 0 
0 0 0 1 0 0 0 0 289 0 0 270 
0 1 0 0 0 255 0 0 0 0 0 0 
0 0 0 5 0 0 0 0 11 0 172 0 
0 0 0 0 0 0 1 0 1 0 302 0 
259 1 0 0 0 7 4 9 15 17 2 0 
0 0 0 430 0 0 0 0 2 0 0 0 
186 0 0 38 0 38 0 4 0 339 9 0 
0 0 0 0 448 0 0 0 0 0 2 0 
