618 0 0 2 1 0 0 1 324 0 1065 119 
0 0 0 0 0 240 893 451 524 0 0 0 
0 768 352 0 1 0 0 0 0 0 0 0 
0 0 0 0 0 0 0 0 72 862 0 344 
281 0 0 0 0 0 0 0 0 0 0 0 
0 0 1 0 0 0 0 0 0 822 593 14 
0 0 0 0 1 0 0 0 67 0 737 1 
2 0 0 1 0 0 166 0 0 0 0 7 
363 0 0 0 0 132 0 1 63 0 0 0 
323 44 0 0 0 0 0 20 0 828 0 34 
28 11 46 0 23 9 0 51 0 0 3 0 
0 0 301 0 10 0 0 1 0 855 86 1 
22 0 0 0 0 1 0 514 0 0 346 24 
0 0 0 0 0 0 175 0 16 0 0 0 
0 0 1 0 606 0 0 0 0 0 0 0 
0 0 0 52 0 0 80 90 30 72 0 1 
0 0 0 0 3 0 0 387 0 1 0 0 
0 0 0 0 0 24 0 0 657 0 4 1 
0 0 0 0 0 266 0 0 0 0 0 0 
0 0 0 296 0 448 3 0 0 0 0 0 
4 1 1 3 0 2 0 0 0 1560 11 0 
0 50 0 0 312 0 0 0 10 634 446 5 
0 0 0 213 1 247 0 0 0 6 1 27 
0 0 0 0 5 0 302 625 0 5 9 0 
0 0 196 472 0 0 0 1 0 0 245 12 
0 0 0 0 0 1174 0 0 0 0 0 0 
0 0 0 492 0 0 1 0 52 0 0 0 
0 0 0 0 354 0 0 1 0 0 0 0 
0 0 0 0 0 0 0 0 0 576 0 0 
0 0 0 0 395 264 0 0 0 0 0 0 
3 0 0 0 304 1 0 0 0 0 0 0 
0 0 0 0 0 0 0 1 0 303 0 0 
0 0 0 8 0 0 0 415 0 0 0 0 
0 4 0 0 0 0 0 0 22 0 0 534 
0 0 0 0 1 329 0 0 2 0 0 0 
0 0 12 0 29 0 34 113 0 0 0 0 
73 0 4 10 0 96 0 16 0 93 12 0 
0 0 73 214 5 0 2 0 11 0 9 0 
0 0 0 277 155 0 0 1 0 0 0 0 
0 0 0 0 0 0 0 0 0 613 0 0 
10 0 1 0 420 0 0 6 13 0 0 0 
0 0 0 0 1 0 869 1 0 0 0 0 
