181 2126 5 0 0 68 66 46 0 0 0 0 
0 0 0 0 1 0 100 0 0 0 0 0 
0 0 0 0 0 256 14 0 0 0 0 0 
0 0 21 0 0 659 0 0 0 0 0 0 
0 0 0 0 109 0 0 2 0 0 0 0 
0 0 0 0 0 1 516 0 0 0 0 0 
2 0 0 0 0 12 0 318 0 0 0 0 
0 42 3 0 38 0 0 0 0 2 0 1 
0 53 116 145 26 0 0 0 0 0 0 0 
0 0 0 42 0 0 0 0 0 0 0 0 
0 186 0 0 0 8 1 0 0 0 0 0 
731 0 0 0 0 0 7 1 0 0 0 0 
0 0 120 0 0 0 0 0 0 0 0 0 
0 1 0 0 0 0 0 0 210 70 0 0 
0 0 0 0 0 0 40 175 0 0 0 0 
0 0 0 0 40 0 0 0 0 15 18 0 
0 0 208 10 0 0 0 0 0 0 0 0 
0 0 0 0 0 0 0 0 0 209 0 0 
0 105 0 0 0 0 0 0 0 0 0 0 
0 0 0 0 0 0 48 0 0 0 0 0 
0 0 0 0 0 0 0 0 62 0 0 0 
0 0 0 0 0 0 0 91 0 0 0 0 
1 0 0 0 4 0 33 0 0 0 0 38 
0 0 0 0 102 0 1 0 0 0 0 0 
0 0 0 0 0 0 34 0 0 0 0 0 
0 42 0 0 0 0 0 0 0 0 0 34 
0 0 0 0 0 630 0 7 0 1 0 0 
0 0 0 0 0 0 116 0 0 0 0 0 
0 0 0 8 257 0 0 0 0 0 0 0 
0 0 115 0 0 0 11 0 2 0 1 0 
0 0 0 0 0 0 3 34 109 0 0 0 
0 0 0 0 1 0 0 0 0 42 187 0 
0 0 0 0 66 0 0 0 0 0 0 0 
0 0 1 0 0 0 0 193 0 0 0 0 
0 0 3 0 0 0 0 6 0 65 7 0 
0 60 0 0 1 0 0 0 0 1 0 0 
1 0 0 10 0 0 0 0 57 0 3 0 
0 20 290 0 0 0 1 0 0 0 0 0 
61 0 0 0 0 0 0 0 0 0 0 0 
0 3 20 2 0 1 0 0 0 19 17 0 
0 0 0 0 11 45 0 0 0 0 0 0 
0 0 0 0 0 1 97 3 0 2 0 11 
0 0 0 0 0 0 106 33 0 0 0 0 
0 0 12 0 1 0 0 0 23 0 0 0 
0 0 0 0 0 61 0 6 0 0 0 0 
0 0 0 0 0 0 0 2 0 15 2 0 
