0 0 0 0 0 83 2399 10 0 0 0 0 
0 0 0 0 0 0 101 0 0 0 0 0 
2 0 0 0 132 136 0 0 0 0 1 0 
0 0 307 8 0 376 0 0 1 0 0 0 
0 0 0 1 0 75 35 0 0 0 0 0 
0 0 0 1 0 0 518 0 0 0 0 0 
0 0 0 0 0 0 0 331 1 0 0 0 
0 0 0 27 0 0 58 0 0 0 0 0 
0 10 13 29 295 0 0 0 0 0 0 0 
0 0 0 24 17 1 0 0 0 0 0 0 
0 0 0 0 0 184 1 0 0 0 0 0 
0 0 0 0 1 1 584 13 14 0 125 0 
0 1 0 0 0 0 112 0 0 0 0 0 
0 0 0 0 0 0 19 2 7 0 0 260 
0 0 5 0 2 0 0 204 0 0 4 0 
0 0 0 0 73 0 0 0 0 0 0 0 
5 0 0 205 0 3 0 3 0 1 1 0 
0 0 0 0 1 0 0 0 205 0 1 0 
0 96 0 0 8 0 0 0 0 0 0 0 
0 0 0 0 0 0 1 0 0 0 0 47 
0 59 0 3 0 0 0 0 0 0 0 0 
0 11 0 0 1 2 11 46 1 17 2 0 
0 0 0 0 0 56 20 0 0 0 0 0 
0 0 0 103 0 0 0 0 0 0 0 0 
0 0 34 0 0 0 0 0 0 0 0 0 
0 0 0 0 0 0 0 0 0 0 7 69 
0 20 0 0 0 616 0 0 0 0 0 0 
0 3 0 0 0 0 95 0 0 2 16 0 
0 0 1 111 153 0 0 0 0 0 0 0 
0 0 34 2 52 0 0 41 0 0 0 0 
0 0 0 0 0 9 0 11 84 6 0 0 
0 0 0 0 0 0 0 0 142 0 109 0 
0 0 0 0 45 0 0 0 0 0 21 0 
0 0 0 0 0 0 0 189 0 2 0 2 
56 0 0 0 0 0 1 0 14 0 10 1 
0 60 1 0 0 0 0 0 0 0 0 1 
0 0 0 0 0 0 0 0 62 0 0 0 
0 6 0 0 0 1 0 0 39 0 0 0 
0 2 308 0 0 0 0 0 0 0 0 0 
0 16 0 40 0 0 0 0 0 0 0 5 
0 0 0 62 0 0 0 0 0 0 0 0 
0 0 0 0 55 0 0 0 1 0 0 0 
0 0 0 0 0 0 113 0 1 0 0 0 
0 1 0 0 0 0 132 6 0 0 0 0 
0 0 0 0 0 0 0 1 0 0 0 28 
0 0 0 0 25 0 27 0 0 0 8 7 
