0 0 0 0 0 99 2357 12 3 0 0 0 
0 0 0 0 0 0 103 0 0 0 0 0 
0 0 0 0 156 111 1 0 0 0 0 0 
3 0 246 0 9 412 0 15 0 0 0 0 
0 0 0 1 0 89 23 0 0 0 0 0 
0 3 0 0 0 0 512 0 5 1 0 0 
0 0 0 0 0 0 0 330 1 0 0 0 
0 0 0 21 0 1 66 0 0 0 0 0 
0 0 6 29 312 0 0 0 0 0 0 0 
0 0 0 26 16 0 0 0 0 0 0 0 
0 0 0 0 0 191 0 0 0 0 0 0 
0 2 0 0 0 0 560 23 23 0 125 5 
0 11 0 0 0 0 109 0 0 0 0 0 
0 14 0 0 0 7 0 14 0 0 0 247 
0 0 0 0 0 59 0 152 0 4 0 0 
0 0 0 0 72 0 1 0 0 0 0 0 
0 1 0 188 11 0 0 0 0 0 0 11 
0 0 0 0 0 0 0 0 215 0 0 0 
0 105 0 0 0 0 0 0 0 0 0 0 
0 0 0 0 0 0 0 0 0 0 0 48 
8 45 1 4 0 0 2 0 0 0 2 0 
7 1 0 0 0 0 0 83 0 0 0 0 
0 0 0 0 0 56 20 0 0 0 0 0 
0 0 0 99 0 0 4 0 0 0 0 0 
0 0 34 0 0 0 0 0 0 0 0 0 
0 0 0 0 0 0 0 0 0 1 5 69 
0 17 0 0 4 616 0 0 0 0 0 0 
0 0 0 0 0 15 80 0 22 0 0 0 
0 0 0 88 172 5 0 0 0 0 0 0 
0 0 0 2 1 0 0 124 1 2 0 0 
0 0 0 0 0 0 0 20 127 0 0 0 
0 4 0 0 0 0 0 0 193 3 19 5 
0 3 0 0 39 0 0 0 0 1 23 0 
0 0 0 0 0 0 0 194 0 0 0 0 
62 1 0 0 0 2 0 0 15 2 0 0 
0 62 0 0 0 0 0 0 0 0 0 0 
0 0 311 0 0 0 0 0 0 0 0 0 
0 0 0 0 0 10 37 2 7 2 0 1 
19 14 0 2 1 0 23 1 0 0 2 0 
0 0 0 0 56 0 0 1 0 0 0 0 
0 0 0 0 0 0 114 0 0 0 1 0 
0 0 0 0 0 1 122 12 0 0 0 0 
1 0 0 0 0 1 0 0 0 0 0 34 
0 0 0 0 9 0 22 0 34 2 0 0 
0 0 0 0 0 0 0 0 0 0 19 0 
0 0 0 0 0 0 0 0 81 0 5 0 
