219 2052 32 10 0 33 0 123 0 0 0 4 
0 4 0 0 0 0 94 0 0 3 0 0 
0 0 0 0 0 255 14 0 0 0 0 0 
0 0 24 0 0 657 0 0 0 0 0 0 
0 0 0 0 111 0 0 0 0 0 0 0 
0 0 0 0 0 2 519 0 0 0 0 0 
3 0 0 0 0 0 2 327 0 0 0 0 
0 2 0 0 79 0 7 0 0 0 0 0 
0 59 109 152 21 0 0 1 1 0 0 0 
0 0 0 44 0 0 0 0 0 0 0 0 
0 190 0 0 0 3 0 1 0 0 0 0 
629 0 6 1 1 1 0 0 0 0 3 0 
0 0 120 0 0 0 0 0 0 0 0 0 
0 0 1 0 0 0 0 0 226 53 0 0 
0 0 0 0 1 0 52 162 0 0 0 0 
0 0 0 0 46 0 2 1 0 0 24 0 
0 0 207 12 0 0 0 0 0 0 0 0 
0 0 0 0 0 0 0 0 0 215 0 0 
0 103 0 0 0 0 0 0 0 0 0 0 
0 0 0 0 0 0 47 0 0 0 1 0 
1 0 0 0 0 0 0 0 63 0 0 0 
0 0 0 0 0 0 0 91 0 0 0 0 
0 0 0 0 0 1 28 47 0 0 0 0 
0 0 9 0 86 0 0 6 0 0 0 2 
0 0 0 0 0 0 34 0 0 0 0 0 
0 42 0 0 0 0 0 0 0 0 0 37 
0 0 0 0 0 619 0 0 0 0 0 16 
0 0 0 0 0 0 112 0 0 0 0 0 
0 0 0 7 257 1 0 0 0 0 0 0 
0 0 58 17 0 49 0 0 0 5 0 0 
0 0 0 0 0 0 0 49 99 0 0 0 
1 0 0 0 0 0 0 1 0 28 194 0 
0 0 0 0 65 0 0 0 0 1 0 0 
0 0 0 0 0 0 0 194 0 0 0 0 
0 0 30 0 0 1 36 9 0 0 0 5 
0 62 0 0 0 0 0 0 0 0 0 0 
0 20 287 0 0 0 0 0 0 0 0 0 
154 0 0 0 0 0 0 0 1 0 0 0 
0 0 0 0 5 0 4 9 0 0 43 0 
0 0 0 35 0 0 0 0 0 0 22 0 
0 2 0 0 0 16 97 0 0 0 0 0 
0 0 0 0 0 0 108 34 0 0 0 0 
0 0 15 0 0 2 0 2 6 11 0 0 
0 0 0 0 2 61 4 0 0 0 0 0 
0 0 0 0 0 0 1 0 0 18 0 0 
0 0 0 2 0 0 0 0 0 0 0 84 
