0 0 0 0 0 124 2341 8 0 0 0 0 
0 0 0 0 0 0 103 0 0 0 0 0 
0 0 0 0 145 122 0 0 0 0 0 0 
0 0 366 0 0 311 0 2 1 4 0 0 
0 0 0 0 0 83 28 0 0 0 0 0 
6 0 1 6 0 3 504 0 0 0 0 0 
0 0 0 0 0 0 0 331 1 0 0 0 
0 0 0 27 0 0 61 0 0 0 0 0 
0 0 7 24 316 0 0 0 0 0 0 0 
0 0 0 27 17 0 0 0 0 0 0 0 
0 0 0 0 0 193 0 0 0 0 0 0 
0 0 0 2 0 0 473 16 27 0 122 0 
0 7 0 0 0 0 113 0 0 0 0 0 
8 0 0 0 1 1 26 0 0 17 0 229 
0 0 1 0 0 1 1 201 11 0 0 0 
0 0 1 0 72 0 0 0 0 0 0 0 
0 0 0 208 0 2 3 3 0 0 0 0 
0 0 0 0 0 0 0 0 211 1 0 2 
0 88 0 0 1 3 0 0 0 8 3 0 
0 0 0 0 0 0 0 0 0 0 0 48 
1 0 0 0 0 0 11 53 0 0 0 0 
0 0 0 0 0 0 0 80 11 0 0 0 
0 0 0 0 0 56 19 0 0 1 0 0 
2 0 0 101 0 0 0 0 0 0 0 0 
0 0 34 0 0 0 0 0 0 0 0 0 
0 0 0 0 0 0 0 0 0 0 6 73 
1 13 0 0 0 621 0 0 0 0 0 0 
11 0 14 44 36 0 0 0 1 0 5 0 
1 0 0 114 150 0 0 0 0 0 0 0 
0 0 2 3 0 0 0 42 0 72 0 10 
0 0 0 2 0 4 0 4 136 2 0 0 
0 0 0 0 0 0 0 0 184 0 41 0 
0 1 0 0 45 2 1 0 0 0 17 0 
0 0 0 0 0 0 0 193 0 0 0 0 
75 0 0 1 0 0 0 1 4 0 0 0 
0 59 0 1 0 0 0 0 0 2 0 0 
0 0 301 0 0 1 0 0 4 0 0 0 
1 3 0 0 0 0 151 1 0 0 0 0 
0 4 0 0 0 16 40 0 1 0 0 0 
0 0 0 0 57 0 0 0 0 0 0 0 
0 0 0 0 0 0 113 0 0 0 0 0 
0 4 0 0 0 0 133 1 0 4 0 0 
0 0 0 0 0 0 0 0 0 0 0 36 
45 0 0 0 0 15 0 0 0 7 0 0 
0 0 0 0 0 0 0 0 0 0 19 0 
0 0 0 0 0 0 0 0 86 0 0 0 
