0 0 0 0 0 107 2622 8 0 0 0 0 
0 0 0 0 0 0 107 0 0 0 0 0 
0 0 0 0 127 142 0 0 0 0 0 0 
15 0 283 0 40 370 0 2 0 0 7 1 
0 1 0 0 0 85 27 0 0 0 0 0 
0 1 0 0 0 0 591 0 0 0 0 0 
0 0 0 0 0 0 0 339 1 0 0 0 
0 0 0 42 0 0 99 2 0 0 0 0 
0 22 4 20 307 0 0 0 0 0 0 0 
0 0 0 26 16 0 0 0 0 0 0 0 
0 0 0 0 0 165 0 0 0 0 0 0 
0 0 0 0 1 0 584 10 13 0 135 2 
0 0 0 0 0 0 114 0 0 0 0 0 
0 0 0 4 6 0 0 0 0 0 0 282 
1 0 0 56 0 0 0 148 0 0 0 18 
0 0 1 0 128 0 0 0 0 0 0 0 
3 0 0 216 0 0 0 0 0 0 0 0 
1 0 0 0 1 0 0 0 195 1 0 0 
0 85 4 0 0 32 0 0 0 0 4 0 
0 0 0 0 0 0 0 0 0 0 0 49 
0 0 4 0 4 15 0 8 0 46 4 0 
0 6 0 0 0 0 0 84 0 0 0 0 
0 0 0 0 0 55 18 0 0 0 0 0 
0 0 0 102 0 0 0 0 0 0 15 0 
0 0 34 0 0 0 0 0 0 0 0 0 
0 0 0 0 0 1 0 0 0 0 5 67 
0 15 0 0 0 608 1 0 0 0 0 0 
0 10 0 0 0 0 0 0 0 0 13 0 
0 0 0 8 0 0 1 21 0 82 4 0 
0 0 4 81 175 0 0 0 0 0 0 5 
0 68 3 4 0 0 0 53 0 0 1 0 
0 1 2 0 0 5 0 2 114 0 0 0 
0 0 2 1 0 0 0 0 197 0 46 0 
0 0 2 0 53 0 0 0 0 0 0 0 
0 0 0 5 0 0 188 36 1 0 2 0 
68 0 4 0 0 0 0 0 9 0 0 0 
0 0 0 7 0 13 0 3 0 12 0 0 
0 0 0 0 0 0 0 0 57 0 0 0 
1 0 0 0 0 1 0 0 1 0 0 38 
0 2 199 26 4 0 0 1 0 19 59 0 
