0 2216 0 0 0 60 0 86 8 0 5 0 
0 0 0 0 0 0 103 0 0 0 0 0 
0 0 0 0 0 256 14 0 1 0 0 0 
0 5 24 5 3 530 0 0 0 6 0 0 
0 0 0 0 103 0 0 0 0 0 0 0 
0 0 0 0 0 1 521 0 0 0 0 0 
0 0 0 0 2 1 8 321 0 1 0 0 
0 20 0 0 67 0 1 0 0 0 0 0 
0 56 122 131 24 0 0 0 0 0 0 0 
0 0 0 42 0 0 0 0 0 0 0 0 
0 186 0 0 0 8 0 0 0 0 0 0 
639 0 0 0 0 0 0 0 0 4 0 0 
0 0 120 0 0 0 0 0 0 0 0 0 
0 0 0 0 3 0 0 0 264 30 0 0 
0 0 0 0 0 0 30 184 1 0 0 1 
0 0 0 0 32 0 0 4 0 0 37 0 
0 0 206 13 0 0 0 0 0 0 0 0 
0 0 0 0 0 0 0 0 0 223 0 0 
0 143 0 0 0 0 0 0 0 0 0 0 
1 0 0 0 0 0 47 0 0 0 0 0 
0 0 0 0 0 2 0 88 0 0 0 1 
1 0 0 3 0 0 0 0 69 1 0 0 
0 0 0 0 111 0 0 0 0 0 0 0 
0 44 0 0 0 0 0 0 0 0 0 20 
0 0 7 0 10 612 1 0 0 0 0 0 
0 0 0 0 0 0 111 0 0 0 0 0 
0 0 0 5 259 0 0 0 0 0 0 0 
3 0 0 0 0 0 30 91 0 0 3 0 
0 0 0 0 0 0 0 55 87 1 0 1 
0 0 0 0 0 0 1 0 2 17 189 0 
0 0 0 0 56 1 0 0 0 9 0 0 
0 0 0 0 0 0 0 200 0 1 0 0 
0 0 18 0 56 0 0 6 0 0 0 0 
0 17 299 0 0 0 0 0 0 2 0 0 
0 0 0 0 0 0 0 0 114 0 0 0 
23 0 18 0 0 0 0 0 21 0 0 0 
0 0 0 0 0 0 112 1 0 3 1 0 
0 0 0 0 0 0 112 32 0 0 0 0 
0 0 2 0 0 0 0 0 0 0 1 49 
0 14 0 26 0 0 0 0 23 0 0 4 
0 0 0 0 0 0 0 0 0 19 0 0 
0 0 1 0 0 0 0 0 0 93 1 0 
0 0 3 67 0 0 0 0 24 0 0 3 
0 0 0 0 1 0 67 0 0 0 0 0 
124 0 0 0 0 0 0 0 0 0 0 0 
0 46 1 0 3 2 0 0 0 4 0 0 
0 16 0 0 11 4 0 0 0 24 0 0 
