238 2048 34 0 0 117 2 45 0 0 7 0 
0 0 0 0 3 0 98 0 0 0 0 0 
0 0 0 0 0 254 15 0 0 1 0 0 
1 0 73 0 0 596 0 0 0 0 0 24 
1 0 0 0 109 0 0 0 0 0 0 0 
0 0 0 0 0 2 516 0 0 0 0 0 
2 0 1 3 0 0 0 325 1 0 0 0 
0 14 0 0 59 0 0 0 0 12 0 0 
0 43 129 159 20 0 0 0 0 0 0 0 
0 0 0 42 0 0 0 0 0 0 0 0 
0 164 0 0 1 13 0 0 0 0 0 0 
735 0 0 0 0 0 0 0 0 2 1 0 
0 0 114 0 0 0 0 0 0 0 0 0 
2 0 0 0 0 0 5 0 231 47 0 0 
0 0 0 0 0 0 48 168 0 0 0 0 
0 0 0 0 50 0 0 0 0 0 23 0 
0 0 203 13 0 0 0 0 1 0 0 0 
0 0 0 0 0 0 0 0 0 210 0 0 
0 103 0 0 0 0 0 0 0 0 0 0 
0 0 0 0 0 0 48 0 0 0 0 0 
0 0 0 0 0 0 0 0 62 0 0 0 
0 0 0 0 0 0 0 91 0 0 0 0 
0 2 2 0 0 11 53 0 0 6 2 0 
0 0 0 0 104 0 0 0 0 1 0 0 
0 0 0 0 0 0 34 0 0 0 0 0 
0 37 0 0 0 0 0 1 0 0 0 38 
0 0 0 0 0 638 0 0 0 0 0 0 
0 0 0 0 0 0 116 0 0 0 0 0 
0 0 0 4 258 0 0 0 0 0 3 0 
17 0 14 84 5 0 0 9 0 0 0 0 
0 0 0 0 0 0 0 31 75 0 4 0 
0 0 0 0 0 1 0 0 0 45 202 0 
0 0 0 0 66 0 0 0 0 0 0 0 
0 0 0 0 0 0 0 194 0 0 0 0 
0 9 0 0 0 0 0 0 0 72 0 0 
0 60 0 0 0 0 1 0 0 0 1 0 
0 0 0 0 6 0 40 0 0 0 13 5 
0 0 0 0 1 0 0 10 38 0 0 0 
0 20 290 0 0 0 0 0 0 0 0 0 
57 0 0 0 3 0 0 1 0 0 0 0 
0 0 29 0 0 0 0 1 0 0 2 28 
0 0 1 2 0 1 52 0 0 0 0 0 
7 0 0 0 0 0 82 0 0 0 24 0 
0 0 0 0 0 0 108 33 0 0 0 0 
0 0 0 28 0 0 0 0 0 0 1 0 
12 45 0 0 0 0 0 0 0 4 3 3 
