0 0 0 0 0 95 2370 9 0 0 0 0 
0 0 0 0 0 0 103 0 0 0 0 0 
0 0 0 0 150 118 0 0 0 0 0 0 
17 0 297 0 0 369 0 0 2 0 0 0 
0 0 0 0 0 84 27 0 0 0 0 0 
0 0 0 0 0 0 512 11 0 0 0 0 
0 0 0 0 0 0 0 331 1 0 0 0 
0 0 0 20 0 0 68 0 0 0 0 0 
0 0 4 19 317 0 0 0 0 0 0 0 
0 0 2 24 16 0 0 0 0 0 0 0 
0 0 0 0 2 189 0 0 0 0 0 0 
0 0 0 0 0 0 518 21 31 3 166 0 
0 7 0 0 0 0 113 0 0 0 0 0 
1 0 0 0 0 21 0 0 0 1 3 256 
0 0 0 5 0 45 0 163 2 0 0 0 
0 0 0 0 73 0 0 0 0 0 0 0 
0 1 0 196 4 0 0 14 0 0 0 3 
0 0 0 0 7 0 0 0 207 0 0 0 
0 102 0 0 0 0 0 0 0 0 2 0 
0 0 0 0 0 0 0 0 0 0 0 48 
15 44 0 0 0 0 1 2 0 0 0 0 
0 0 0 0 0 0 0 82 0 0 9 0 
0 0 0 0 0 57 17 0 0 0 0 0 
0 0 0 103 0 0 0 0 0 0 0 0 
0 0 34 0 0 0 0 0 0 0 0 0 
0 0 0 0 0 0 0 0 0 0 6 69 
0 18 0 0 0 620 0 0 0 0 0 0 
0 0 1 60 1 21 28 0 6 0 0 0 
0 0 0 96 169 0 0 0 0 0 0 0 
0 0 14 0 6 0 2 103 4 0 0 0 
0 0 0 0 0 0 0 13 134 0 0 0 
0 0 0 0 0 0 0 2 183 0 40 0 
0 0 0 2 47 0 0 0 0 0 17 0 
0 0 0 0 0 0 0 194 0 0 0 0 
62 0 0 1 0 1 0 0 16 0 0 2 
0 61 0 0 0 0 0 0 0 1 0 0 
1 0 306 0 2 2 0 0 0 0 0 0 
0 24 0 0 2 7 16 2 3 3 0 0 
15 34 0 13 0 0 0 0 0 0 0 0 
0 0 0 0 57 0 0 0 0 0 0 0 
0 0 0 0 0 0 115 0 0 0 0 0 
0 0 0 6 0 0 127 2 0 0 0 0 
0 0 0 0 0 1 0 0 0 0 1 34 
7 3 0 0 0 0 0 0 57 0 0 0 
0 0 0 0 0 0 0 0 0 0 19 0 
0 0 0 0 0 1 0 0 85 0 0 0 
