0 0 0 0 1 113 2645 7 0 0 0 0 
0 0 0 0 0 0 95 0 0 0 0 0 
0 0 0 0 134 132 0 0 0 0 0 0 
0 7 332 0 0 353 18 0 19 1 0 0 
0 0 0 0 13 64 31 0 0 0 0 0 
4 0 0 0 0 0 589 0 0 0 0 0 
0 0 0 0 0 0 0 336 1 0 0 0 
0 0 0 0 0 0 0 0 0 0 0 67 
55 0 0 26 0 0 129 0 1 0 0 0 
0 20 3 35 305 0 0 0 0 0 0 0 
0 0 0 26 16 0 0 0 0 0 0 0 
0 0 0 0 0 159 0 0 0 0 0 0 
0 0 14 0 2 0 597 8 29 0 110 9 
0 0 0 0 0 0 114 0 0 0 0 0 
1 0 0 0 0 0 0 0 0 0 24 309 
0 0 0 2 0 47 0 39 70 1 0 64 
0 0 0 0 128 0 0 0 0 1 0 0 
0 0 0 190 22 0 0 0 1 3 0 0 
0 1 0 0 0 0 1 0 197 0 0 0 
2 120 0 0 5 3 0 0 0 0 0 0 
0 0 0 0 0 0 0 0 0 0 0 49 
0 7 0 4 5 0 0 0 16 48 0 0 
0 0 0 25 0 0 0 63 1 0 1 0 
0 0 0 0 0 56 18 0 0 0 0 0 
0 0 0 106 0 1 0 0 0 0 10 0 
0 0 34 0 0 0 0 0 0 0 0 0 
0 0 132 0 20 5 0 12 19 0 125 0 
0 16 0 0 0 609 0 0 0 0 0 0 
0 10 0 0 0 0 0 0 0 0 13 0 
0 0 61 0 43 5 0 0 1 2 1 3 
0 0 0 91 182 0 2 0 0 0 0 0 
0 0 0 0 0 0 0 0 50 0 0 0 
11 60 1 2 0 0 0 45 0 0 11 0 
0 0 0 14 0 2 41 42 0 8 0 0 
0 0 0 0 0 0 0 0 192 0 54 0 
12 17 0 0 0 0 8 0 0 0 0 0 
0 0 0 0 0 0 160 23 78 0 1 0 
