167 1985 20 0 2 104 0 111 5 1 0 22 
0 0 0 0 0 5 96 0 0 0 0 0 
0 0 0 0 0 256 13 0 0 0 0 0 
0 0 10 0 0 561 0 1 0 0 0 2 
0 0 0 0 102 0 0 0 0 0 0 0 
0 0 0 0 0 1 518 0 0 0 0 0 
1 0 0 0 0 0 0 320 10 0 0 1 
0 0 0 1 85 0 0 0 0 0 1 1 
0 42 119 160 20 0 0 0 0 0 0 0 
0 0 0 45 0 0 0 0 0 0 0 0 
0 183 0 0 0 5 0 0 4 0 0 0 
639 0 0 0 0 0 0 3 0 0 0 1 
0 0 120 0 0 0 0 0 0 0 0 0 
0 0 0 0 0 0 0 0 244 51 0 0 
0 0 0 0 0 0 42 174 0 0 0 0 
0 0 1 0 19 0 7 0 1 0 45 0 
0 0 204 13 0 1 0 0 0 0 0 0 
0 0 0 0 0 0 0 0 0 220 0 0 
0 141 0 0 0 0 0 0 0 0 0 0 
0 0 0 0 0 0 48 0 0 0 0 0 
0 0 0 0 0 0 0 91 0 0 0 0 
26 0 1 0 0 47 0 0 0 0 0 0 
0 0 0 0 108 0 3 0 0 0 0 0 
0 0 0 0 0 0 34 0 0 0 0 0 
0 42 0 0 0 0 0 0 0 1 0 21 
0 0 0 4 0 625 1 2 3 0 0 0 
0 0 0 0 0 0 112 0 0 0 0 0 
0 0 0 7 257 0 0 0 0 0 0 0 
40 0 0 0 0 76 0 0 0 6 3 4 
0 0 0 0 0 0 0 40 106 0 0 0 
0 0 0 0 0 1 0 0 0 35 186 0 
0 0 0 0 66 0 0 0 0 0 0 0 
0 0 1 0 0 1 0 195 0 2 0 0 
0 11 0 0 0 0 30 38 0 0 0 2 
0 39 2 0 1 0 0 3 0 0 0 1 
0 21 289 0 0 0 1 0 0 0 0 0 
157 0 0 0 0 0 0 0 0 0 0 0 
0 0 0 0 0 0 0 0 109 0 0 0 
32 24 0 0 0 0 0 0 0 1 0 0 
1 0 2 0 0 0 71 27 2 0 9 0 
0 0 0 0 0 0 120 29 0 0 0 0 
0 0 0 0 0 0 0 0 0 6 0 45 
4 0 11 1 0 0 0 0 1 5 45 0 
0 0 0 0 0 0 0 0 1 18 0 0 
6 0 0 0 0 0 14 22 24 20 0 0 
0 0 1 0 0 78 0 0 0 17 3 0 
0 20 2 0 0 0 1 9 0 0 0 2 
