0 0 0 0 0 115 2288 15 0 0 0 0 
0 0 0 0 0 0 100 0 0 0 0 0 
0 0 0 0 132 133 0 0 0 0 0 0 
8 0 313 16 0 243 0 0 0 0 2 0 
0 0 0 1 0 68 33 0 0 0 0 0 
0 0 0 4 1 0 516 0 0 0 0 0 
0 0 0 0 0 0 0 333 1 0 0 0 
0 0 0 26 0 0 61 0 0 0 0 0 
0 0 0 19 320 0 0 3 0 0 0 0 
0 0 0 26 19 0 0 0 0 0 0 0 
0 0 0 0 0 190 0 0 0 0 0 0 
0 0 0 0 0 0 507 9 10 0 117 0 
0 9 0 0 0 0 109 0 2 0 0 0 
4 0 0 0 0 35 0 0 0 3 95 158 
0 0 0 12 0 0 0 201 0 0 3 0 
0 0 0 0 73 0 0 0 0 0 0 0 
0 0 0 217 0 0 0 0 0 0 0 0 
0 0 0 6 0 1 0 0 212 0 0 0 
1 123 0 0 0 0 2 12 0 2 0 0 
0 0 0 0 0 0 0 0 0 0 0 48 
7 2 17 0 5 0 0 60 0 0 0 0 
0 0 0 0 0 56 18 0 0 0 0 0 
0 0 0 111 0 0 0 0 0 0 0 0 
0 0 34 0 0 0 0 0 0 0 0 0 
1 0 0 1 0 0 0 0 0 0 7 55 
0 19 0 0 0 616 1 0 0 0 0 0 
0 0 21 0 2 0 1 0 0 27 0 61 
0 0 0 97 167 0 0 0 0 0 0 0 
0 3 0 0 28 0 8 85 0 0 4 0 
0 0 0 0 4 0 0 0 135 0 0 1 
0 0 0 0 0 0 0 0 166 0 56 0 
0 0 0 0 50 0 0 0 0 0 16 0 
0 0 0 0 0 0 0 198 0 0 0 0 
69 0 0 2 0 0 0 0 10 0 0 0 
0 42 0 0 0 4 0 0 0 0 0 0 
0 0 310 0 0 0 1 0 0 0 1 0 
0 1 0 0 0 0 150 5 0 0 0 0 
0 25 0 55 0 30 0 0 0 0 0 0 
0 0 0 0 57 0 0 0 0 0 0 0 
0 0 0 0 0 0 113 0 0 0 0 0 
0 5 0 0 0 0 137 4 1 0 1 0 
2 0 0 0 0 0 0 0 0 0 0 49 
0 0 4 0 0 27 28 1 0 0 0 7 
0 0 0 0 0 0 0 0 0 0 19 0 
0 0 0 0 0 0 1 0 89 0 0 0 
0 0 2 0 0 71 12 0 17 0 0 0 
10 6 0 0 0 0 14 0 0 0 0 0 
