0 0 0 0 0 116 2630 8 0 0 1 0 
0 0 0 0 0 0 95 0 0 0 0 0 
0 4 2 0 135 128 0 0 0 0 0 0 
6 0 253 34 0 426 0 0 0 0 0 0 
0 0 0 0 16 78 25 0 0 0 0 0 
0 0 0 0 0 0 594 0 0 0 1 0 
0 0 0 0 0 0 3 339 1 0 0 0 
0 0 0 0 0 0 0 0 0 0 0 68 
0 0 0 26 0 1 114 0 1 0 0 0 
1 21 3 34 302 1 0 0 0 0 0 0 
0 0 0 25 17 0 0 0 0 0 0 0 
0 0 0 0 0 167 0 0 0 0 0 0 
0 0 0 0 0 0 599 11 32 0 102 0 
0 0 0 0 0 0 114 0 0 0 0 0 
5 0 0 0 0 0 0 0 1 0 0 327 
0 15 18 0 0 0 7 169 0 11 1 0 
0 0 0 0 129 0 0 0 0 0 0 0 
0 0 2 207 0 0 0 0 1 5 0 0 
0 0 0 0 0 0 1 0 199 0 0 0 
1 107 5 0 1 0 0 0 0 0 13 0 
0 0 0 0 0 0 0 0 0 0 0 49 
0 13 0 0 0 1 0 1 3 63 0 0 
1 0 0 0 0 0 3 86 0 0 0 0 
0 0 0 0 0 55 18 0 0 0 0 0 
0 0 0 104 0 0 0 0 0 0 13 0 
0 0 34 0 0 0 0 0 0 0 0 0 
0 0 154 0 0 0 0 0 0 0 161 0 
0 13 0 0 0 603 0 0 0 0 0 0 
0 10 0 0 0 0 0 0 0 0 13 0 
0 0 2 0 88 0 0 24 2 0 0 0 
4 0 0 87 172 0 0 0 0 0 0 2 
0 0 0 0 0 0 0 0 50 0 0 0 
0 78 0 7 12 0 11 21 0 0 1 0 
0 0 0 0 5 0 0 10 113 0 0 0 
0 0 0 0 4 0 0 0 171 0 67 1 
0 0 0 0 44 0 0 0 0 0 0 3 
0 0 0 0 0 0 97 74 63 0 0 0 
73 0 0 0 0 0 2 0 2 4 0 0 
0 0 0 0 5 5 17 1 0 0 0 0 
