0 0 0 3 0 89 2386 15 0 0 0 0 
0 0 0 0 0 0 101 0 0 0 0 1 
0 0 0 0 152 114 0 0 1 0 0 0 
1 0 375 1 0 301 1 0 14 3 0 0 
0 0 0 0 0 77 33 0 0 0 0 0 
0 0 1 0 1 0 506 0 4 0 6 0 
0 0 0 0 0 0 0 331 1 0 0 0 
0 0 0 29 0 0 57 0 0 0 0 0 
0 17 5 22 306 0 0 0 0 0 0 0 
0 0 0 25 17 0 0 0 0 0 0 0 
0 0 0 0 0 179 0 0 0 0 0 0 
0 0 11 0 0 0 457 3 7 0 258 0 
0 0 0 0 0 0 114 0 0 0 0 0 
1 0 6 0 5 1 0 0 1 5 2 264 
0 0 0 0 0 0 0 215 0 0 0 0 
0 1 0 0 72 0 0 0 0 0 0 0 
2 3 0 208 0 0 0 1 0 0 1 3 
0 0 0 0 0 0 0 0 212 0 0 0 
0 79 0 0 23 0 0 0 0 0 0 0 
0 0 0 0 0 0 0 0 0 0 0 48 
0 1 18 16 0 0 0 0 0 26 1 0 
0 0 0 0 0 0 0 89 2 0 0 0 
0 0 0 0 0 56 20 0 0 0 0 0 
0 0 0 105 0 0 0 0 0 0 0 0 
0 0 34 0 0 0 0 0 0 0 0 0 
0 0 0 0 0 0 0 0 0 0 11 65 
0 13 0 0 0 625 0 0 0 0 0 0 
0 0 0 0 7 0 94 0 0 0 15 0 
0 0 0 96 161 8 0 0 0 0 0 0 
9 1 24 6 15 0 0 43 0 0 31 0 
0 0 0 1 0 0 0 5 98 0 6 0 
0 0 0 0 0 0 0 1 159 0 86 0 
0 0 0 0 50 0 0 0 0 0 16 0 
15 0 0 0 0 0 0 151 0 0 28 0 
69 0 0 0 0 0 0 5 7 0 0 0 
0 61 0 0 0 1 0 0 0 0 0 0 
0 0 0 0 0 0 0 0 63 0 0 0 
0 0 5 0 0 0 1 0 43 0 0 0 
0 0 300 0 1 0 2 0 0 7 0 0 
0 21 0 26 0 0 0 0 14 0 0 0 
11 0 5 41 0 0 0 0 1 0 0 2 
0 0 0 0 55 1 0 0 0 0 0 0 
0 0 0 0 0 0 115 0 0 0 0 0 
0 0 0 0 0 0 138 2 0 0 0 0 
0 0 0 0 0 0 0 0 0 0 1 28 
0 0 0 0 0 0 63 0 3 0 0 1 
