0 0 1 0 0 76 2336 24 0 0 5 0 
0 0 0 0 0 0 102 0 0 0 0 0 
0 0 1 1 154 112 0 0 0 0 0 0 
0 0 268 3 6 401 1 0 0 0 0 0 
0 0 0 0 1 67 35 0 0 0 0 0 
0 0 0 0 0 0 515 0 0 2 3 0 
0 0 0 0 0 0 0 331 1 0 0 0 
0 0 0 25 0 0 63 0 0 0 0 0 
0 0 0 21 319 0 0 1 0 0 0 0 
0 1 0 27 15 0 0 0 0 0 1 1 
0 0 0 0 0 192 0 0 0 0 0 0 
0 0 0 0 0 0 450 31 24 0 137 0 
0 7 0 0 0 0 113 0 0 0 0 0 
0 11 0 0 148 0 0 0 0 0 0 136 
6 5 0 0 1 0 0 172 0 0 32 0 
0 0 0 0 73 0 0 0 0 0 0 0 
0 0 0 219 1 0 0 0 0 0 0 0 
0 0 0 0 0 0 0 0 214 0 0 0 
0 135 0 0 0 0 6 0 0 0 0 0 
0 0 0 0 0 0 0 0 0 0 0 48 
0 1 0 0 0 5 0 85 0 0 0 0 
0 0 0 0 0 54 20 0 0 0 0 0 
0 0 0 111 0 0 0 0 0 0 0 0 
0 0 34 0 0 0 0 0 0 0 0 0 
0 0 0 0 0 0 0 0 0 0 5 59 
0 20 0 0 0 618 0 0 0 0 0 0 
56 31 20 0 0 1 0 0 0 3 0 1 
0 0 2 87 175 0 0 0 0 0 0 0 
1 51 0 2 0 2 0 66 5 2 0 0 
0 0 0 0 0 0 1 15 130 0 0 0 
0 0 0 0 0 0 0 0 190 0 37 0 
0 0 0 0 49 1 0 1 0 0 15 0 
0 0 1 0 0 0 0 196 0 0 0 0 
72 0 0 0 1 1 0 0 2 5 0 0 
0 46 0 0 0 0 0 0 0 0 0 0 
0 0 295 15 0 0 0 1 0 0 0 0 
0 0 1 0 0 0 147 0 0 9 0 0 
5 0 0 59 39 3 0 0 0 0 0 5 
0 0 0 0 56 0 0 0 0 0 0 1 
0 0 0 0 0 0 113 0 0 0 0 0 
0 0 0 0 0 0 136 10 0 0 0 0 
0 0 0 1 0 0 0 0 0 0 0 50 
0 3 3 8 0 0 5 5 0 0 0 43 
0 0 0 0 0 0 0 0 0 0 19 0 
0 0 0 0 0 0 0 0 86 0 0 0 
