0 0 0 0 0 99 2617 12 0 0 0 0 
0 0 0 0 0 0 107 0 0 0 0 0 
0 1 0 0 116 150 0 2 3 0 0 0 
0 0 215 0 0 470 6 17 0 5 0 1 
0 0 0 0 0 91 22 0 0 0 0 0 
0 0 1 0 0 0 592 0 0 0 2 0 
0 0 0 0 0 0 0 339 1 0 0 0 
0 0 0 26 0 0 60 0 0 0 0 0 
1 18 4 19 314 0 0 0 0 0 0 0 
0 0 0 27 14 0 0 0 0 0 1 0 
0 0 0 0 0 169 0 0 0 0 0 0 
0 0 0 0 23 4 537 1 9 0 158 10 
0 0 0 0 0 0 114 0 0 0 0 0 
9 0 2 0 0 0 0 1 0 0 0 279 
4 18 0 1 0 3 0 175 1 0 21 0 
0 0 0 0 129 0 0 0 0 0 0 0 
0 1 0 216 0 0 0 0 1 0 0 0 
0 0 0 0 0 0 0 0 200 0 0 0 
0 124 0 0 0 1 0 0 0 0 0 0 
0 0 0 0 0 0 0 0 0 0 0 49 
0 0 28 0 0 0 0 19 0 25 0 9 
0 0 1 0 0 0 0 87 0 2 0 0 
0 0 0 0 0 55 18 0 0 0 0 0 
0 0 0 105 0 0 0 0 0 0 12 0 
0 0 34 0 0 0 0 0 0 0 0 0 
0 0 0 0 0 0 0 0 0 0 5 68 
0 13 0 0 0 609 0 0 0 0 0 0 
0 10 0 0 0 0 0 0 0 0 13 0 
0 0 0 1 0 0 0 5 0 110 0 0 
0 0 0 89 176 0 0 0 0 0 0 0 
0 13 0 0 0 3 1 84 0 16 0 12 
0 0 0 0 0 5 0 33 74 0 0 0 
0 0 0 0 0 0 0 0 203 0 42 0 
0 0 0 2 53 0 0 0 0 0 0 0 
0 0 0 0 0 20 136 79 0 1 0 0 
72 0 0 0 0 0 0 0 9 0 0 0 
0 0 0 0 6 0 4 0 0 0 0 25 
0 0 0 0 0 0 0 0 57 0 0 0 
0 0 0 0 0 0 6 0 47 0 0 0 
0 0 153 8 2 0 3 0 2 0 83 57 
36 5 0 0 0 0 18 0 0 0 2 0 
