99 2307 17 1 0 31 39 242 0 0 0 1 
0 0 0 0 0 0 109 0 0 0 0 0 
0 0 0 0 0 256 13 0 0 0 0 0 
0 4 23 0 0 693 0 0 0 0 0 0 
0 0 0 0 113 0 0 0 0 0 0 0 
0 0 0 0 0 3 588 0 0 0 1 0 
0 0 0 1 0 0 0 334 5 0 0 0 
0 51 0 0 0 0 0 0 0 0 0 17 
63 0 0 0 76 0 0 0 0 0 0 6 
1 45 117 158 32 0 0 0 0 0 0 0 
0 0 0 42 0 0 0 0 0 0 0 0 
0 134 0 4 0 25 0 0 0 0 0 1 
743 0 0 0 0 0 0 0 0 0 0 0 
0 0 114 0 0 0 0 0 0 0 0 0 
0 0 0 0 0 0 0 0 258 39 0 0 
0 0 0 0 0 0 38 185 0 0 0 0 
9 0 0 0 67 0 0 0 0 0 53 0 
0 0 201 15 1 0 0 0 0 0 2 0 
0 0 0 0 0 0 0 0 0 199 0 0 
0 125 0 0 0 0 0 0 0 0 0 0 
0 0 0 0 0 0 49 0 0 0 0 0 
0 0 0 0 0 0 0 0 81 0 0 0 
0 0 0 0 0 0 0 90 0 0 0 0 
0 22 0 0 1 0 0 0 24 3 14 9 
1 0 0 0 116 0 0 0 0 0 0 0 
0 0 0 0 0 0 34 0 0 0 0 0 
2 21 284 0 0 0 0 0 0 0 0 8 
0 13 0 0 0 608 0 0 0 0 0 0 
0 0 0 0 0 0 0 0 0 23 0 0 
0 0 0 0 0 0 116 0 0 0 0 0 
0 0 0 5 260 0 0 0 0 0 0 0 
2 3 68 5 48 0 0 0 0 0 3 0 
0 0 0 0 0 1 1 41 81 0 0 0 
0 0 0 0 0 0 0 0 0 37 208 0 
0 0 0 0 55 0 0 0 0 0 0 0 
0 0 0 0 0 0 28 204 0 0 0 0 
0 8 72 0 0 0 0 1 0 0 0 0 
0 0 8 5 0 6 8 8 0 0 0 0 
3 0 28 0 0 0 5 0 15 6 0 0 
0 0 5 0 0 0 2 0 29 0 0 0 
