187 2155 23 0 0 87 22 15 0 0 0 4 
0 0 0 0 0 0 99 0 1 0 0 1 
0 0 0 0 0 256 14 0 0 0 0 0 
13 0 17 0 0 651 1 1 0 0 0 0 
0 0 0 0 111 0 0 0 0 0 0 0 
0 0 0 0 0 1 517 0 0 0 0 0 
0 0 0 2 3 0 0 325 0 2 0 0 
0 30 0 0 50 5 0 0 0 0 0 0 
0 49 116 143 31 1 0 0 0 0 0 0 
0 0 0 42 0 0 0 0 0 0 0 0 
0 186 0 0 2 4 1 0 0 0 0 0 
701 0 0 3 0 0 0 0 0 0 34 0 
0 0 120 0 0 0 0 0 0 0 0 0 
0 0 0 0 1 0 0 0 222 65 0 0 
0 0 0 0 0 0 54 161 0 0 0 0 
0 0 0 0 42 0 0 0 0 0 31 0 
0 0 200 14 0 0 0 1 1 0 2 0 
0 0 0 0 0 0 0 0 0 210 0 0 
0 105 0 0 0 0 0 0 0 0 0 0 
0 0 0 0 0 0 48 0 0 0 0 0 
0 0 0 0 0 0 0 0 62 0 0 0 
0 0 0 0 0 0 0 91 0 0 0 0 
0 0 0 0 10 5 44 0 0 1 0 16 
1 0 0 1 84 16 1 0 0 0 0 0 
0 0 0 0 0 0 34 0 0 0 0 0 
0 33 0 0 0 0 0 0 0 0 0 43 
0 0 0 0 0 637 0 0 0 0 0 0 
0 0 0 0 0 0 116 0 0 0 0 0 
0 0 0 9 256 0 0 0 0 0 0 0 
0 0 118 0 0 0 11 0 0 0 0 0 
0 0 0 0 0 0 0 52 93 0 0 0 
0 2 0 0 0 0 0 0 0 57 189 0 
2 0 0 0 63 1 0 0 0 0 0 0 
0 0 0 0 0 0 0 191 1 0 0 0 
0 0 13 0 0 0 0 0 1 67 0 0 
0 60 0 0 2 0 0 0 0 0 0 0 
1 0 0 2 4 0 0 6 62 0 0 0 
0 24 285 1 0 0 0 1 0 0 0 0 
61 0 0 0 0 0 0 0 0 0 0 0 
0 0 0 0 0 0 0 0 0 11 51 0 
0 0 2 0 15 39 0 0 0 0 0 0 
0 0 0 0 0 0 98 0 1 0 12 1 
0 0 0 0 0 0 111 29 0 0 0 0 
0 4 2 0 0 0 0 0 22 0 1 0 
0 0 0 0 0 51 1 15 0 0 0 0 
