20 2324 2 0 0 10 8 22 0 1 0 0 
0 0 0 0 0 0 98 2 0 0 0 1 
0 0 0 0 0 255 14 0 0 0 0 0 
0 8 38 0 0 528 0 0 0 1 0 0 
0 0 0 0 103 0 0 0 0 0 0 0 
0 0 0 0 0 1 524 0 0 0 0 0 
0 0 0 0 0 0 0 316 5 0 2 9 
0 0 0 4 76 1 7 0 0 0 0 0 
0 38 117 159 19 0 0 0 0 0 0 1 
0 0 0 42 0 0 0 0 0 0 0 0 
0 184 0 0 0 9 0 0 0 1 0 0 
565 2 0 0 13 0 0 0 51 0 12 0 
0 0 120 0 0 0 0 0 0 0 0 0 
0 0 0 0 0 0 0 0 260 37 0 0 
0 0 0 0 0 0 36 178 0 0 0 0 
0 1 0 0 51 0 0 0 0 0 21 0 
0 0 199 19 0 0 0 0 1 0 0 0 
0 0 0 0 0 0 0 0 0 221 0 0 
0 141 0 0 0 0 0 0 0 0 0 0 
0 0 0 0 0 0 48 0 0 0 0 0 
0 0 0 0 0 0 0 91 0 0 0 0 
0 0 0 2 0 1 0 0 13 0 58 0 
0 0 0 0 87 0 0 0 0 24 0 0 
0 43 0 0 0 0 0 0 0 0 0 21 
0 0 0 0 0 616 0 0 0 0 0 8 
0 0 0 0 0 0 112 0 0 0 0 0 
0 0 0 4 260 0 0 0 0 0 0 0 
0 0 0 0 0 46 77 0 0 6 0 0 
0 0 0 0 0 0 0 60 87 0 0 0 
0 0 0 0 0 0 0 0 0 10 201 0 
0 0 0 0 66 0 0 0 0 0 0 0 
0 0 0 0 0 0 0 201 0 0 0 0 
0 0 0 0 0 6 73 0 0 0 0 1 
0 22 295 0 0 0 0 0 0 0 0 0 
0 0 0 0 0 0 0 0 109 0 0 0 
1 1 7 0 22 0 0 0 0 0 31 0 
0 5 0 0 0 0 109 0 0 0 0 0 
0 0 0 0 0 1 108 36 0 0 0 0 
0 0 1 0 0 0 0 0 0 0 0 51 
23 0 0 0 0 2 0 0 4 7 26 5 
0 0 0 0 0 0 0 0 0 19 0 0 
0 0 0 0 0 0 7 0 0 88 0 0 
37 0 0 1 13 0 0 0 0 21 1 23 
0 0 0 0 0 0 68 0 0 0 0 0 
123 0 0 0 0 0 0 0 1 0 0 0 
6 49 1 0 0 0 0 0 0 0 0 0 
0 0 0 15 0 0 0 39 0 0 0 1 
