62 2324 102 0 0 64 52 125 0 0 0 0 
0 0 1 0 0 0 107 0 0 0 1 0 
0 0 0 0 0 259 13 0 0 0 0 0 
5 0 39 0 0 660 0 0 9 0 1 0 
0 0 0 0 113 0 0 0 0 0 0 0 
0 0 0 0 0 3 590 0 0 0 0 0 
2 9 0 2 0 0 0 313 14 0 0 0 
4 0 5 0 65 0 0 4 0 8 0 0 
0 50 133 150 20 0 0 2 0 0 0 0 
0 0 1 41 0 0 0 0 0 0 0 0 
0 138 0 0 0 30 0 0 0 0 0 1 
743 0 0 0 0 0 0 0 0 0 0 1 
0 0 114 0 0 0 0 0 0 0 0 0 
0 0 0 0 0 0 0 0 233 58 0 0 
2 0 3 0 0 0 46 171 0 1 0 0 
1 15 0 0 50 0 15 1 0 0 47 0 
0 0 204 14 0 0 0 0 0 0 0 0 
0 0 0 0 0 0 0 0 0 200 0 0 
0 125 0 0 0 0 0 0 0 0 0 0 
0 0 0 0 0 0 49 0 0 0 0 0 
0 0 1 0 1 0 0 0 79 0 0 0 
0 0 0 0 0 0 0 90 0 0 0 0 
0 43 3 1 0 0 0 0 5 0 0 21 
1 0 5 0 83 21 0 0 0 0 4 3 
0 0 0 0 0 0 34 0 0 0 0 0 
0 36 0 0 7 0 0 0 0 0 0 30 
0 0 0 4 0 615 2 0 0 0 0 0 
0 0 0 0 2 0 0 0 0 19 0 2 
0 0 0 0 0 0 116 0 0 0 0 0 
0 1 0 7 257 0 0 0 0 0 0 0 
0 52 40 3 15 1 0 0 13 0 5 0 
0 0 0 0 0 0 0 37 75 0 0 0 
1 0 0 0 0 0 0 0 1 50 193 0 
0 0 0 0 55 0 0 0 0 0 0 0 
0 0 0 0 0 0 20 216 0 0 0 0 
0 0 0 0 14 4 24 0 39 0 0 0 
0 0 27 0 0 0 8 0 0 0 0 0 
0 0 0 43 0 0 0 0 0 13 1 0 
0 0 0 0 0 0 0 14 39 0 0 0 
0 14 295 0 0 0 0 0 0 0 0 0 
54 0 0 0 1 4 0 0 0 0 0 0 
