0 0 1 0 0 73 2289 10 0 0 0 0 
0 0 0 0 0 0 100 0 0 0 0 0 
9 0 0 0 150 108 0 0 0 3 0 0 
0 0 242 1 11 280 14 0 0 26 0 0 
0 0 0 0 0 74 29 0 0 0 0 0 
0 0 0 2 0 0 515 6 0 0 0 0 
0 0 0 0 0 0 0 332 1 0 0 0 
0 0 0 23 0 0 65 0 0 0 0 0 
0 1 1 24 306 0 0 0 0 0 2 0 
0 0 0 26 16 0 0 0 0 0 0 0 
0 0 0 0 0 193 0 0 2 0 0 0 
0 0 0 0 0 0 507 14 10 4 109 0 
0 8 0 0 0 0 112 0 0 0 0 0 
7 0 92 0 9 135 0 3 26 5 1 20 
3 0 2 2 0 0 0 201 0 0 8 0 
0 0 0 0 73 0 0 0 0 0 0 0 
0 0 0 219 0 0 0 0 0 0 0 0 
1 0 0 0 0 0 0 0 219 0 2 0 
0 76 0 0 0 0 0 19 0 0 0 48 
0 0 0 0 0 0 0 0 0 0 1 47 
0 0 0 0 0 0 0 91 0 0 0 0 
0 0 0 0 0 57 17 0 0 0 0 0 
0 0 0 111 0 0 0 0 0 0 0 0 
0 0 0 0 0 0 0 0 0 0 6 58 
0 0 0 0 0 632 0 0 0 0 0 0 
0 0 0 51 45 0 0 0 0 0 0 16 
0 0 0 99 165 0 0 0 0 0 0 0 
0 44 0 0 0 0 9 39 35 0 0 0 
0 0 0 0 0 0 0 11 133 0 0 0 
0 7 1 3 0 0 0 0 155 0 37 6 
0 0 0 1 54 0 1 0 0 0 10 0 
0 36 1 8 0 1 0 155 0 0 0 0 
75 0 0 0 2 0 0 0 2 1 0 0 
0 0 288 0 11 0 0 0 0 0 3 16 
3 0 0 107 0 4 0 0 0 0 0 0 
3 0 0 0 58 0 0 0 0 0 0 0 
0 0 0 0 0 0 117 0 0 0 0 0 
0 0 0 0 0 0 144 1 0 0 0 0 
0 0 0 0 0 0 0 0 0 0 0 52 
21 0 0 0 0 1 0 0 19 0 26 0 
0 0 0 0 0 0 0 0 0 0 19 0 
0 0 0 0 0 0 0 2 90 1 0 2 
0 0 0 0 0 95 0 0 0 0 1 0 
0 0 68 0 0 0 0 0 0 0 0 0 
0 0 0 5 1 0 115 0 0 0 0 2 
0 56 0 0 0 0 0 0 0 0 0 0 
0 0 4 0 0 2 35 0 0 7 3 4 
