0 0 0 0 0 91 2283 6 0 0 0 0 
0 0 0 0 0 0 103 0 0 0 0 0 
0 0 0 0 129 135 0 0 2 1 2 0 
0 1 315 0 5 238 0 0 0 5 11 0 
0 0 0 0 0 69 34 0 0 0 0 0 
0 0 0 0 10 0 511 2 0 0 0 1 
0 0 0 0 0 0 0 331 1 0 0 0 
0 0 0 26 0 0 61 0 1 0 0 0 
0 0 0 20 311 0 0 1 0 0 0 0 
0 0 0 25 17 0 0 0 0 0 0 0 
0 0 0 0 0 194 0 0 0 0 1 0 
0 8 0 0 0 0 408 15 35 8 170 0 
1 7 0 0 0 0 112 0 0 0 0 0 
3 0 0 1 0 293 0 0 0 0 0 0 
0 0 0 0 18 0 0 187 0 0 10 0 
0 0 0 1 71 1 0 0 0 0 0 0 
0 0 0 220 0 0 0 0 0 0 0 0 
0 0 0 0 0 0 0 0 222 0 0 0 
0 100 1 0 3 3 7 0 0 0 0 31 
0 0 0 0 0 0 0 0 0 0 0 48 
3 0 0 0 0 4 0 67 0 17 0 0 
0 0 0 0 0 55 19 0 0 0 0 0 
0 0 0 106 0 0 0 0 0 5 0 0 
0 0 0 0 0 0 0 0 0 0 5 59 
0 0 0 0 0 626 0 0 0 0 0 0 
0 0 0 3 85 0 0 0 0 24 0 0 
0 0 0 78 186 0 0 0 0 0 0 0 
30 0 0 5 0 13 2 75 0 0 4 0 
0 0 0 0 3 0 0 12 130 2 0 0 
0 0 0 1 0 0 0 0 185 0 24 0 
0 0 0 0 50 0 0 0 0 0 16 0 
0 0 0 0 0 0 0 201 0 0 0 0 
67 0 0 0 0 0 2 2 9 0 0 0 
0 1 316 0 0 0 0 0 0 0 0 0 
0 0 6 0 0 0 29 0 73 0 2 0 
0 0 0 0 63 0 0 0 0 0 0 0 
0 0 0 0 0 0 113 0 0 0 0 0 
0 0 0 0 0 1 140 0 1 0 1 0 
0 0 0 0 0 0 0 0 0 1 0 51 
0 1 0 0 4 39 10 0 11 0 2 0 
0 0 0 0 0 0 0 0 0 0 19 0 
1 0 0 0 0 0 0 0 94 0 0 0 
1 0 8 0 0 85 0 0 2 0 0 0 
0 0 67 0 1 0 0 0 0 0 0 0 
0 0 0 0 1 0 121 0 0 1 0 0 
0 56 0 0 0 0 0 0 0 0 0 0 
0 0 0 0 0 0 50 0 0 4 0 1 
