0 0 0 0 0 85 2383 8 0 0 0 4 
0 0 0 0 0 0 100 0 0 0 0 0 
0 0 0 0 150 119 0 0 0 0 0 0 
0 0 371 5 0 307 0 0 0 0 0 0 
0 0 0 0 0 79 32 0 0 0 0 0 
0 0 0 0 0 3 516 1 0 1 0 1 
0 0 0 0 0 0 0 331 1 0 0 0 
0 0 0 19 0 0 71 0 0 0 0 0 
0 0 4 29 310 0 0 0 0 0 1 0 
0 0 0 24 18 0 0 0 0 0 0 0 
0 0 0 0 0 187 0 0 0 0 1 1 
0 0 0 0 1 0 454 8 8 0 171 0 
0 6 0 0 0 0 113 0 0 0 1 0 
0 0 0 0 0 0 15 0 0 59 12 212 
0 0 0 0 3 0 0 99 39 0 61 14 
0 0 0 0 73 0 0 0 0 0 0 0 
0 0 0 219 0 0 0 0 0 0 0 0 
0 0 0 0 0 0 0 0 214 0 0 0 
0 87 0 0 4 7 0 5 0 0 0 0 
0 0 0 0 0 0 0 0 0 1 0 47 
6 0 1 1 0 0 0 81 1 0 1 0 
0 0 0 0 0 53 23 0 0 0 0 0 
0 0 0 102 0 0 0 1 0 0 0 0 
0 0 34 0 0 0 0 0 0 0 0 0 
0 0 0 0 0 0 0 0 0 0 6 62 
0 23 0 0 0 610 0 0 0 0 1 0 
0 0 1 81 0 0 9 17 0 1 1 0 
0 4 0 87 174 0 0 0 0 0 0 0 
42 0 0 2 0 0 0 85 0 0 0 0 
0 0 4 0 0 0 1 8 133 0 0 1 
0 0 2 0 0 0 0 0 185 0 38 0 
0 0 0 0 49 0 0 0 0 0 17 0 
0 2 0 0 0 36 0 155 0 0 0 0 
72 0 0 0 0 0 0 0 7 0 0 2 
0 62 0 0 0 0 0 0 0 0 0 0 
4 0 299 1 0 0 0 0 0 0 0 0 
0 0 0 26 0 0 126 0 0 0 0 0 
78 0 0 1 0 0 15 1 0 8 0 7 
0 0 0 0 56 0 0 0 0 0 1 0 
0 0 0 0 0 0 114 0 0 0 0 0 
0 0 0 0 1 0 141 2 0 0 0 0 
0 0 0 0 0 0 0 0 0 0 0 47 
7 10 0 0 48 2 0 0 0 0 0 0 
0 0 0 0 0 0 0 0 0 0 19 0 
0 0 0 0 0 0 0 0 86 0 0 0 
