0 0 0 13 0 113 2254 32 0 0 3 0 
0 0 0 0 0 0 101 0 0 0 0 0 
0 0 0 0 136 130 0 0 0 0 1 0 
12 0 310 22 0 226 3 0 5 0 0 3 
0 0 0 0 0 75 27 0 0 0 0 0 
0 0 0 7 0 0 514 0 0 0 0 0 
0 0 0 0 0 0 0 333 1 0 0 0 
0 0 0 28 0 0 58 0 0 0 0 1 
0 0 0 24 320 1 0 0 0 0 0 0 
0 0 0 26 18 0 0 0 1 0 0 0 
0 0 0 0 0 190 0 0 0 0 0 0 
0 0 0 1 0 0 498 21 3 0 121 0 
0 6 0 0 0 0 114 0 0 0 0 0 
15 0 0 1 5 26 0 0 0 0 45 203 
0 0 0 4 0 0 0 212 0 0 0 0 
0 1 0 0 72 0 0 0 0 0 0 0 
0 10 0 202 2 0 0 0 0 0 0 0 
0 0 0 0 2 0 0 0 217 0 0 0 
8 123 0 0 0 0 7 0 0 0 2 0 
0 0 0 0 0 0 0 0 0 0 0 48 
4 2 22 0 0 0 1 52 0 5 5 0 
0 0 0 0 0 52 22 0 0 0 0 0 
0 0 0 111 0 0 0 0 0 0 0 0 
0 0 34 0 0 0 0 0 0 0 0 0 
0 0 0 0 0 0 0 0 0 0 5 59 
0 11 0 1 0 624 0 0 0 0 0 0 
0 0 13 0 22 2 10 0 0 28 0 37 
0 0 0 102 162 0 0 0 0 0 0 0 
0 0 0 0 29 1 23 62 6 6 1 0 
0 0 0 0 0 1 0 2 131 0 6 0 
0 0 0 0 0 0 0 0 181 0 41 0 
0 0 0 0 47 0 0 0 0 0 19 0 
0 1 0 0 0 0 0 188 0 0 0 9 
75 0 0 1 0 0 0 0 5 0 0 0 
0 46 0 0 0 0 0 0 0 0 0 0 
2 0 310 0 0 0 0 0 0 0 0 0 
0 0 1 0 0 0 155 0 0 0 0 0 
0 20 0 39 0 25 9 15 2 0 0 0 
0 0 0 0 54 0 0 0 0 0 2 1 
0 0 0 0 0 0 114 0 0 0 0 0 
0 1 0 0 0 0 145 2 0 0 0 0 
0 0 0 0 0 0 0 0 0 0 0 51 
0 0 0 0 4 35 19 0 0 0 0 9 
0 0 0 0 0 0 0 0 0 0 19 0 
0 9 0 0 0 0 0 0 80 0 0 1 
0 0 13 0 0 81 4 0 2 0 0 1 
0 25 0 0 0 0 4 0 0 0 1 0 
