227 2259 23 0 0 56 0 96 1 0 0 0 
0 0 0 0 1 0 103 0 0 1 0 1 
0 0 1 0 0 254 13 0 0 0 0 0 
0 4 29 0 0 659 0 6 7 3 0 4 
0 0 0 0 110 0 0 0 0 0 0 0 
0 0 0 0 0 1 597 0 0 0 0 0 
1 0 0 1 0 0 0 262 0 0 0 72 
0 2 3 0 70 0 3 7 0 0 0 1 
0 47 132 155 19 0 0 0 0 0 0 0 
0 0 0 42 0 0 0 0 0 0 0 0 
0 161 0 0 0 5 0 0 0 0 0 0 
736 0 0 0 3 0 1 0 0 0 0 2 
0 0 113 0 0 0 0 0 0 0 0 0 
0 2 0 3 0 0 0 0 256 53 0 0 
0 0 0 0 0 0 33 193 0 0 0 0 
0 0 0 0 16 0 4 0 0 0 51 2 
0 0 208 11 0 0 0 0 0 0 0 0 
0 0 0 0 0 0 0 0 0 210 0 0 
0 135 0 0 0 0 0 0 0 0 0 0 
0 0 0 0 0 0 48 0 0 0 0 0 
0 0 0 0 0 0 0 0 62 0 0 0 
0 0 0 0 0 0 0 90 0 0 0 0 
4 0 0 1 0 0 69 0 0 0 0 0 
0 0 0 1 110 0 5 0 0 0 0 0 
0 0 0 0 0 0 34 0 0 0 0 0 
0 38 0 0 0 3 0 0 0 0 0 35 
0 0 1 0 18 617 1 1 0 0 0 0 
0 0 0 0 0 0 115 0 0 0 0 0 
0 0 0 9 256 0 0 0 0 0 0 0 
0 0 0 62 0 15 0 2 2 0 0 48 
0 0 0 1 0 0 0 42 67 0 0 0 
0 0 0 0 0 0 0 0 0 62 186 0 
0 0 0 0 54 0 0 0 0 1 0 0 
0 0 0 0 0 0 25 215 0 0 0 0 
3 0 0 0 0 0 7 1 1 69 0 0 
0 16 15 0 0 0 0 1 0 0 4 0 
42 0 0 0 2 0 0 1 1 13 0 0 
0 0 0 0 0 0 0 7 42 0 0 0 
0 14 292 0 0 0 0 0 0 0 0 0 
55 4 2 0 0 0 0 0 0 0 0 0 
0 0 0 0 0 0 0 60 0 0 0 0 
0 0 0 0 8 0 13 0 0 0 35 0 
