355 1824 42 0 0 57 143 90 8 212 33 1 
0 0 0 0 0 0 95 0 0 0 0 0 
0 0 0 0 0 250 15 0 0 0 0 0 
0 0 28 0 60 616 0 26 0 0 0 1 
0 0 0 0 106 0 0 2 0 0 0 0 
0 0 0 0 0 5 590 0 0 0 0 0 
0 0 0 0 0 0 0 322 2 13 0 0 
0 34 0 0 0 0 0 0 0 0 0 33 
0 79 3 0 130 0 2 0 0 0 0 0 
0 47 134 152 24 0 0 3 0 0 0 0 
0 0 0 42 0 0 0 0 0 0 0 0 
0 132 0 0 0 29 0 0 0 0 0 0 
764 0 3 0 0 1 0 0 0 0 0 1 
0 0 114 0 0 0 0 0 0 0 0 0 
0 4 0 2 0 0 0 0 266 62 0 0 
0 0 0 0 0 0 34 189 0 0 0 0 
0 0 0 0 44 0 0 14 0 0 71 0 
0 0 211 8 0 0 0 0 0 0 0 0 
0 0 0 0 0 0 0 0 0 198 0 0 
0 128 0 0 0 0 0 0 0 0 0 0 
0 0 0 0 0 0 48 0 0 0 0 0 
0 0 0 0 0 0 0 0 80 0 0 0 
0 0 0 0 0 0 0 90 0 0 0 0 
4 0 0 0 40 9 0 9 0 11 0 0 
0 3 0 0 113 0 0 0 0 1 0 0 
0 0 0 0 0 0 34 0 0 0 0 0 
0 24 280 0 0 0 1 0 0 0 0 8 
0 3 0 0 7 607 7 0 0 0 0 0 
0 0 0 0 0 0 0 0 0 23 0 0 
0 0 0 0 0 0 116 0 0 0 0 0 
0 0 0 5 270 0 0 0 0 0 0 0 
0 0 0 0 0 1 0 0 49 0 0 0 
1 0 0 97 3 28 0 1 0 0 0 0 
0 0 0 0 0 0 0 36 70 0 1 0 
2 0 0 0 0 0 0 0 4 51 190 0 
1 0 0 6 30 0 0 0 0 0 0 0 
1 0 0 0 0 0 25 223 12 0 0 0 
