0 0 0 0 0 81 2657 17 0 0 0 0 
0 0 0 0 0 0 95 0 0 0 0 0 
0 0 0 0 149 120 0 0 0 0 0 0 
0 9 275 27 0 407 0 0 0 0 0 0 
0 0 0 0 0 87 24 0 0 0 0 0 
10 0 0 0 0 0 586 0 0 0 0 0 
0 0 0 0 0 0 3 340 1 0 0 0 
0 0 0 0 0 0 0 0 0 0 0 68 
0 0 0 30 0 0 111 0 0 1 0 0 
0 21 11 31 298 0 0 0 0 0 0 0 
0 0 0 25 16 0 1 0 0 0 0 0 
0 0 0 0 0 167 0 0 0 0 0 0 
0 0 0 0 0 0 575 7 48 1 113 0 
1 0 1 0 0 0 112 0 0 0 0 0 
0 0 0 0 0 0 0 0 0 0 0 333 
4 1 12 0 0 0 0 187 0 17 0 0 
0 0 0 0 129 0 0 0 0 0 0 0 
0 0 0 212 0 0 0 0 2 0 2 0 
0 0 0 0 0 0 0 0 199 0 0 0 
0 121 6 0 0 0 0 0 0 0 0 0 
0 0 0 0 0 0 0 0 0 0 0 49 
7 25 0 0 0 0 0 0 0 38 0 11 
0 0 0 0 0 0 0 88 1 1 0 0 
0 0 0 0 0 55 18 0 0 0 0 0 
0 0 1 99 0 0 0 0 0 0 17 0 
0 0 34 0 0 0 0 0 0 0 0 0 
1 0 146 0 0 0 0 1 3 0 164 0 
0 21 0 0 0 594 0 1 0 0 0 0 
0 10 0 0 0 0 0 0 0 0 13 0 
0 0 0 2 83 0 0 29 2 0 0 0 
0 0 0 81 182 0 0 0 0 0 2 0 
0 68 0 1 35 0 20 5 0 0 1 0 
0 0 0 0 0 0 1 3 180 0 0 0 
0 0 0 1 0 0 0 0 184 0 59 0 
2 0 0 0 53 0 0 0 0 0 0 0 
0 0 0 0 6 0 140 65 16 0 0 0 
71 0 0 0 0 1 0 0 7 0 2 0 
0 4 0 0 2 0 12 0 4 0 6 0 
