165 2075 29 0 0 52 0 92 0 0 0 5 
0 0 0 0 0 1 102 0 0 0 0 0 
0 0 0 0 0 253 15 0 0 0 0 0 
0 0 16 0 0 558 0 0 0 0 1 0 
0 0 0 0 102 0 0 0 0 0 0 0 
0 0 0 0 0 1 517 0 0 0 0 0 
0 0 0 0 0 0 0 330 0 0 2 0 
0 0 0 0 87 0 0 0 0 0 0 0 
0 46 126 143 27 0 0 0 0 0 0 0 
0 0 0 45 0 0 0 0 0 0 0 0 
0 186 0 0 1 3 0 0 0 0 0 0 
614 0 5 3 0 15 0 0 4 0 0 0 
0 0 120 0 0 0 0 0 0 0 0 0 
0 0 0 0 0 0 0 0 277 19 0 0 
0 0 2 0 0 0 34 180 0 0 0 0 
0 0 0 0 34 0 16 1 0 0 22 0 
0 0 201 16 0 0 0 0 0 0 0 0 
0 0 0 0 0 0 0 0 0 220 0 0 
0 141 0 0 0 0 0 0 0 0 0 0 
0 0 0 0 0 0 48 0 0 0 0 0 
0 0 0 0 0 0 0 91 0 0 0 0 
0 0 0 0 0 32 11 0 0 13 0 18 
0 0 1 0 86 0 2 0 0 22 0 0 
0 0 0 0 0 0 34 0 0 0 0 0 
0 49 0 0 0 0 0 0 0 1 0 14 
0 0 1 0 0 629 0 0 0 0 0 5 
0 0 0 0 0 0 112 0 0 0 0 0 
0 0 0 5 258 0 0 0 0 0 1 0 
68 0 0 1 0 60 0 0 0 0 0 0 
0 0 0 0 0 0 0 30 115 1 0 0 
0 0 0 0 0 0 2 0 0 27 192 0 
0 0 1 0 61 0 0 1 0 3 0 0 
0 0 0 0 0 0 0 199 0 0 0 0 
0 1 0 0 0 0 0 80 0 0 0 0 
0 24 0 1 0 21 0 0 0 0 0 0 
0 29 282 0 0 0 0 0 0 0 0 0 
158 0 0 0 0 0 0 0 0 0 0 0 
0 0 0 0 0 0 0 0 109 0 0 0 
0 0 0 0 0 0 0 0 0 0 42 15 
0 0 0 1 3 0 108 2 0 0 0 0 
0 0 0 0 0 0 118 29 0 0 0 1 
0 0 0 0 0 0 0 0 0 0 0 51 
0 0 0 0 1 0 0 0 0 0 66 0 
0 0 0 0 0 0 0 0 0 18 0 1 
0 0 0 0 0 0 43 27 16 0 0 0 
1 0 2 0 0 95 1 0 1 0 0 0 
0 16 0 0 0 0 0 16 2 0 0 0 
