1 0 0 0 2 113 2298 25 0 0 0 1 
0 0 0 0 0 0 100 0 0 0 0 0 
0 0 0 0 159 109 0 0 0 0 1 0 
2 0 225 0 0 445 4 0 0 0 0 3 
0 0 0 0 0 77 25 0 0 0 0 1 
1 0 0 0 0 0 518 0 0 0 0 3 
0 0 0 0 0 0 0 331 1 0 0 0 
0 0 0 26 0 0 60 2 0 0 0 0 
0 0 0 22 319 0 0 0 0 0 0 0 
0 0 0 27 18 0 0 0 0 0 0 0 
0 0 0 0 0 191 0 0 0 0 0 0 
1 0 0 0 0 0 458 27 6 0 150 0 
0 6 0 0 0 0 114 0 0 0 0 0 
0 0 1 1 122 0 0 1 0 0 0 170 
0 1 0 0 0 0 0 176 0 0 39 0 
0 0 0 0 73 0 0 0 0 0 0 0 
0 0 0 214 3 0 3 0 0 0 0 0 
0 0 0 0 0 0 0 0 214 0 0 0 
0 134 0 1 0 0 7 0 0 0 0 0 
0 0 0 0 0 0 0 0 0 0 0 48 
0 0 0 0 0 0 0 86 1 0 4 0 
0 0 0 0 0 56 18 0 0 0 0 0 
0 0 0 111 0 0 0 0 0 0 0 0 
0 0 34 0 0 0 0 0 0 0 0 0 
0 0 0 0 0 0 0 0 0 0 8 56 
0 19 0 0 0 619 0 0 0 0 0 0 
57 18 33 0 0 3 0 0 0 0 0 1 
0 0 0 116 148 0 0 0 0 0 0 0 
6 66 0 0 0 0 0 52 0 4 1 0 
0 0 0 0 0 0 0 13 133 0 0 0 
0 17 0 0 0 2 0 0 167 0 41 0 
0 0 0 0 38 0 0 0 0 0 28 0 
1 0 3 0 1 0 0 193 0 0 0 0 
76 0 0 0 0 0 0 0 2 0 3 0 
0 42 0 0 0 0 0 0 0 0 0 4 
0 0 305 0 0 0 0 0 0 6 0 0 
0 0 0 0 0 0 152 0 0 0 5 0 
0 0 0 83 20 3 0 0 2 0 0 3 
0 0 0 0 57 0 0 0 0 0 0 0 
0 0 0 0 0 0 113 0 0 0 0 0 
0 0 0 0 0 0 132 11 0 0 3 0 
0 0 0 0 0 0 0 0 0 0 0 51 
0 0 0 36 0 4 5 0 0 11 0 11 
0 0 0 0 0 0 0 0 0 0 19 0 
0 0 5 0 0 0 0 0 81 0 0 0 
