0 0 0 0 0 97 2276 3 0 4 0 0 
0 0 0 0 1 0 102 0 0 0 0 0 
0 0 1 0 151 116 0 0 0 0 0 0 
8 2 275 0 0 291 0 0 0 0 0 0 
0 0 0 0 0 81 22 0 0 0 0 0 
0 0 14 0 0 0 507 1 0 0 0 0 
0 0 0 0 0 0 0 331 1 0 0 0 
0 0 0 25 0 0 63 0 0 0 0 0 
0 0 0 21 312 0 0 0 1 0 0 0 
0 0 0 26 16 0 0 0 0 0 0 0 
2 0 1 0 0 192 0 0 0 0 0 0 
9 0 0 0 0 0 449 11 17 0 157 0 
0 7 0 0 0 0 113 0 0 0 0 0 
0 1 1 0 0 235 2 0 0 57 2 0 
1 5 0 0 0 39 0 167 0 0 4 0 
0 0 0 0 73 0 0 0 0 0 0 0 
3 5 0 211 0 0 0 0 0 0 0 0 
0 0 0 0 0 1 0 0 218 0 3 0 
5 79 10 0 0 4 1 0 2 0 0 42 
0 0 0 0 0 0 0 0 0 1 0 47 
0 2 0 0 0 0 0 89 0 0 0 0 
0 0 0 0 0 57 17 0 0 0 0 0 
0 0 0 111 0 0 0 0 0 0 0 0 
0 0 0 0 0 0 0 0 0 0 5 59 
0 0 0 0 0 625 1 0 0 0 0 0 
0 14 26 18 53 0 0 0 0 1 0 0 
1 0 0 94 169 0 0 0 0 0 0 0 
12 0 0 0 0 0 0 115 0 1 1 0 
0 0 0 0 0 0 0 24 123 0 0 1 
2 0 0 2 0 2 9 14 125 0 55 0 
0 0 0 0 49 0 0 0 0 0 17 0 
19 0 0 0 0 2 4 172 4 0 0 0 
46 0 0 0 0 0 9 0 12 0 0 13 
0 0 312 5 0 0 0 0 1 0 0 0 
0 0 0 0 0 0 52 0 58 0 0 0 
0 0 0 0 58 0 0 0 2 1 0 0 
0 0 0 0 0 0 116 0 0 0 0 0 
0 1 0 1 0 0 141 0 0 0 0 0 
0 0 0 0 0 0 0 0 0 0 0 52 
0 0 0 0 0 0 0 1 64 0 0 2 
0 0 0 0 0 0 0 0 0 0 19 0 
0 0 0 0 0 0 0 0 95 0 0 0 
0 6 0 0 0 90 0 0 0 0 0 0 
0 0 67 0 0 0 0 0 0 1 0 0 
0 0 2 0 0 0 112 0 6 0 3 0 
0 56 0 0 0 0 0 0 0 0 0 0 
4 0 12 0 7 0 31 0 0 0 0 1 
