172 2234 86 0 0 6 0 54 0 0 0 0 
0 0 0 0 0 0 107 0 0 0 0 0 
0 0 0 0 0 255 14 0 0 0 0 0 
0 0 53 0 0 649 0 0 0 0 0 0 
0 0 0 0 110 0 0 0 0 0 0 0 
0 0 0 0 0 1 526 0 0 0 0 0 
0 0 9 1 0 2 0 301 0 0 19 0 
0 0 0 0 85 1 0 0 0 0 0 0 
0 55 116 155 27 0 0 0 0 0 0 0 
0 0 0 42 0 0 0 0 0 0 0 0 
0 162 0 1 0 9 0 0 0 0 0 0 
741 0 0 0 0 2 0 0 0 0 0 0 
0 0 114 0 0 0 0 0 0 0 0 0 
1 0 0 0 0 0 5 0 242 35 2 0 
0 0 2 0 0 0 29 184 0 0 0 0 
1 4 0 0 25 0 5 2 0 0 36 0 
1 0 205 8 0 0 0 0 0 0 0 0 
0 0 2 0 0 0 0 0 0 208 0 0 
0 104 0 0 0 0 0 0 0 0 0 0 
0 0 0 0 0 0 48 0 0 0 0 0 
0 0 0 0 0 0 0 0 62 0 0 0 
0 0 0 0 0 0 0 91 0 0 0 0 
11 3 0 0 0 15 44 3 0 0 0 0 
0 0 0 1 92 9 3 0 0 0 0 0 
0 0 0 0 0 0 34 0 0 0 0 0 
0 36 0 0 0 0 0 0 0 0 0 40 
0 0 0 0 0 632 0 4 0 0 0 0 
0 0 0 0 0 0 116 0 0 0 0 0 
0 0 0 4 261 0 0 0 0 0 0 0 
0 0 0 73 0 0 4 44 4 0 2 2 
0 0 0 0 0 0 0 41 69 0 0 0 
0 1 0 0 0 1 0 0 0 48 198 0 
0 0 0 0 65 0 1 0 0 0 0 0 
0 0 0 2 0 0 0 192 0 0 0 0 
0 0 0 0 0 0 4 2 0 75 0 0 
1 59 0 0 0 0 0 0 2 0 0 0 
0 0 0 0 23 0 2 0 0 0 38 0 
0 0 0 0 0 0 0 10 39 0 0 0 
0 24 286 0 1 0 0 0 0 0 0 0 
48 0 0 0 0 0 0 13 0 0 0 0 
0 2 4 5 3 0 0 0 2 0 0 44 
0 14 0 0 0 0 30 2 0 8 0 2 
50 18 0 0 10 16 6 1 0 0 0 0 
0 0 0 0 0 0 103 36 0 0 0 1 
3 0 0 4 1 3 1 0 17 0 0 0 
