153 2127 28 0 0 103 43 38 0 0 0 0 
0 0 0 0 6 0 95 0 0 0 0 0 
0 0 0 0 0 257 13 0 0 0 0 0 
0 0 15 0 0 664 0 0 0 2 0 0 
0 0 0 0 111 0 0 0 0 0 0 0 
0 0 0 0 0 1 522 0 0 0 0 0 
0 0 0 0 0 0 0 331 0 0 0 1 
0 18 0 0 61 0 0 0 0 2 5 0 
0 52 105 160 23 0 0 0 0 0 0 0 
0 0 0 42 0 0 0 0 0 0 0 0 
0 185 0 0 0 9 0 0 0 0 0 0 
730 0 3 0 0 0 2 0 0 0 3 0 
0 0 120 0 0 0 0 0 0 0 0 0 
0 0 0 0 1 0 0 0 214 68 0 0 
3 0 0 1 0 0 24 187 0 0 0 0 
0 0 0 0 26 1 0 0 0 2 44 0 
0 0 204 11 0 0 1 2 0 0 0 0 
0 0 0 0 0 0 0 0 0 209 0 0 
0 105 0 0 0 0 0 0 0 0 0 0 
0 0 0 0 0 0 48 0 0 0 0 0 
0 0 0 0 0 0 0 0 62 0 0 0 
0 0 0 0 0 0 0 91 0 0 0 0 
0 0 0 0 2 0 56 0 0 0 0 18 
0 0 0 0 100 0 0 0 0 0 0 3 
0 0 0 0 0 0 34 0 0 0 0 0 
0 29 0 0 0 0 0 0 0 0 0 47 
0 0 0 0 0 638 0 0 0 0 0 0 
0 0 0 0 0 0 116 0 0 0 0 0 
0 0 0 14 251 0 0 0 0 0 0 0 
0 5 118 0 0 0 5 0 1 0 0 0 
1 0 0 0 0 0 0 44 99 0 0 0 
0 0 0 0 0 0 0 0 0 60 189 0 
0 0 0 0 62 0 0 0 0 0 3 1 
0 0 0 0 0 0 1 190 0 1 0 0 
0 0 11 0 0 0 0 1 0 69 0 0 
0 61 0 0 1 0 0 0 0 0 0 0 
1 0 0 7 0 0 0 9 57 0 1 0 
0 12 295 0 0 0 0 0 4 0 0 0 
60 0 0 0 0 0 0 0 1 0 0 0 
0 0 5 2 0 0 0 0 0 28 27 0 
0 2 0 0 20 34 0 0 0 0 0 0 
1 0 0 0 0 0 99 1 0 0 4 8 
0 0 0 0 0 0 98 37 0 0 0 0 
0 0 10 0 0 0 0 11 13 0 0 0 
0 0 0 0 0 56 0 11 0 0 0 0 
