0 0 0 0 0 77 2328 14 0 0 0 0 
0 0 0 0 0 0 99 0 0 0 0 0 
0 1 2 0 135 129 0 0 0 0 0 0 
17 0 310 11 1 236 0 0 0 0 5 0 
0 0 0 0 0 80 22 0 0 0 0 0 
1 5 0 0 0 0 516 0 0 0 0 0 
0 0 0 0 0 0 0 332 2 0 0 0 
0 0 0 29 0 0 58 0 0 0 0 0 
0 0 0 17 325 0 0 0 0 0 0 0 
0 0 0 27 18 0 0 0 0 0 0 0 
0 0 0 0 0 189 0 1 0 0 0 0 
0 0 0 1 0 0 518 4 31 0 90 0 
0 6 0 0 0 0 114 0 0 0 0 0 
1 0 0 1 0 29 0 0 0 0 81 183 
0 0 2 2 0 0 0 203 9 0 0 0 
0 0 0 0 73 0 0 0 0 0 0 0 
0 0 0 216 0 0 1 0 0 0 0 0 
0 0 0 1 0 2 0 0 217 0 0 0 
0 138 0 0 0 0 0 0 0 0 1 0 
0 0 0 0 0 0 0 0 0 0 0 48 
10 14 0 0 0 0 0 66 1 0 0 0 
0 0 0 0 0 57 17 0 0 0 0 0 
0 0 0 111 0 0 0 0 0 0 0 0 
0 0 34 0 0 0 0 0 0 0 0 0 
0 0 0 0 0 0 1 0 0 0 6 57 
0 24 0 0 0 613 0 0 0 0 0 0 
0 0 16 0 0 0 2 1 0 50 3 40 
0 0 0 109 150 0 0 5 0 0 0 0 
0 23 0 0 21 0 13 62 0 1 8 0 
0 0 0 0 0 0 1 0 138 0 0 0 
9 0 1 0 4 0 0 0 164 0 39 4 
0 0 1 0 45 0 0 0 3 0 17 0 
0 0 0 0 2 0 0 196 0 0 0 0 
62 0 0 5 0 2 0 0 13 0 0 0 
0 44 0 0 0 2 0 0 0 0 0 0 
0 0 304 0 0 0 8 0 0 0 0 0 
0 0 0 2 3 0 145 4 0 0 1 0 
0 25 0 45 0 38 0 0 0 0 0 2 
0 0 0 0 57 0 0 0 0 0 0 0 
0 0 0 0 0 0 113 0 0 0 0 0 
0 0 0 0 0 0 147 1 0 0 0 0 
0 0 0 0 0 0 0 0 0 0 0 51 
0 0 0 0 0 34 21 0 0 0 0 12 
0 0 0 0 0 0 0 0 0 0 19 0 
0 0 0 0 0 0 0 0 90 0 0 0 
0 0 0 0 0 80 8 0 9 0 0 4 
11 1 0 0 0 0 2 0 14 2 0 0 
