0 0 0 0 0 85 2376 16 0 0 0 0 
0 0 0 0 0 0 103 0 0 0 0 0 
0 5 0 0 122 143 0 0 0 0 0 0 
1 1 286 0 8 385 0 0 0 0 0 0 
0 0 0 0 0 88 23 0 0 0 0 0 
9 0 0 0 0 0 501 6 0 3 0 0 
0 0 0 0 0 0 0 331 1 0 0 0 
0 2 0 23 0 0 65 0 0 0 0 0 
0 0 8 21 315 0 0 0 0 0 0 0 
0 0 0 24 18 0 0 0 0 0 0 0 
0 0 0 0 0 190 0 1 0 0 0 0 
0 1 0 0 1 1 505 2 46 0 89 0 
0 6 0 0 0 0 114 0 0 0 0 0 
0 0 0 0 0 0 34 0 0 56 0 208 
0 0 0 2 0 0 4 165 16 0 8 20 
0 0 0 0 73 0 0 0 0 0 0 0 
0 2 0 210 2 0 1 0 4 0 0 0 
0 0 1 0 0 0 0 0 216 0 0 0 
0 117 0 0 0 0 0 0 2 0 0 0 
0 0 0 0 0 0 0 0 1 0 0 47 
6 3 0 0 1 35 0 46 0 0 0 0 
0 0 0 0 0 57 18 0 0 0 1 0 
0 0 0 102 0 1 0 0 0 0 0 0 
0 0 34 0 0 0 0 0 0 0 0 0 
0 0 0 0 0 0 0 0 0 0 7 72 
0 17 0 0 0 618 0 0 0 0 0 0 
8 3 0 84 0 0 0 0 0 0 11 4 
0 0 0 123 140 0 2 0 0 0 0 0 
14 0 0 0 0 0 0 99 4 12 0 0 
1 0 0 0 0 0 0 10 131 0 3 1 
0 0 0 0 0 1 0 15 181 0 25 0 
0 0 0 0 50 0 0 1 0 0 15 0 
0 13 4 0 0 27 0 148 0 0 0 0 
76 1 2 0 0 0 0 0 3 0 0 0 
0 45 0 0 0 0 0 0 1 0 0 0 
0 0 274 0 0 1 0 1 0 28 0 0 
6 1 0 2 0 0 142 0 0 0 0 0 
0 7 0 0 0 0 80 0 0 0 0 23 
0 0 0 0 57 0 0 0 0 0 0 0 
0 0 0 0 0 0 115 0 0 0 0 0 
0 0 0 0 0 0 141 1 1 1 0 0 
0 0 0 0 0 0 4 0 0 0 0 32 
65 0 0 0 0 0 0 0 0 2 0 0 
0 0 0 0 0 0 0 0 0 0 19 0 
0 0 0 0 0 0 0 0 85 0 1 0 
