1 0 0 0 0 61 2311 10 0 0 0 1 
0 0 0 0 0 1 100 0 0 0 0 0 
0 0 0 0 124 141 0 0 4 0 0 0 
5 0 240 6 0 319 0 0 0 0 5 0 
0 0 0 0 0 76 27 0 0 0 0 0 
1 0 0 0 0 0 526 0 0 0 0 0 
0 0 0 0 0 0 0 331 1 0 0 0 
0 0 0 25 0 0 63 0 0 0 0 0 
0 0 0 22 321 0 0 0 0 0 0 0 
0 0 0 25 17 0 0 0 0 0 0 0 
0 0 0 0 0 193 0 0 0 0 0 0 
0 2 0 0 0 3 489 5 22 0 123 0 
0 7 0 0 0 0 113 0 0 0 0 0 
0 0 0 0 0 282 0 0 0 0 5 10 
0 0 0 52 5 17 0 140 0 0 0 0 
0 0 0 0 73 0 0 0 0 0 0 0 
0 0 0 195 0 1 0 17 0 2 0 1 
0 0 0 0 0 0 0 0 220 0 0 0 
4 117 0 0 0 0 0 0 0 0 21 0 
0 0 0 0 0 0 0 0 0 0 0 48 
1 1 0 1 0 0 0 71 1 0 16 0 
0 0 0 0 0 56 18 0 0 0 0 0 
0 0 0 108 0 0 1 0 0 2 0 0 
0 0 0 0 0 0 2 0 0 0 7 55 
0 0 0 0 0 628 0 0 0 0 0 0 
0 0 0 46 2 0 0 7 21 30 1 4 
0 0 0 91 172 0 0 0 0 0 1 0 
28 0 1 0 0 30 20 48 0 1 0 0 
0 0 0 0 0 0 0 6 141 0 0 0 
0 0 1 0 0 0 0 0 189 0 22 0 
0 0 0 0 42 0 0 0 0 0 24 0 
0 0 0 0 0 0 0 198 0 0 2 0 
70 1 0 0 0 0 0 0 7 0 0 2 
4 0 313 0 0 0 0 0 0 0 0 0 
0 83 0 0 3 0 0 22 0 0 0 0 
0 0 0 0 56 0 1 0 0 0 0 0 
0 0 0 0 0 0 113 0 0 0 0 0 
1 0 1 2 1 0 135 2 0 2 0 0 
0 0 0 0 0 0 0 0 0 0 0 52 
0 12 0 52 0 0 0 0 1 0 2 0 
0 0 0 0 0 0 0 0 0 0 19 0 
1 0 0 0 0 0 0 0 93 0 0 1 
0 0 0 0 1 94 0 0 2 0 0 0 
0 0 66 1 0 0 0 0 0 0 0 1 
0 0 0 0 0 0 122 0 0 0 1 2 
0 55 0 0 0 0 0 0 0 0 0 0 
0 0 7 0 0 27 18 0 0 0 3 0 
