265 2062 35 0 0 87 0 41 0 0 0 0 
0 0 0 0 0 0 103 0 0 0 0 0 
0 0 0 0 0 254 15 0 0 0 0 0 
2 0 80 0 4 603 0 0 0 0 0 6 
0 0 0 0 110 0 0 0 0 0 0 0 
0 0 0 0 0 3 517 0 0 0 0 0 
0 6 13 3 0 0 0 308 2 0 0 0 
0 8 0 0 76 0 0 0 0 0 0 2 
1 62 102 154 34 0 0 0 0 0 0 0 
0 0 0 42 0 0 0 0 0 0 0 0 
0 170 0 0 0 7 0 0 0 0 0 0 
735 3 0 0 0 0 1 2 0 0 0 0 
0 0 114 0 0 0 0 0 0 0 0 0 
0 4 0 0 0 0 3 0 211 67 0 0 
0 0 0 1 0 0 47 167 0 0 0 0 
0 0 0 0 24 0 0 0 0 0 49 0 
0 0 202 15 0 0 0 0 0 0 0 0 
0 0 0 0 0 0 0 0 0 209 0 0 
0 104 0 0 0 0 0 0 0 0 0 0 
1 0 0 0 0 0 47 0 0 0 0 0 
0 0 0 0 0 0 0 0 62 0 0 0 
0 0 0 0 0 0 0 91 0 0 0 0 
0 0 5 0 0 12 57 1 0 0 1 0 
0 0 0 0 96 1 6 0 0 2 0 0 
0 0 0 0 0 0 34 0 0 0 0 0 
0 34 0 0 0 0 0 0 0 0 0 42 
0 0 0 0 0 632 7 0 0 0 0 0 
0 0 0 0 0 0 116 0 0 0 0 0 
0 0 1 6 258 0 0 0 0 0 0 0 
1 0 9 102 0 0 0 17 0 0 0 0 
0 0 0 0 1 0 0 35 74 0 0 0 
0 0 0 0 0 0 0 0 0 65 184 0 
0 0 0 0 64 0 2 0 0 0 0 0 
0 0 0 0 0 0 0 192 0 2 0 0 
1 0 0 0 1 0 0 1 0 77 1 0 
0 61 0 0 0 0 0 0 0 0 1 0 
0 2 0 0 6 0 15 0 0 0 41 0 
0 0 0 0 0 0 0 15 34 0 0 0 
0 18 288 0 0 0 0 0 0 2 0 0 
60 0 0 0 0 0 0 0 0 0 0 1 
0 0 38 4 0 0 0 0 0 0 0 18 
0 0 0 28 0 0 27 1 0 0 0 0 
12 0 0 0 1 0 70 0 6 0 21 0 
0 0 0 0 0 0 108 32 0 0 0 0 
0 0 0 28 1 0 0 0 0 0 0 0 
3 54 0 0 0 0 0 0 0 2 5 0 
