0 0 0 0 0 81 2377 19 0 0 0 0 
0 0 0 0 0 0 103 0 0 0 0 0 
0 0 0 0 155 115 0 0 0 0 0 0 
0 0 283 0 0 398 0 0 0 0 0 0 
0 0 0 0 0 90 21 0 0 0 0 0 
0 0 0 0 0 0 519 0 0 0 0 0 
0 0 0 0 0 0 0 331 1 0 0 0 
0 0 0 27 0 0 61 0 0 0 0 0 
0 0 9 33 304 0 0 0 0 0 0 0 
0 0 0 30 14 0 0 0 0 0 0 0 
0 0 0 0 0 192 0 0 0 0 0 0 
0 0 0 0 0 0 410 8 96 0 128 0 
0 9 0 0 1 0 110 0 0 0 0 0 
2 0 0 24 0 0 36 0 0 38 0 202 
0 0 0 0 0 0 0 197 5 0 9 4 
0 0 0 1 72 0 0 0 0 0 0 0 
0 0 0 204 0 0 0 0 11 0 0 0 
0 0 0 0 0 0 1 0 214 0 0 0 
0 95 23 0 0 0 0 0 0 0 0 0 
0 0 0 0 0 0 0 0 0 0 0 48 
0 2 0 0 0 10 0 79 0 0 0 0 
0 0 0 0 0 56 19 0 0 1 0 0 
0 0 0 103 0 0 0 0 0 0 0 0 
0 0 34 0 0 0 0 0 0 0 0 0 
0 0 0 0 0 0 0 0 0 0 8 71 
0 24 0 0 0 611 0 0 0 0 0 0 
22 0 0 87 0 0 0 0 0 0 1 0 
0 0 0 126 136 0 3 0 0 0 0 0 
0 0 0 1 0 0 0 89 0 36 0 3 
1 0 0 0 0 0 0 0 144 0 0 0 
0 1 0 0 0 0 0 0 184 0 39 0 
0 0 0 0 43 0 0 0 0 0 23 0 
0 0 0 0 0 5 0 179 0 10 0 0 
73 0 0 0 0 6 0 0 2 0 0 0 
0 45 0 0 0 0 0 0 0 0 0 1 
3 0 301 1 0 0 1 0 0 1 0 0 
0 0 0 0 6 0 147 0 0 0 0 1 
0 1 1 0 0 0 77 1 0 0 0 26 
3 0 0 0 52 0 0 1 0 0 1 0 
0 0 0 0 0 0 114 0 0 0 0 0 
0 1 0 0 1 1 125 16 0 0 0 0 
0 0 0 0 3 0 0 0 0 0 0 33 
61 0 0 0 0 5 0 0 0 0 1 0 
0 0 0 0 0 0 0 0 0 0 19 0 
0 0 0 1 0 0 0 3 82 0 0 0 
