169 2158 19 0 0 90 0 55 0 0 0 0 
0 1 0 0 0 2 92 6 0 0 0 0 
0 0 0 0 0 256 14 0 0 0 0 0 
0 0 40 0 0 650 0 2 0 0 0 0 
0 0 0 0 108 0 0 0 0 0 2 0 
0 0 0 0 0 1 517 0 0 0 0 0 
4 0 0 0 0 0 0 328 0 0 0 0 
0 0 0 0 67 2 0 0 0 15 2 0 
0 38 125 155 31 0 2 0 0 0 0 0 
0 0 0 42 0 0 0 0 0 0 0 0 
0 171 0 0 0 8 0 0 0 0 0 0 
735 0 0 0 0 1 0 0 0 0 0 2 
0 0 114 0 0 0 0 0 0 0 0 0 
0 0 0 0 0 0 0 0 253 31 1 0 
0 0 0 0 0 1 44 171 0 0 0 0 
0 8 0 0 19 0 0 1 0 0 45 0 
0 0 203 11 0 0 1 0 1 0 0 1 
0 0 0 0 0 0 0 0 0 211 0 0 
0 102 0 0 0 0 0 0 0 0 0 0 
0 0 0 0 0 0 48 0 0 0 0 0 
0 0 0 0 0 0 0 0 62 0 0 0 
0 1 0 0 0 0 0 90 0 0 0 0 
0 2 9 0 0 9 52 0 0 4 0 0 
0 0 0 1 103 0 0 0 0 0 1 0 
0 0 0 0 0 0 34 0 0 0 0 0 
0 43 0 0 0 0 0 0 0 0 0 33 
0 0 0 3 0 633 0 0 0 0 3 0 
0 0 0 0 0 0 116 0 0 0 0 0 
0 0 0 10 255 0 0 0 0 0 0 0 
0 0 83 44 0 0 0 2 0 0 0 0 
0 0 0 0 0 0 0 36 74 0 0 0 
0 0 0 0 0 5 0 1 0 52 189 0 
0 0 0 0 57 0 0 0 0 0 0 9 
0 0 0 0 1 0 0 193 0 0 0 0 
0 0 0 0 14 5 0 0 0 61 1 0 
0 62 0 0 0 0 0 0 0 0 0 0 
0 0 0 0 14 0 42 0 6 1 0 0 
0 0 0 0 0 0 0 16 33 0 0 0 
0 14 296 0 0 0 0 0 0 0 0 0 
56 0 0 0 0 2 0 3 0 0 0 0 
1 7 0 0 0 7 0 4 0 0 33 8 
0 0 4 0 0 0 52 0 0 0 0 0 
0 0 0 0 0 2 99 0 0 2 12 0 
0 0 0 0 0 0 106 34 0 0 0 0 
0 0 0 26 1 1 0 0 0 0 0 1 
0 40 0 0 0 0 6 18 0 3 0 0 
