0 0 0 0 0 100 2673 7 0 0 0 0 
0 0 0 0 0 0 95 0 0 0 0 0 
0 0 0 0 153 112 0 0 0 0 0 0 
10 22 315 0 0 363 0 2 13 0 4 1 
0 0 1 2 13 66 25 0 0 0 0 0 
0 0 5 0 1 0 583 0 0 3 0 0 
0 0 0 0 0 0 0 336 1 0 0 0 
0 0 0 0 0 0 0 0 0 0 0 67 
49 0 0 46 0 0 117 0 1 0 0 0 
0 30 13 29 290 0 0 0 0 0 0 0 
0 0 0 25 17 0 0 0 0 0 0 0 
0 0 0 0 0 160 0 0 0 0 0 0 
4 0 10 5 11 19 421 3 76 0 183 39 
0 0 0 0 0 0 113 0 0 0 0 1 
0 0 0 0 1 0 0 0 0 0 0 334 
0 0 3 0 0 15 0 57 111 1 0 36 
0 0 0 0 127 0 0 1 0 1 0 0 
0 0 0 219 0 0 0 0 0 0 0 0 
0 0 0 0 0 0 2 0 194 2 0 0 
3 66 0 17 36 0 0 0 0 0 5 0 
0 0 0 0 0 0 0 0 0 0 0 49 
0 0 0 0 12 0 0 0 0 55 0 12 
7 0 0 23 0 0 3 57 0 0 0 0 
0 0 0 0 0 54 19 0 0 0 0 0 
3 0 0 0 0 0 136 10 98 0 0 0 
0 0 0 100 4 0 0 0 0 0 13 0 
0 0 34 0 0 0 0 0 0 0 0 0 
0 0 105 0 42 22 0 0 36 0 107 0 
0 17 0 0 0 610 0 0 0 0 0 0 
0 10 0 0 0 0 0 0 0 0 13 0 
0 0 22 0 12 7 0 52 2 0 0 21 
0 0 0 84 191 0 0 0 0 0 0 0 
0 0 0 0 0 0 0 0 47 0 0 0 
67 4 0 0 3 0 0 15 0 0 41 0 
0 0 1 0 0 0 37 63 0 6 0 0 
0 0 0 1 0 0 0 0 210 0 39 0 
8 6 3 0 0 0 20 0 0 0 0 0 
