0 0 0 0 0 96 2616 17 0 0 0 0 
0 0 0 0 0 0 109 0 0 0 0 0 
0 0 0 0 125 147 0 0 0 0 0 0 
0 0 239 0 0 472 0 3 0 0 0 0 
0 0 0 0 0 86 27 0 0 0 0 0 
0 0 0 0 0 0 593 0 0 0 0 0 
0 0 0 0 0 0 0 339 1 0 0 0 
0 0 0 24 0 0 62 0 0 0 0 0 
0 20 4 26 308 0 0 0 0 0 0 0 
0 0 0 23 18 0 1 0 0 0 0 0 
0 0 0 0 0 167 0 0 0 1 0 0 
0 0 0 0 29 0 566 7 14 10 106 10 
0 0 0 0 0 0 114 0 0 0 0 0 
5 0 0 0 0 1 0 6 0 0 0 279 
0 5 0 0 0 1 2 207 0 0 8 0 
0 0 0 0 129 0 0 0 0 0 0 0 
0 0 0 215 0 0 0 0 0 0 0 0 
0 0 0 0 0 0 0 2 197 0 0 0 
0 119 0 0 0 6 0 0 0 0 0 0 
0 0 0 0 0 0 0 0 0 0 1 48 
0 5 12 1 0 0 0 41 0 20 0 2 
0 0 1 0 0 0 2 79 0 5 3 0 
0 0 0 0 0 54 19 0 0 0 0 0 
0 0 0 107 0 0 0 0 0 0 10 0 
0 0 34 0 0 0 0 0 0 0 0 0 
0 1 0 0 0 0 0 0 0 0 5 67 
0 14 0 0 0 609 0 0 0 0 0 0 
0 10 0 0 0 0 0 0 0 0 13 0 
0 1 0 0 0 0 0 0 0 115 0 0 
0 0 0 98 167 0 0 0 0 0 0 0 
0 37 0 1 0 9 0 79 0 3 0 0 
0 0 1 0 0 0 0 21 90 0 0 0 
0 0 0 0 0 0 0 0 194 0 52 0 
0 0 0 0 51 0 0 1 1 0 2 0 
0 0 1 0 0 16 150 68 0 0 0 0 
66 0 0 0 1 0 0 0 11 0 0 3 
0 1 0 0 3 0 7 0 1 0 0 23 
0 0 0 0 0 0 0 0 57 0 0 0 
0 1 0 0 0 0 1 0 51 0 0 0 
0 1 212 26 0 1 0 0 0 0 57 12 
28 0 0 0 0 6 19 0 0 8 0 0 
