0 0 0 0 0 95 2283 8 0 0 0 0 
0 0 0 0 0 0 103 0 0 0 0 0 
0 0 1 0 122 143 2 0 0 0 0 0 
0 1 312 3 0 260 0 0 0 0 0 0 
0 0 0 0 1 73 29 0 0 0 0 0 
0 0 0 0 0 0 525 0 0 0 0 0 
0 0 0 0 0 0 0 331 1 0 0 0 
0 0 0 31 0 0 55 0 0 1 0 0 
0 0 0 21 321 0 0 0 0 0 0 0 
0 0 0 26 16 0 0 0 0 0 0 0 
1 0 0 0 0 191 2 0 0 0 0 0 
0 0 5 0 8 7 486 6 6 4 123 0 
0 12 0 0 0 0 108 0 0 0 0 0 
0 0 0 0 0 265 0 0 0 0 0 32 
13 0 0 30 23 70 1 75 0 1 0 1 
0 0 0 0 73 0 0 0 0 0 0 0 
0 0 1 215 0 0 1 0 0 0 0 0 
0 0 0 0 0 0 0 0 218 0 0 0 
0 130 0 3 0 3 0 1 0 0 4 0 
0 0 1 0 0 0 0 1 0 0 0 46 
1 0 0 0 0 0 6 62 14 0 0 8 
0 0 0 0 0 54 20 0 0 0 0 0 
0 0 1 110 0 0 0 0 0 0 0 0 
0 0 0 0 0 0 0 0 0 0 5 59 
0 0 0 0 0 628 0 0 0 0 0 0 
3 0 1 33 34 0 4 0 22 4 10 0 
0 0 0 103 160 0 0 0 0 0 0 1 
14 0 0 0 12 5 21 73 2 0 0 0 
0 0 4 0 0 0 1 15 127 0 0 0 
0 0 1 0 2 0 0 0 165 0 46 0 
0 0 0 0 40 1 0 0 0 0 25 0 
12 15 1 1 2 0 3 164 2 0 0 0 
74 0 0 0 0 0 2 3 1 0 0 0 
0 1 308 0 0 0 0 5 3 0 0 0 
0 108 0 0 0 0 0 0 0 0 0 0 
0 0 0 0 57 0 0 0 0 0 0 0 
0 0 0 0 0 0 113 0 0 0 0 0 
0 0 0 0 0 2 141 1 0 0 0 1 
0 0 0 0 0 0 0 0 0 0 0 52 
0 9 4 44 0 9 1 0 0 0 0 0 
0 0 0 0 0 0 0 0 0 0 19 0 
0 1 0 0 0 0 0 0 94 0 0 0 
0 0 0 0 0 95 0 0 1 0 0 0 
0 0 64 0 0 0 0 0 1 3 0 0 
0 0 0 0 0 0 117 2 0 2 0 3 
0 55 0 0 0 0 0 0 0 0 0 0 
0 0 0 1 0 31 21 0 2 0 0 0 
