0
0
0
0
0
0
0
0
0
0
0
0
88
0
0
0
0
88
88
0
0
0
88
0
88
0
0
0
0
88
0
0
0
0
243
0
0
0
0
0
88
0
0
0
243
0
0
0
243
243
243
0
0
0
0
411
411
0
0
243
243
0
450
411
88
243
484
467
243
0
0
0
243
243
484
0
0
467
450
411
450
411
0
450
88
0
243
0
467
243
467
0
467
0
684
243
0
467
243
411
411
243
243
684
467
411
0
450
450
411
243
411
450
0
467
411
0
411
450
243
450
243
0
0
450
684
911
911
0
911
243
243
0
0
243
982
0
911
0
982
1026
1026
1062
982
982
0
243
1026
982
1062
1062
243
1062
243
450
1026
450
982
243
1223
243
1223
1026
1026
1223
243
982
982
243
1223
1223
1026
1026
1062
1062
243
1223
1223
1062
243
0
411
1026
1223
1026
243
243
911
1026
243
1062
1026
243
243
1026
1026
243
1026
243
0
243
243
243
0
243
243
467
450
243
411
0
243
1026
243
1026
982
0
1026
243
243
1026
467
0
982
1026
982
1026
0
0
0
1026
484
243
0
243
911
1026
0
911
0
1026
1026
243
0
1026
450
1223
0
0
411
411
411
1026
0
0
450
1958
1958
982
0
982
243
911
0
982
1026
0
982
484
1026
0
0
0
484
0
0
243
0
1958
1958
0
0
911
0
467
0
2181
2181
467
0
450
467
450
0
0
243
243
0
0
982
0
0
450
0
0
243
0
0
0
0
243
243
0
243
0
0
2498
243
243
0
467
1026
243
1958
911
0
243
0
0
0
0
0
1026
1026
243
88
2675
2675
2498
1026
2724
2498
2724
2675
0
0
2724
2498
2724
911
2675
2675
2675
2675
2675
911
0
2675
0
2675
0
467
467
2498
2498
243
2498
2675
88
2498
2675
2498
2181
484
2675
467
0
0
2498
0
484
684
2498
982
411
450
484
411
411
411
2724
911
2724
411
982
1026
684
2675
2498
0
484
0
243
2724
467
1958
0
2498
467
0
0
0
911
0
467
0
2724
1026
450
467
2675
2724
2498
411
2498
411
411
411
411
411
0
411
0
411
467
411
2675
0
2675
411
411
0
411
0
467
411
411
411
411
0
467
411
0
411
243
411
411
411
411
2498
411
411
0
411
0
3711
3740
3711
982
0
3711
3711
3711
982
2498
411
467
2498
3711
411
3740
3740
0
484
467
484
3740
243
484
3740
3740
411
3711
3740
3711
0
3740
3740
411
3711
3740
3740
2498
3740
0
3740
0
1026
3740
3711
3740
3740
0
243
243
3740
1026
3740
0
3740
467
3740
3740
88
2498
3740
467
2498
0
3740
3740
3740
88
88
2498
3740
2498
411
411
411
88
88
0
0
88
0
0
0
0
0
411
4318
4318
0
0
911
411
0
2498
0
2498
2675
484
0
467
467
2675
0
2498
411
411
0
2724
0
0
2675
2675
2675
243
0
2675
2675
2675
0
411
0
411
467
0
2675
0
2675
0
2675
411
0
467
467
0
2498
0
0
467
0
0
0
3740
0
484
0
0
0
467
1958
0
3740
0
982
0
484
1958
0
0
484
0
0
1958
684
0
0
3740
982
0
982
0
684
0
2724
0
484
684
1958
2724
911
3711
484
911
2724
467
684
1026
3740
0
3740
0
467
911
0
0
484
0
3711
2724
2675
3740
4318
0
0
3711
3711
0
2724
0
911
0
0
684
0
0
0
0
484
0
0
0
0
2498
484
2181
484
0
484
484
0
2498
911
484
484
0
0
1958
1958
0
911
0
1958
0
0
0
0
0
1958
0
1958
0
2724
0
4318
467
4318
467
0
243
684
0
0
467
1958
2724
0
467
5967
684
0
5967
2498
0
5967
0
0
4318
467
0
467
467
0
243
467
467
2498
2498
911
467
2498
0
2498
467
484
1026
2498
684
467
1958
0
4318
5967
0
0
0
0
684
0
684
2498
684
467
1958
0
684
2498
1958
684
0
1958
0
0
0
0
0
911
0
2498
0
411
1958
411
411
1958
411
411
0
684
684
411
411
1958
6677
1062
411
0
0
411
411
0
411
0
411
0
6677
411
911
0
0
411
411
2498
0
0
0
684
411
684
4318
0
0
0
411
0
4318
484
0
2724
0
0
4318
911
411
2724
0
0
911
411
911
0
0
0
0
0
0
0
0
0
911
0
982
0
0
0
0
982
411
0
0
467
411
467
0
411
484
484
0
0
0
484
0
0
0
1026
4318
1026
0
4318
484
1026
0
1026
0
911
911
2498
1026
2724
467
1026
3740
0
1026
3740
1026
0
4318
243
0
1026
6677
0
467
911
88
88
450
88
0
88
0
0
0
0
0
2498
0
1062
6677
467
982
467
7995
982
4318
911
4318
4318
8062
8094
2675
8062
0
243
982
243
0
484
4318
2498
4318
4318
2675
4318
8094
2498
2498
8062
1958
4318
4318
8094
0
4318
467
467
2724
0
0
1223
6677
911
4318
8062
0
467
0
0
484
0
1026
1958
8062
0
2724
243
243
8497
0
8497
0
0
8497
0
1958
8497
3740
0
1958
8497
8094
2498
911
7995
243
0
450
8497
8497
8094
8727
8094
8497
0
243
8497
0
8094
2498
243
1958
467
0
8497
88
243
0
8497
0
2675
243
243
6677
88
2724
467
2724
0
2724
2724
0
0
88
88
911
88
88
0
2498
467
0
0
0
911
88
911
911
911
911
484
484
4318
484
484
0
484
484
484
0
0
4318
0
911
2724
0
484
911
0
6677
4318
0
911
982
0
0
2724
0
0
4318
911
6677
0
0
911
7995
484
7995
2724
7995
2498
1958
911
0
0
2724
0
4318
0
0
0
0
0
0
0
0
6677
0
0
88
243
0
0
1958
88
0
243
411
9733
9733
9733
411
9733
9733
9733
2675
8094
5967
0
0
0
8062
5967
5967
243
5967
5967
5967
5967
5967
243
0
0
0
0
5967
243
0
0
5967
5967
5967
0
0
243
243
243
5967
5967
5967
5967
5967
5967
5967
467
467
467
911
4318
5967
0
5967
243
243
243
5967
0
243
243
4318
467
5967
8094
467
0
9733
982
0
0
0
0
5967
3740
0
0
2724
467
0
5967
5967
467
0
0
0
0
0
9733
982
5967
5967
0
0
982
5967
484
4318
4318
5967
1958
