0
0
0
0
0
0
0
42
0
0
0
0
88
0
0
0
0
88
88
0
0
0
88
0
88
0
202
0
0
88
0
0
0
0
243
0
0
0
0
0
88
0
0
0
243
0
0
0
243
243
243
0
0
0
0
411
411
0
88
243
88
0
42
411
88
243
484
467
243
0
0
0
243
243
484
0
0
467
42
411
42
411
0
467
88
42
243
42
467
243
467
0
467
0
202
243
42
467
243
411
411
243
243
202
467
411
0
42
42
411
243
411
42
202
467
462
202
462
42
243
467
243
0
202
42
202
911
929
0
929
243
243
0
411
243
982
0
929
462
982
1026
1026
1062
982
982
42
243
202
1140
1062
1062
243
1062
243
42
1026
42
982
243
1223
243
1223
1026
1026
1223
243
982
42
243
1223
1223
1026
1026
1062
1062
1223
1223
1223
1062
1223
42
1223
1026
1223
1026
243
243
929
1026
243
1062
1026
243
243
1026
1026
243
1026
243
1540
243
243
243
0
243
243
467
42
243
411
982
243
1026
243
202
1655
0
1026
243
243
1026
467
0
1140
1026
1140
1026
0
0
484
1026
484
243
0
243
929
1026
1540
929
929
1026
1026
243
982
1026
42
1223
0
1540
462
462
462
1026
1926
1540
42
1958
1958
982
1540
982
243
1540
1958
982
982
1540
982
484
1026
1958
42
42
484
0
42
243
1958
1958
1958
0
0
929
0
467
1540
2181
2181
467
0
467
467
467
0
0
243
243
0
1958
42
0
0
42
1540
42
243
0
1540
0
462
243
243
1958
243
1958
0
2498
243
243
1540
467
1026
243
1958
1958
0
243
467
467
0
0
462
1026
1026
243
88
2675
2675
2498
1026
2724
2498
2724
2675
1540
42
2724
929
2724
911
2675
2675
2675
2675
2675
911
0
2675
42
2675
467
467
467
2498
2498
467
2498
2675
88
2498
2675
411
2181
484
2675
467
0
0
2498
0
484
202
2836
1140
411
42
484
411
411
1655
2724
929
2724
1655
982
1026
202
2675
2498
467
484
1540
243
42
467
1958
1540
2498
467
1958
0
1958
929
1958
467
1958
411
1655
1958
467
2675
2498
2498
462
2498
462
462
462
462
462
0
462
2498
462
467
462
2498
0
2498
462
462
0
462
0
467
462
462
462
462
0
467
462
0
462
243
462
462
462
462
2498
462
462
0
462
0
3711
3740
3711
982
467
3711
3711
3711
982
2498
462
467
2498
3711
462
3740
3740
467
484
467
484
3740
243
484
3740
3740
462
3711
3740
3711
0
3740
3740
462
3711
3740
3740
2498
3740
462
3740
462
3740
3740
243
3740
3740
0
243
243
3740
3740
3740
0
3740
467
3740
3740
88
2498
3740
467
2498
0
3740
3740
3740
88
88
2498
2836
2498
462
462
462
88
88
2836
2836
88
2836
0
2836
0
0
462
1926
4318
0
0
4318
462
2836
2498
0
2498
2836
484
0
467
467
2836
0
1140
462
462
0
467
484
0
2836
2836
2836
2836
0
2836
2836
2836
0
462
0
462
467
0
2836
0
2836
0
2836
462
0
467
467
0
0
0
0
467
1958
0
1958
3740
0
484
0
1223
0
467
1958
1958
3740
0
1140
0
484
1958
0
0
484
0
202
1958
202
0
0
3740
1140
0
1140
0
202
0
2498
0
484
202
1958
2498
929
3711
484
929
2498
467
202
3711
3711
0
3711
1958
467
929
0
0
484
462
3711
2724
2675
0
4318
0
0
3711
3711
5406
2724
0
911
5456
0
202
0
0
0
0
484
1958
1140
0
0
911
484
2181
484
0
484
484
0
2498
929
484
484
0
5456
1958
1958
0
929
5406
1958
0
0
0
0
2498
1958
0
1958
0
2724
5456
4318
467
4318
467
484
243
5406
5456
1958
467
1958
2724
5456
467
2836
202
5456
2836
2498
0
2836
5456
1958
1140
467
5456
467
467
1958
243
467
467
2498
2498
929
467
2498
1958
2498
467
484
1026
4318
202
467
1958
0
4318
1655
5456
0
0
2836
202
1958
202
2498
202
467
1958
0
202
2498
1958
202
1958
1958
0
0
0
0
0
911
0
2498
0
462
1958
462
462
1958
462
462
462
202
202
462
462
1958
6677
1540
462
462
0
462
462
0
462
0
462
0
6677
462
5406
0
0
462
462
42
42
0
42
202
462
202
4318
0
0
0
462
0
4318
484
0
1540
0
0
4318
929
462
42
0
0
929
462
929
0
0
0
0
0
0
0
0
0
929
0
2498
0
0
0
0
982
462
0
0
467
462
467
0
462
484
484
0
0
0
484
0
0
0
1026
4318
1026
0
4318
484
1026
0
1026
0
929
929
2498
1026
42
467
1026
3740
243
3740
3740
1026
243
4318
243
0
3740
1026
5456
467
929
88
88
467
88
0
88
0
0
0
0
0
3711
0
1540
6677
467
5406
467
7995
1655
1540
929
4318
1140
8062
8094
2675
8062
0
243
1140
243
2498
484
4318
2498
4318
4318
2675
4318
8094
2498
2498
8062
1958
4318
4318
8094
1958
1926
467
467
2724
1958
1958
1223
6677
911
1926
42
0
467
982
1958
484
5456
1026
1958
8062
5456
2724
243
243
8497
1958
8497
0
0
8497
1958
1958
8497
3740
1958
1958
8497
8094
2498
929
7995
243
0
42
8497
8497
8094
8727
8094
8497
7995
243
8497
1958
8094
2498
243
1958
467
0
243
88
243
0
243
0
8890
243
243
6677
88
2724
467
2724
0
2724
2724
0
0
88
88
929
88
88
7995
2498
467
0
467
0
929
88
929
929
929
929
484
484
4318
484
484
0
484
484
484
0
0
4318
0
929
2724
0
484
929
5456
6677
4318
0
929
982
0
0
2724
0
1958
4318
929
6677
0
0
929
7995
484
7995
2724
7995
2498
1958
929
0
0
2724
5406
4318
0
0
1540
0
0
0
1540
0
1026
0
0
88
243
0
0
1958
88
0
243
462
9733
9733
9733
8890
9733
9733
9733
8890
8094
2836
1540
1540
1540
911
2836
2836
243
2836
2836
2836
2836
2836
243
467
0
0
0
2836
243
0
0
2836
2836
2836
0
0
243
243
9907
2836
2836
2836
2836
2836
9907
2836
9907
9907
9907
929
4318
2836
0
2836
243
243
243
2836
0
243
243
4318
9907
9907
8094
9907
0
9733
1140
0
0
0
0
2836
2836
0
0
2724
9907
0
2836
2836
467
0
0
5456
0
0
9733
1140
2836
2836
0
0
1140
2836
484
929
929
2836
929
