10 146 0 0 1317 1163 339 1 
0 0 0 5 0 1856 15 306 
1360 0 0 0 0 0 7 9 
1 0 0 0 2 30 1067 0 
0 500 0 0 0 0 0 0 
5 0 10 191 52 1 0 203 
3 309 42 5 0 0 0 0 
0 0 0 0 0 519 24 1 
0 1859 66 7 294 33 4 15 
1781 195 0 67 0 0 0 0 
372 12 3 25 0 419 61 418 
92 0 62 77 0 802 62 0 
0 0 0 0 0 375 0 0 
88 0 0 1 0 729 28 0 
0 2 1 0 0 36 2 630 
0 0 0 0 0 482 0 0 
13 104 379 765 1274 0 0 0 
0 6 0 0 447 1209 56 0 
0 0 925 0 0 0 0 1 
0 1 177 1 1 234 0 11 
0 635 0 0 0 0 119 0 
1453 0 0 1 6 0 175 0 
0 0 0 0 0 961 0 0 
8 5 1 0 322 5 1 487 
0 304 0 0 362 0 0 125 
2 0 47 0 0 0 635 0 
108 0 1 0 0 0 168 1110 
0 0 45 1083 0 0 0 0 
248 0 0 0 0 0 0 750 
7 0 86 1799 93 0 3 0 
0 0 0 0 201 0 0 0 
0 0 0 0 0 1061 0 0 
1 0 0 0 0 1 527 193 
0 9 0 0 0 511 14 0 
334 0 0 0 0 0 0 0 
