0 0 0 15 110 2226 0 641 
9 0 0 0 0 394 1425 352 
171 1 0 0 0 0 1161 45 
0 0 0 0 0 1101 0 3 
0 284 0 0 55 102 53 0 
0 0 0 0 0 0 0 396 
5 354 0 0 0 0 0 0 
32 5 0 0 0 0 501 0 
0 94 0 0 915 1275 0 0 
8 0 0 0 3 2030 0 0 
1 0 0 0 0 1303 0 0 
0 0 0 0 0 1095 0 0 
0 0 0 0 0 0 113 262 
0 5 201 0 573 0 4 63 
1 8 2 3 0 0 0 657 
0 56 0 18 149 0 260 0 
1 29 23 195 2287 0 0 0 
818 0 0 1 0 9 889 3 
0 0 94 822 0 0 0 10 
5 0 432 0 1 0 0 0 
14 139 31 0 3 278 263 26 
8 0 0 1 0 450 1183 0 
1 0 0 0 0 939 0 0 
3 0 0 0 0 0 803 22 
0 30 0 0 0 761 0 0 
0 3 0 0 456 0 145 146 
0 0 0 0 0 0 0 1388 
0 0 385 89 3 0 13 638 
2 0 1 0 798 53 0 144 
107 1 0 1562 318 0 0 0 
0 13 10 36 1 0 141 0 
13 0 277 70 0 0 679 10 
0 16 0 15 0 13 684 0 
0 0 0 0 0 532 0 0 
0 0 0 0 0 0 0 334 
