9 133 4 1 1276 1296 306 0 
0 0 1 0 0 1846 13 322 
1363 0 0 0 0 0 8 8 
0 0 0 6 11 0 1057 0 
0 499 0 0 0 0 0 0 
0 1 113 194 0 0 1 153 
0 354 0 0 5 0 0 0 
0 0 0 0 0 519 28 0 
43 1709 2 0 233 287 0 4 
1768 0 19 0 259 0 0 0 
49 1 2 40 11 929 39 233 
0 79 201 106 380 333 0 0 
0 0 0 0 0 375 0 0 
0 0 1 0 166 612 67 0 
4 0 0 0 0 85 0 589 
0 0 0 0 0 484 0 0 
0 70 389 651 1425 0 0 0 
0 0 0 1 502 1151 63 0 
1 0 925 0 0 0 0 0 
0 7 0 4 413 0 1 0 
3 582 37 0 0 2 130 0 
1390 0 5 1 0 0 265 0 
0 0 0 0 0 953 0 3 
0 0 0 0 304 0 0 524 
0 274 5 0 355 0 1 105 
73 67 0 0 0 28 516 0 
189 1 10 0 0 0 115 1068 
0 2 48 1075 0 1 2 0 
215 1 0 0 0 1 0 784 
0 1 0 1984 0 0 0 3 
0 0 0 0 201 0 0 0 
0 0 0 0 0 1054 0 0 
0 0 1 5 0 1 549 163 
0 0 15 0 6 514 0 4 
334 0 0 0 0 0 0 0 
