0 0 0 2 66 2483 0 458 
0 0 2 0 2 414 2098 370 
165 0 0 0 0 1 1209 40 
0 0 0 0 0 996 0 1 
3 208 0 25 113 112 0 0 
0 0 0 0 0 0 0 723 
0 346 3 0 9 0 1 0 
0 1 0 75 0 0 1588 1 
2 35 0 1 1047 1281 2 0 
0 0 0 0 0 2033 0 1 
0 0 0 0 0 1304 0 0 
0 0 0 0 0 1098 0 0 
0 0 0 1 0 0 109 265 
3 67 363 0 293 0 86 34 
0 0 0 0 0 2 18 650 
0 0 0 97 186 82 0 19 
0 11 28 165 2325 0 6 0 
738 0 0 2 0 0 966 0 
0 0 112 706 0 183 0 7 
0 0 411 0 27 0 0 0 
9 8 15 317 186 10 209 0 
0 0 0 0 1 520 1174 0 
0 0 0 0 0 1501 0 0 
314 151 181 159 29 1 4 1 
0 58 0 0 0 549 106 0 
5 1 0 0 426 0 154 171 
0 0 0 0 0 0 0 1389 
3 3 442 39 10 28 0 586 
1 6 0 0 606 4 0 380 
104 0 0 1593 289 2 0 0 
0 174 0 0 0 0 0 10 
