0 1 6 0 91 2461 0 415 
0 0 0 7 1 480 1355 338 
178 0 0 0 0 0 1180 21 
0 0 0 0 0 1094 0 0 
5 363 4 0 40 36 0 24 
0 0 0 0 0 0 0 462 
2 350 0 7 0 0 0 0 
0 0 0 2 0 0 546 0 
0 47 0 0 944 1286 0 0 
0 1 0 0 0 1989 60 1 
0 0 0 0 0 1304 0 0 
0 0 0 0 0 1096 0 0 
0 0 0 0 0 0 118 257 
3 20 0 0 533 290 0 0 
1 0 0 16 0 0 0 661 
1 1 208 0 0 5 249 20 
0 16 42 177 2326 0 0 0 
721 0 0 1 0 0 995 0 
0 0 97 826 2 1 0 0 
0 0 425 0 0 0 0 0 
433 82 0 0 249 16 0 2 
0 18 0 0 12 444 1165 0 
0 0 0 0 1 960 0 0 
24 0 0 23 6 0 232 543 
0 14 0 2 0 776 0 0 
4 0 0 0 532 0 148 0 
0 0 0 1 2 0 0 1380 
9 0 520 62 0 4 53 480 
0 0 0 0 556 0 0 447 
58 0 0 1818 85 1 0 0 
0 44 76 0 81 0 0 0 
0 1 204 0 1 0 842 6 
14 0 0 4 0 0 700 0 
0 0 0 0 0 532 0 0 
0 0 0 0 0 0 0 334 
