0 0 0 0 102 2331 28 556 
0 0 22 7 0 385 2244 229 
166 0 0 0 1 0 1193 30 
0 0 0 0 1 964 0 0 
5 481 1 0 89 90 3 0 
0 0 0 0 0 0 0 715 
18 338 0 0 1 2 0 0 
0 67 7 86 2 0 1502 0 
4 77 6 0 968 1289 0 0 
15 1 0 0 0 2032 2 0 
0 0 0 0 0 1303 0 1 
0 0 0 0 0 1102 0 0 
0 0 0 0 0 0 110 265 
181 186 274 1 199 1 4 0 
0 0 2 0 1 0 0 666 
0 5 0 0 0 351 28 0 
0 17 16 128 2372 0 2 0 
783 0 0 0 1 4 917 0 
0 0 93 702 2 216 0 1 
0 3 424 0 0 0 0 11 
97 443 21 39 11 30 113 0 
10 0 0 0 0 524 1193 0 
0 0 0 0 0 1501 0 0 
62 0 652 42 0 71 0 13 
0 23 0 0 0 539 150 0 
6 1 0 0 445 3 112 199 
0 0 0 0 0 0 0 1384 
124 0 289 2094 234 3 1 347 
0 0 2 0 749 0 0 251 
