0 364 0 5 1445 790 383 10 
5 0 0 0 0 1854 9 312 
1377 0 0 0 0 0 7 1 
251 0 236 0 144 0 397 0 
0 458 0 0 0 0 0 0 
718 0 0 0 0 0 1 0 
0 351 2 0 6 0 0 0 
0 0 0 0 0 503 25 0 
0 2330 0 0 28 0 0 10 
1335 0 270 100 0 0 330 1 
696 0 383 0 77 83 0 65 
0 9 0 16 0 933 128 12 
0 0 0 0 0 375 0 0 
106 1 57 62 169 392 3 56 
0 0 1 0 0 24 0 645 
0 0 0 0 0 483 0 0 
5 103 382 580 1452 0 1 12 
11 0 0 0 638 962 92 9 
0 0 943 0 0 0 0 0 
14 0 386 0 20 16 2 0 
1 505 0 36 0 32 183 0 
1373 0 0 0 0 0 299 2 
0 0 0 0 1 1349 157 1 
0 2 0 0 332 4 0 502 
0 268 0 0 360 1 0 123 
7 0 324 1 0 413 16 0 
122 5 0 0 0 0 171 1096 
0 0 18 1085 0 0 0 8 
238 0 0 0 0 0 5 755 
16 0 15 1865 7 1 31 53 
0 0 0 0 189 0 0 0 
0 0 0 0 0 1050 0 0 
6 7 0 0 0 0 524 189 
