0 199 0 0 1348 1077 379 1 
0 0 0 0 0 1849 10 323 
1361 0 0 0 0 0 7 9 
0 0 0 1 8 8 1075 0 
0 497 0 0 0 0 0 0 
40 10 19 153 0 0 0 240 
0 338 6 0 0 15 0 0 
0 0 0 0 0 521 24 0 
0 1998 98 0 149 73 6 8 
1868 96 0 64 0 21 0 0 
342 0 0 136 0 347 63 416 
163 0 40 32 0 800 60 0 
0 0 0 0 0 375 0 0 
113 0 0 1 0 660 72 0 
6 1 0 0 0 45 0 619 
0 0 0 0 0 483 0 0 
0 67 365 649 1454 0 0 0 
0 1 2 0 433 1212 68 0 
0 0 943 0 0 0 0 0 
0 0 115 2 9 245 0 54 
0 643 1 0 4 28 77 1 
1426 6 0 0 0 0 206 0 
0 0 3 0 0 937 0 0 
3 0 0 0 314 0 0 511 
1 226 0 0 399 2 0 111 
0 0 87 0 3 54 540 0 
153 0 0 0 0 6 168 1055 
0 0 32 1078 0 0 1 0 
302 0 0 2 19 0 0 679 
0 1 7 1899 81 0 0 0 
0 0 0 0 201 0 0 0 
0 0 0 0 1 1063 0 0 
0 0 0 0 0 1 521 199 
6 0 0 0 19 507 0 0 
329 0 0 0 2 0 3 0 
