233 266 0 27 978 1235 348 25 
1 0 0 0 0 2234 278 409 
1444 1 0 0 0 0 9 8 
237 165 28 124 220 74 56 56 
0 468 0 0 194 0 0 0 
697 0 0 0 0 1 0 9 
10 238 29 42 0 0 0 40 
0 0 0 0 0 1601 21 0 
90 731 243 263 220 239 334 179 
359 683 20 133 128 291 207 233 
62 316 100 55 105 481 146 39 
302 97 142 228 31 112 187 2 
0 0 0 0 0 375 0 0 
386 9 95 16 77 118 12 133 
5 0 0 0 0 10 0 652 
0 0 0 0 0 381 0 0 
28 108 462 479 1408 3 45 2 
107 68 23 24 553 866 81 25 
0 0 991 0 0 0 0 0 
32 14 119 0 59 15 43 156 
98 131 59 0 28 77 0 361 
1101 3 0 0 3 23 529 0 
0 0 2 2 0 1147 271 0 
0 0 3 0 339 0 13 488 
0 290 0 0 309 1 1 112 
131 11 243 58 8 170 114 39 
177 6 0 0 8 0 122 1071 
0 1 80 2910 54 49 7 14 
204 0 0 0 2 0 0 796 
