0 123 0 0 1542 873 456 0 
0 0 0 0 0 1861 12 308 
1359 0 0 0 0 0 10 8 
210 0 13 25 0 4 868 1 
0 500 0 0 0 0 0 0 
381 1 3 8 0 0 0 0 
20 316 9 0 11 3 0 0 
0 0 1 0 0 521 22 0 
1 2075 32 0 161 0 1 9 
1531 0 60 58 63 0 282 0 
533 0 457 10 214 56 1 33 
100 0 4 0 0 706 288 0 
0 0 0 0 0 375 0 0 
329 34 0 0 67 379 0 37 
0 3 0 4 0 15 1 648 
0 0 0 0 0 483 0 0 
0 36 553 497 1437 1 2 9 
118 0 5 0 431 1096 75 0 
0 0 926 0 0 0 0 0 
23 0 309 0 10 96 0 0 
15 593 2 14 0 0 130 0 
1357 4 0 0 0 0 302 0 
0 0 0 0 0 934 0 0 
0 4 1 0 356 6 0 462 
0 259 0 0 446 0 0 85 
69 0 239 4 1 370 68 1 
123 0 0 0 1 0 143 1120 
0 1 43 1085 0 0 0 0 
277 1 0 0 0 0 0 720 
0 0 7 1966 0 0 0 15 
0 0 0 0 201 0 0 0 
0 0 0 0 0 1049 0 0 
0 0 0 0 0 0 525 196 
4 0 0 0 0 534 0 0 
333 0 0 0 1 0 0 0 
