0 0 3 0 148 2352 6 526 
0 0 71 26 6 377 2076 358 
158 0 0 0 0 3 1199 26 
0 0 0 0 0 957 0 0 
73 326 0 0 180 83 0 0 
0 0 0 0 0 0 0 708 
0 353 0 0 0 0 6 0 
4 19 17 177 60 82 1255 52 
21 101 0 18 1062 1130 9 10 
83 0 0 0 0 1951 0 33 
2 5 0 0 0 1309 0 0 
0 0 0 0 0 1096 0 0 
0 0 0 0 0 0 106 269 
169 180 158 0 181 38 0 120 
0 1 1 0 4 16 0 646 
0 0 23 11 23 141 178 5 
0 22 20 152 2337 0 2 2 
644 0 0 8 13 0 1062 0 
0 0 79 729 3 195 0 2 
0 2 434 0 0 0 0 2 
268 303 58 59 0 39 27 0 
0 0 0 0 0 573 1151 0 
0 0 0 0 0 1422 0 0 
6 10 331 0 62 342 93 0 
1 43 0 0 0 532 133 4 
0 5 0 0 485 2 148 133 
0 0 0 0 0 0 0 1385 
149 0 377 2061 252 18 14 227 
15 23 0 7 579 26 2 350 
