0 0 1 0 75 2309 0 633 
0 3 17 0 0 440 2110 317 
179 0 0 0 2 0 1192 36 
0 0 0 0 0 969 0 2 
1 509 2 0 60 98 0 0 
0 0 0 0 0 0 0 717 
0 359 0 0 0 0 0 0 
5 0 32 18 6 0 1603 0 
0 71 0 0 863 1387 0 22 
1 5 0 0 0 2043 3 0 
0 0 0 0 0 1304 0 0 
0 0 0 0 1 1102 0 0 
0 0 0 0 0 0 113 262 
30 162 166 6 463 0 0 19 
0 0 2 0 0 0 0 667 
2 9 17 10 0 226 120 0 
0 19 25 144 2347 0 0 0 
704 3 2 1 1 0 997 0 
0 0 83 726 0 179 3 0 
0 0 438 0 0 0 0 0 
0 223 0 229 66 20 209 7 
0 0 1 0 0 693 1000 0 
0 0 0 0 0 1501 0 0 
142 12 591 66 0 21 0 8 
0 51 0 2 0 513 147 0 
0 0 0 0 540 0 83 141 
0 0 0 0 0 0 0 1384 
25 0 190 476 110 0 4 286 
7 27 2 0 775 16 0 175 
128 0 69 1467 275 9 0 76 
