0 0 0 0 58 2480 0 511 
0 1 0 2 5 559 1847 473 
184 0 0 1 0 0 1214 18 
0 0 0 0 0 1005 0 0 
0 269 0 0 89 69 2 32 
0 0 0 0 0 0 0 711 
0 351 8 0 0 0 0 0 
0 1 0 74 18 8 1561 0 
1 167 0 1 1169 943 40 1 
0 0 1 0 0 2023 1 14 
0 0 0 3 0 1300 1 0 
0 0 0 0 0 1096 0 0 
0 0 0 0 0 0 119 256 
0 0 469 0 232 2 143 0 
0 0 1 6 0 9 0 653 
1 1 0 0 352 32 0 0 
0 30 25 155 2351 0 0 0 
726 0 0 0 1 0 980 0 
1 0 106 688 0 191 0 5 
0 0 438 0 0 0 0 0 
1 0 4 394 243 0 112 0 
0 1 1 0 0 527 1154 6 
0 0 0 0 0 1500 0 0 
187 0 246 400 0 3 0 4 
0 24 7 0 0 572 110 0 
0 0 0 2 440 4 170 153 
0 0 0 0 0 0 0 1388 
1 17 521 93 1 8 0 487 
1 0 4 0 753 25 0 215 
130 1 0 1620 211 0 0 0 
9 104 3 0 10 2 1 55 
