0 1 15 0 76 2301 5 579 
3 3 0 0 0 623 987 562 
169 1 0 0 0 0 1176 30 
0 1 0 0 0 1091 0 0 
0 398 0 0 0 92 0 6 
0 0 0 0 1 0 0 460 
0 350 9 0 0 0 0 0 
0 0 0 0 0 0 542 0 
2 78 0 0 1050 1196 0 7 
0 0 9 5 0 2034 0 0 
0 0 0 0 0 1304 0 0 
0 0 0 0 0 1098 0 0 
0 3 0 0 0 0 111 261 
0 10 1 0 296 243 294 2 
0 0 0 0 4 4 0 663 
0 0 117 0 0 0 365 3 
0 18 25 130 2357 0 5 0 
808 0 4 0 0 0 906 0 
0 0 135 805 0 0 0 3 
0 5 396 0 0 0 0 24 
0 247 0 0 382 14 111 0 
0 3 0 0 0 515 1123 0 
0 0 0 0 0 955 0 0 
0 1 0 44 0 51 551 181 
0 21 0 0 0 718 0 0 
1 0 0 0 548 0 135 0 
0 0 0 0 0 0 0 1386 
0 14 569 10 5 0 3 511 
0 56 0 0 616 0 0 330 
164 5 0 1528 290 0 0 1 
1 0 156 4 38 0 0 2 
2 0 709 0 46 35 268 0 
0 1 1 0 0 0 718 4 
0 0 0 0 0 540 0 0 
0 0 0 0 0 0 0 334 
