0 209 4 0 1491 1000 295 0 
1 0 0 0 0 1847 9 327 
1383 0 0 0 0 0 7 10 
563 7 0 0 318 0 140 11 
0 433 0 0 0 0 0 0 
716 0 2 0 0 2 0 0 
0 359 0 0 0 0 0 0 
0 0 0 0 0 491 22 0 
2 2337 0 0 10 0 0 19 
1171 0 162 0 2 0 689 5 
379 19 570 0 43 279 5 9 
0 2 1 0 45 994 53 0 
0 0 0 0 0 375 0 0 
125 0 94 0 95 516 0 16 
0 0 1 0 0 40 0 629 
0 0 0 0 0 483 0 0 
0 57 382 661 1461 1 0 0 
2 0 0 8 476 1068 147 0 
0 0 943 0 0 0 0 0 
0 4 368 23 0 4 38 1 
3 656 0 0 0 0 123 0 
1280 0 4 0 0 0 390 0 
2 2 0 0 27 1313 164 0 
0 0 0 0 290 1 0 549 
0 312 0 0 372 2 0 83 
0 1 577 0 0 179 0 0 
164 0 0 1 1 5 128 1085 
0 0 51 1060 1 0 0 2 
254 0 6 1 1 0 0 736 
0 0 0 1960 1 0 0 0 
0 0 0 0 189 0 0 0 
0 0 0 0 0 1052 0 0 
0 0 0 0 1 4 516 200 
