1 0 0 5 33 2412 0 527 
0 0 0 0 0 564 1329 287 
189 0 1 0 0 0 1154 34 
0 0 0 0 0 1070 0 0 
3 367 0 25 55 9 0 2 
0 0 0 0 0 0 0 463 
0 352 2 0 0 0 0 5 
0 0 0 0 0 0 543 0 
0 71 0 3 1119 1172 0 3 
0 0 1 0 0 2047 0 0 
0 0 0 0 1 1303 0 0 
0 0 0 0 0 1097 0 0 
0 0 0 0 0 0 125 250 
60 0 0 3 177 481 125 0 
0 0 3 0 0 0 0 667 
0 22 73 0 0 125 259 5 
0 23 18 132 2388 0 0 0 
770 0 0 2 0 0 942 2 
0 0 80 856 3 0 1 2 
0 0 418 0 6 1 0 0 
0 203 0 0 429 0 122 0 
0 0 0 0 0 473 1187 0 
0 0 0 0 0 955 0 0 
13 0 0 20 0 0 704 91 
0 20 7 0 0 713 0 0 
0 0 0 0 513 0 171 0 
0 0 0 0 0 0 0 1385 
0 0 669 78 14 0 0 350 
1 82 0 0 758 0 0 160 
79 1 4 1664 204 0 10 0 
58 1 0 15 32 64 30 1 
55 0 620 0 0 0 388 1 
0 0 0 0 0 0 723 0 
0 0 0 0 0 540 0 0 
0 0 0 0 0 0 0 334 
