0 0 1 0 80 2285 0 630 
0 1 27 0 0 422 1689 745 
164 7 0 0 0 0 1217 17 
0 0 0 0 0 1004 0 0 
8 403 16 0 3 0 3 0 
0 0 0 0 0 0 0 720 
0 347 0 0 0 11 0 1 
0 0 0 0 0 0 506 0 
0 11 0 0 1228 1108 0 21 
0 1 2 1 0 2045 0 1 
0 0 0 3 0 1300 0 1 
0 0 0 0 0 1093 0 0 
0 0 0 0 0 0 107 268 
18 0 85 56 329 0 0 358 
9 0 7 0 1 0 4 649 
0 2 0 0 0 162 293 26 
0 12 41 140 2339 3 0 0 
741 0 6 0 0 0 960 3 
0 0 130 790 0 0 1 5 
0 0 438 0 0 0 0 0 
0 142 0 39 13 0 535 53 
0 7 0 7 4 636 1036 0 
0 0 0 0 0 1503 1 0 
2 1 156 220 6 146 309 0 
0 16 2 0 0 653 106 0 
0 0 0 2 423 0 113 221 
0 0 0 0 0 0 0 1387 
3 1 618 59 0 0 10 438 
0 77 1 0 563 0 0 357 
91 0 0 1510 387 0 0 0 
2 0 0 5 171 0 0 11 
1 0 0 0 0 0 1052 9 
