0 202 8 0 1155 1210 422 0 
0 0 0 0 0 1847 10 324 
1367 0 0 0 0 0 9 7 
343 16 200 46 10 0 433 26 
0 499 0 0 0 0 0 0 
721 0 0 0 0 0 0 1 
0 323 18 1 0 0 9 8 
0 1 0 0 0 521 24 0 
0 2143 0 0 172 0 5 10 
1660 0 81 194 0 0 93 0 
721 9 224 0 260 90 0 0 
85 1 3 0 0 874 129 2 
0 0 0 0 0 375 0 0 
258 0 0 0 173 415 0 0 
0 0 0 2 1 57 0 611 
0 0 0 0 0 483 0 0 
0 58 445 883 1172 1 0 0 
0 0 0 0 424 1251 44 0 
0 0 943 0 0 0 0 0 
0 0 342 0 19 75 0 2 
0 635 1 13 0 0 105 0 
1366 0 0 0 0 0 311 0 
0 0 0 0 0 877 78 0 
0 0 14 0 283 0 3 528 
0 309 1 7 369 1 0 53 
145 0 293 0 0 307 4 9 
146 0 0 0 0 0 122 1115 
0 0 29 1082 0 0 0 0 
287 4 0 1 0 0 0 710 
8 2 55 1754 50 0 0 95 
0 0 0 0 201 0 0 0 
0 0 0 0 0 1049 0 0 
5 0 0 12 0 0 548 155 
0 0 0 1 39 436 38 3 
