0 0 1 0 43 2404 0 559 
0 0 11 0 3 576 1929 368 
210 0 0 0 0 0 1158 38 
0 0 1 0 0 973 0 0 
0 276 0 0 85 78 22 0 
0 0 0 0 0 0 0 711 
0 333 0 11 15 0 0 0 
0 1 6 98 2 55 1500 0 
0 76 0 0 1005 1256 31 0 
6 0 2 0 0 2054 0 0 
0 0 0 0 0 1304 0 0 
0 0 0 0 0 1096 0 0 
0 0 0 0 0 0 110 265 
5 32 427 1 201 0 125 55 
0 1 0 0 0 0 6 662 
0 0 0 44 263 59 0 20 
0 18 25 144 2348 0 0 0 
635 0 0 0 0 0 1073 0 
0 0 89 687 0 232 0 0 
0 0 379 14 7 0 0 38 
0 16 0 318 276 22 122 0 
0 7 1 0 3 586 1100 0 
0 0 0 0 0 1500 0 0 
213 147 176 262 39 0 0 3 
0 32 0 0 1 559 121 0 
0 0 0 0 495 0 125 148 
0 0 0 0 0 0 0 1394 
0 1 520 68 0 35 13 475 
18 1 0 8 632 7 0 332 
92 0 0 1577 319 0 0 0 
0 148 0 0 0 0 2 34 
