0 0 0 0 93 2263 0 640 
8 0 0 0 0 285 1222 668 
182 0 5 0 0 0 1181 29 
0 0 0 0 0 1046 0 0 
5 410 0 5 0 4 36 0 
0 0 0 0 0 0 0 718 
0 359 0 0 0 0 0 0 
1 12 0 0 4 0 500 0 
0 3 0 0 1052 1312 1 0 
0 0 0 0 8 2014 0 0 
0 0 2 0 0 1302 0 0 
0 0 0 0 0 1096 0 0 
1 0 0 0 0 0 116 258 
2 0 151 0 649 0 0 44 
0 0 22 0 0 1 0 647 
0 40 1 0 159 148 135 0 
0 13 25 167 2330 0 0 0 
757 0 6 0 0 0 940 0 
0 0 123 814 2 0 0 0 
0 0 437 0 1 0 0 0 
54 357 4 0 3 24 313 0 
0 4 0 0 1 567 1102 0 
0 0 0 0 0 1508 0 0 
25 0 44 0 0 103 624 44 
0 21 0 0 0 679 59 0 
0 1 0 0 496 0 117 145 
1 0 0 0 0 0 0 1384 
4 0 528 155 3 0 0 428 
0 0 0 7 645 27 0 319 
104 0 0 1559 322 0 0 3 
0 0 0 2 186 1 0 0 
0 2 109 1 2 34 904 0 
0 0 11 6 0 12 701 0 
