78 246 0 0 1207 1324 204 0 
0 0 0 0 0 2072 349 496 
1370 0 0 0 0 0 9 10 
219 150 80 219 256 6 30 0 
0 479 0 0 190 0 0 0 
708 0 0 0 0 0 0 0 
7 349 1 0 0 0 0 2 
0 0 0 0 0 1640 24 0 
34 1539 241 165 50 126 67 122 
568 525 0 98 9 316 253 295 
97 337 180 78 389 137 21 65 
295 105 54 278 48 261 60 1 
0 0 0 0 0 375 0 0 
314 37 47 0 0 319 0 129 
0 0 0 3 0 21 0 645 
0 0 0 0 0 382 0 0 
17 74 502 676 1266 0 0 0 
0 111 20 2 386 1022 167 0 
0 0 991 0 0 0 0 0 
0 4 216 2 0 0 41 175 
75 378 0 0 1 145 0 155 
1313 0 0 0 0 0 404 0 
0 0 2 0 0 1212 210 0 
0 0 3 3 440 0 0 396 
0 241 0 0 386 0 6 79 
62 7 428 48 37 70 121 0 
118 0 0 0 12 0 174 1084 
0 20 102 2991 2 0 0 0 
221 0 0 0 0 0 0 781 
