0 0 0 0 117 2252 0 639 
0 0 0 0 0 472 2129 285 
184 0 0 0 0 0 1194 48 
0 0 0 0 0 979 0 0 
0 250 33 0 51 124 14 0 
0 0 0 0 0 0 0 709 
0 359 0 0 0 0 0 0 
37 38 0 17 4 0 1528 0 
0 112 0 3 868 1343 0 3 
8 0 0 0 0 2046 0 0 
0 0 0 0 0 1304 0 0 
0 0 0 0 0 1098 0 0 
0 0 0 0 2 0 116 257 
0 0 439 0 270 0 26 111 
0 2 0 0 0 0 0 667 
0 0 0 79 134 0 210 4 
0 20 32 141 2342 0 0 0 
665 3 0 0 0 0 1038 0 
0 0 103 831 2 0 0 7 
0 6 420 0 0 1 0 11 
0 14 0 391 168 20 189 0 
0 0 1 0 0 593 1087 0 
0 0 0 0 0 1502 0 0 
30 0 215 347 9 178 60 1 
0 26 0 0 0 662 90 0 
0 0 0 3 448 0 135 185 
0 0 0 0 0 0 0 1388 
0 2 614 72 0 6 0 417 
0 0 0 0 802 0 0 196 
139 0 3 1590 252 2 0 2 
0 168 0 0 0 6 0 10 
