0 104 1 0 1257 1339 281 15 
0 1 0 0 0 1889 5 284 
1363 0 0 0 0 0 8 8 
24 0 8 4 17 0 1039 3 
0 468 1 0 0 0 0 0 
33 0 114 130 36 29 0 58 
42 312 0 3 1 0 0 1 
0 0 0 1 0 515 27 0 
0 2174 0 0 105 0 0 1 
1762 0 2 226 12 0 42 6 
293 0 353 1 337 118 0 202 
132 0 0 0 45 610 306 0 
0 0 0 0 0 375 0 0 
452 33 0 1 41 311 1 7 
0 2 0 0 6 30 0 633 
0 0 0 0 0 483 0 0 
0 41 315 595 1584 0 0 0 
0 0 0 1 504 1092 121 1 
0 0 943 0 0 0 0 0 
1 2 203 0 1 231 0 0 
0 672 0 0 0 4 94 12 
1416 3 1 0 2 2 215 0 
9 0 0 1 0 924 0 0 
0 0 1 0 260 2 0 566 
0 372 0 4 339 0 0 76 
0 0 259 4 8 300 172 3 
181 0 0 0 0 0 142 1066 
0 0 12 1098 0 0 1 0 
337 2 0 0 2 1 0 657 
0 0 0 1953 35 0 0 0 
0 0 0 0 201 0 0 0 
0 0 0 0 0 1049 0 0 
0 0 2 0 0 0 540 180 
1 1 21 0 0 513 0 2 
334 0 0 0 0 0 0 0 
