2 0 0 0 38 2379 0 554 
0 1 0 0 0 601 927 651 
194 0 0 2 0 0 1157 23 
0 0 0 0 0 1098 0 0 
0 356 1 0 37 67 0 0 
0 0 0 0 0 0 0 462 
1 354 0 3 1 0 0 0 
0 0 0 0 0 1 541 0 
8 61 0 0 1027 1210 0 10 
0 11 0 0 0 2036 1 0 
0 1 0 4 0 1299 0 0 
0 0 0 0 0 1098 0 0 
0 0 0 0 0 0 109 266 
0 1 0 0 283 214 348 0 
0 0 0 0 0 0 1 670 
0 0 191 0 12 22 248 12 
7 38 34 122 2361 0 0 0 
795 0 2 0 0 1 921 0 
0 0 135 807 0 0 0 1 
0 0 424 0 0 0 0 1 
0 322 0 0 358 0 74 0 
0 0 0 0 0 475 1162 0 
0 0 0 0 0 955 0 0 
0 0 0 32 1 19 539 237 
0 14 0 0 1 773 4 0 
0 0 2 0 448 0 234 0 
0 0 0 0 0 0 0 1388 
0 0 557 20 0 2 0 532 
0 17 0 0 687 3 0 291 
138 1 5 1575 242 0 0 0 
4 1 85 51 7 53 0 0 
0 0 755 0 8 30 267 0 
0 0 0 0 0 0 715 9 
0 0 0 0 0 540 0 0 
0 0 0 0 0 0 0 334 
