0 0 0 0 72 2357 8 562 
1 0 0 0 0 336 1243 605 
189 0 0 0 0 0 1178 27 
0 0 0 0 0 1008 0 0 
0 417 0 0 0 0 0 16 
0 0 0 0 0 0 0 720 
0 354 0 3 0 1 0 1 
6 0 24 0 0 1 482 0 
0 0 0 0 878 1490 0 0 
0 14 0 0 11 2034 0 0 
0 0 0 0 0 1304 0 0 
0 0 0 0 0 1096 0 0 
0 1 0 0 0 0 118 256 
55 45 96 0 583 0 0 67 
0 0 0 0 0 0 6 665 
0 1 0 96 0 67 319 0 
0 17 18 148 2379 0 0 0 
653 0 3 0 0 0 1047 0 
0 0 139 783 0 0 4 0 
0 16 414 7 0 1 0 0 
0 359 21 6 0 0 396 0 
0 8 0 1 1 578 1087 0 
0 0 0 0 0 1507 0 0 
0 10 20 61 6 227 516 0 
0 18 0 2 0 651 99 0 
0 0 0 0 476 0 137 144 
0 0 0 0 0 0 0 1391 
2 1 491 55 0 0 0 582 
0 3 4 3 677 0 52 257 
97 0 0 1678 186 0 0 0 
0 3 6 15 157 0 6 2 
1 0 0 0 0 40 999 9 
0 0 0 0 0 14 552 154 
