0 198 0 0 1527 1050 207 0 
0 0 1 0 0 1878 7 283 
1362 0 0 0 0 0 8 9 
12 0 0 4 0 0 1049 0 
0 464 0 0 0 0 0 0 
1 4 314 70 0 0 0 91 
2 339 0 0 18 0 0 0 
0 0 0 0 0 520 25 3 
181 1974 2 16 162 0 0 2 
2035 0 3 21 0 0 1 0 
0 39 0 28 141 833 0 192 
0 28 324 147 273 318 0 5 
0 0 0 0 0 375 0 0 
0 0 0 0 155 316 375 0 
6 0 0 0 0 72 0 600 
0 0 0 0 0 485 0 0 
0 141 386 627 1376 0 0 5 
0 0 1 8 347 1231 129 0 
0 0 926 0 0 0 0 0 
0 0 4 0 172 0 0 249 
0 729 0 1 2 50 0 0 
1378 0 1 0 0 2 280 0 
3 0 0 0 1 1015 0 0 
0 12 0 0 313 0 0 503 
0 290 0 0 392 0 0 58 
12 0 0 0 0 375 262 35 
136 0 0 0 0 1 80 1167 
0 0 0 1110 0 0 0 0 
245 0 0 0 0 0 0 756 
0 8 26 1862 83 9 0 0 
0 0 0 0 201 0 0 0 
0 0 0 0 0 1065 0 0 
0 0 0 0 0 0 581 137 
1 0 0 65 7 417 48 0 
331 3 0 0 0 0 0 0 
