0 136 1 0 1590 922 347 0 
0 0 1 0 0 2125 258 501 
1388 0 0 0 0 0 10 7 
484 6 0 0 401 0 129 0 
0 433 0 0 0 0 0 0 
720 0 1 0 0 0 0 0 
2 354 0 0 0 3 0 0 
0 0 0 0 0 489 19 0 
263 2104 0 0 1 0 0 0 
1130 174 129 1 0 0 599 0 
212 43 707 23 140 151 28 0 
0 1 0 0 100 976 16 0 
0 0 0 0 0 375 0 0 
232 0 0 0 101 513 0 0 
0 0 0 14 0 39 0 617 
0 0 0 0 0 483 0 0 
0 141 267 643 1484 0 0 0 
0 0 0 0 445 1071 194 0 
0 0 926 0 0 0 0 0 
0 16 341 0 47 34 0 0 
0 749 0 0 32 0 1 0 
1339 2 0 1 2 0 344 3 
0 0 0 1 3 1325 174 3 
0 0 0 2 311 0 0 527 
0 300 0 0 398 0 0 74 
1 18 539 0 50 149 1 0 
103 0 0 0 0 0 115 1169 
0 0 47 1081 0 0 0 1 
358 4 0 4 1 0 0 631 
0 0 0 1848 135 3 2 0 
0 0 0 0 189 0 0 0 
0 0 0 0 0 1062 0 0 
