334 365 327 327 325 607 324 626 
346 343 327 370 357 408 371 322 
196 150 119 147 110 152 412 179 
346 361 370 476 378 389 385 375 
76 94 58 92 58 79 80 66 
0 0 0 0 0 0 0 678 
176 207 166 169 166 151 155 148 
207 204 216 209 216 193 244 241 
284 253 288 247 352 324 256 279 
282 255 273 280 263 303 294 300 
87 66 79 72 85 689 84 71 
0 0 0 0 0 1255 0 0 
22 13 16 18 15 15 97 196 
106 114 110 110 133 82 100 105 
92 97 88 98 84 93 96 154 
55 43 59 52 41 43 46 39 
240 246 241 217 907 272 230 231 
281 163 190 184 189 150 306 220 
79 68 81 80 71 76 77 717 
83 92 108 299 131 223 60 86 
61 62 101 59 76 56 63 100 
101 82 83 84 108 95 95 107 
0 0 0 0 0 131 0 0 
208 180 185 200 197 328 316 220 
3 1 1 13 1 1666 3 5 
102 103 97 121 127 100 103 90 
53 70 67 64 50 232 97 59 
70 83 65 75 131 69 89 78 
