0 0 1 16 59 2326 0 591 
0 0 0 0 0 691 1695 496 
164 0 0 0 0 0 1213 29 
0 0 0 0 1 983 0 1 
15 414 1 4 31 0 0 0 
0 0 0 0 0 0 0 712 
0 356 0 0 1 2 0 0 
2 0 178 0 0 0 1391 0 
1 5 0 2 915 1413 0 0 
12 5 0 2 0 2036 0 0 
0 0 0 0 1 1303 0 0 
0 0 0 0 0 1096 0 0 
0 0 0 0 0 0 108 267 
14 3 120 0 533 0 9 167 
3 0 2 0 4 0 8 653 
0 16 1 0 0 151 315 0 
0 26 27 131 2346 5 0 0 
690 5 1 0 1 0 1005 7 
0 0 122 804 0 0 0 0 
0 0 410 0 0 0 6 22 
0 99 27 130 16 0 510 0 
0 2 0 0 2 520 1170 0 
0 0 0 0 0 1514 0 0 
0 0 314 198 0 135 191 0 
0 25 0 0 1 647 104 0 
0 0 0 0 586 0 106 76 
0 0 0 0 0 0 0 1388 
0 1 469 59 23 0 2 574 
0 25 0 0 798 0 0 175 
97 0 3 1548 332 0 8 0 
1 0 1 43 137 5 2 0 
