5 102 0 0 1287 1172 410 0 
0 0 0 0 0 1845 11 324 
1362 0 0 0 0 0 7 8 
0 0 0 0 0 19 1091 0 
0 461 0 0 0 0 0 0 
0 2 0 200 87 0 0 173 
0 350 8 1 0 0 0 0 
0 1 0 0 0 520 23 0 
0 1943 65 0 254 29 7 21 
1776 142 0 116 4 0 0 1 
312 2 65 5 0 404 46 476 
46 0 71 97 0 868 16 1 
0 0 0 0 0 375 0 0 
78 0 0 17 0 718 33 0 
0 0 0 1 0 30 2 638 
0 0 0 0 0 483 0 0 
39 101 317 727 1351 0 0 0 
0 15 0 0 566 1081 56 0 
0 0 943 0 0 0 0 0 
0 5 281 0 0 138 0 1 
0 654 0 2 0 0 98 0 
1439 0 0 0 0 1 184 0 
0 0 0 1 0 960 0 0 
0 0 0 0 332 0 3 493 
0 325 0 0 387 0 0 77 
0 0 39 0 1 1 643 0 
132 0 0 0 0 0 124 1128 
0 4 24 1083 0 0 0 0 
224 1 0 0 0 0 0 777 
45 0 110 1727 102 0 0 4 
0 0 0 0 201 0 0 0 
0 1 0 0 0 1061 0 0 
0 0 0 0 0 0 521 201 
0 0 0 0 0 524 10 0 
331 0 0 0 0 1 0 2 
