0 1 3 1 100 2338 19 514 
1 117 0 0 0 493 1258 313 
207 0 0 1 0 0 1154 16 
0 0 0 0 0 1098 0 0 
14 398 0 8 25 24 31 0 
0 0 0 0 0 0 0 462 
1 344 13 0 0 0 0 1 
0 0 0 0 0 2 543 1 
0 8 0 0 1126 1195 0 0 
0 0 2 0 7 2031 0 0 
0 0 0 0 0 1303 0 1 
0 0 0 0 0 1101 0 0 
0 0 0 0 0 0 120 255 
0 12 7 0 493 309 25 0 
0 1 0 4 1 0 10 660 
0 0 51 0 0 2 432 0 
0 42 21 128 2344 0 0 0 
661 0 0 0 0 0 1057 0 
0 0 139 787 0 0 0 0 
14 0 411 0 0 0 0 0 
266 125 1 0 318 0 0 44 
0 0 0 0 0 388 1249 0 
0 0 0 0 0 974 0 0 
110 0 0 0 3 0 168 547 
0 29 0 0 0 710 0 0 
0 0 1 0 505 0 178 0 
0 0 0 0 1 0 0 1381 
6 2 453 72 0 1 3 591 
0 0 0 0 784 5 0 213 
90 1 0 1546 348 0 3 0 
21 28 17 0 132 0 0 3 
0 0 340 0 0 0 715 0 
2 2 0 2 0 13 701 0 
0 0 0 0 0 523 0 0 
0 0 0 0 0 0 0 334 
