0 186 0 0 1580 944 290 0 
0 0 2 0 0 1828 5 347 
1358 0 0 0 0 0 9 2 
0 0 2 1 0 2 1067 0 
0 433 0 0 0 0 0 0 
106 0 60 83 0 8 0 205 
0 337 0 12 0 10 0 0 
0 0 0 1 0 523 20 1 
0 2100 26 0 147 91 0 4 
1876 75 0 58 0 34 12 0 
495 0 0 154 0 323 32 300 
265 0 14 23 2 684 103 0 
0 0 0 0 0 375 0 0 
202 0 0 0 0 597 47 0 
0 1 0 0 0 29 1 640 
0 0 0 0 0 483 0 0 
1 69 369 595 1465 0 0 36 
0 0 0 1 501 1128 88 0 
0 0 926 0 0 0 0 0 
0 0 213 8 0 150 0 54 
0 620 0 0 0 43 104 15 
1319 0 0 0 0 0 343 0 
0 0 0 0 0 934 0 0 
0 0 1 0 372 0 0 456 
0 209 11 0 381 0 0 138 
0 0 120 0 0 90 471 3 
169 0 1 0 0 0 167 1054 
0 0 52 1076 0 0 0 0 
234 0 0 0 0 1 0 765 
0 0 29 1905 50 4 0 0 
0 0 0 0 201 0 0 0 
0 0 0 0 0 1062 0 0 
0 0 0 0 0 0 527 192 
7 1 0 1 1 528 0 0 
331 0 2 0 1 0 0 0 
