0 0 42 0 81 2261 0 590 
0 0 4 0 9 461 1327 380 
164 0 1 0 0 2 1195 11 
0 0 0 0 0 1069 0 0 
0 354 0 1 71 42 0 0 
0 0 0 0 0 0 0 480 
0 351 6 0 1 0 1 0 
1 1 0 3 0 5 537 0 
0 15 0 0 1190 1077 0 0 
0 0 0 0 0 2058 0 0 
0 1 0 0 0 1232 0 0 
0 0 0 0 1 1094 0 0 
1 0 0 0 0 0 119 255 
0 26 2 0 420 397 0 1 
0 0 3 0 2 0 0 672 
6 0 132 0 0 0 245 102 
0 14 32 170 2319 0 0 0 
699 0 0 0 6 0 1011 0 
1 0 100 825 0 0 0 0 
0 8 414 0 0 3 0 0 
246 46 65 1 281 33 0 110 
0 0 0 0 0 478 1182 0 
0 0 0 0 1 1031 0 0 
55 10 19 0 0 0 347 398 
0 23 0 5 1 762 0 0 
1 0 0 0 553 1 129 0 
0 0 0 0 0 0 0 1389 
0 2 324 127 0 0 0 657 
0 0 23 0 638 0 2 339 
111 0 0 1569 301 0 0 7 
0 9 189 0 0 0 0 3 
0 6 193 0 18 21 749 67 
0 0 1 0 0 0 711 6 
0 0 0 0 0 532 0 0 
0 0 0 0 0 0 0 334 
