0 0 0 0 73 2359 0 577 
0 0 3 0 0 435 2267 182 
198 0 0 0 0 2 1201 26 
0 1 0 0 0 1000 0 0 
0 308 0 0 80 103 0 9 
0 0 0 0 0 0 0 711 
0 348 4 4 1 0 0 2 
39 93 0 1 0 0 1486 2 
0 37 0 0 1061 1231 0 0 
0 0 0 0 3 2024 0 0 
0 0 0 0 0 1301 3 0 
0 0 0 0 0 1102 0 0 
0 0 0 0 0 0 113 262 
18 0 529 0 221 1 77 0 
18 0 1 0 1 0 0 649 
0 0 0 39 204 0 184 0 
0 15 27 176 2317 0 0 0 
696 0 1 0 0 0 1010 0 
0 0 103 822 0 0 1 0 
0 0 430 0 0 7 0 1 
0 0 2 321 289 8 134 0 
0 0 0 0 0 446 1236 0 
0 0 0 0 0 1501 0 0 
67 1 178 304 0 242 47 1 
0 23 0 0 0 635 120 0 
0 0 0 1 444 0 176 148 
0 0 0 0 0 0 0 1388 
1 0 590 79 19 1 2 436 
8 1 0 1 701 0 0 287 
91 0 0 1668 225 0 0 4 
16 87 14 0 0 12 0 55 
