8 160 0 3 1594 865 342 0 
0 0 0 0 0 1846 4 331 
1362 0 0 0 0 0 8 9 
61 0 1 2 0 2 1003 0 
0 460 1 0 0 0 0 0 
0 30 111 54 0 10 10 247 
0 349 9 0 1 0 0 0 
0 0 0 0 0 519 28 0 
87 2034 30 14 195 0 0 8 
1989 15 0 52 0 0 0 0 
0 5 0 184 157 870 0 88 
0 31 233 233 323 276 0 0 
0 0 0 0 0 375 0 0 
0 0 0 7 207 232 400 0 
0 0 1 0 0 75 0 599 
0 0 0 0 0 485 0 0 
4 159 358 746 1259 5 4 0 
0 0 14 0 420 1184 96 0 
0 0 940 5 1 0 0 0 
1 8 20 0 263 0 0 133 
1 621 0 0 0 130 0 2 
1436 1 0 0 0 0 225 0 
0 0 0 0 1 953 2 0 
0 0 0 0 268 0 0 560 
0 281 2 0 357 0 1 99 
37 0 0 0 0 207 406 34 
132 0 1 9 0 0 161 1081 
0 0 12 1094 0 0 2 0 
242 0 0 0 0 0 0 759 
0 39 28 1867 49 0 5 0 
0 0 0 0 201 0 0 0 
0 0 0 0 0 1058 0 0 
0 0 0 1 2 0 528 188 
0 0 2 3 0 533 0 0 
333 1 0 0 0 0 0 0 
