5173 0 0 38 147 867 3511 0 0 0 
7712 32 0 0 0 0 0 0 0 0 
57 0 0 0 0 0 3290 0 0 5 
42 3063 108 22 0 2083 59 13 0 0 
0 0 0 0 0 3840 15 1 0 0 
0 0 0 0 0 0 2911 0 0 0 
0 917 0 832 130 82 0 0 1 2 
4158 0 439 393 40 9 0 0 0 0 
247 0 0 0 1 0 0 1 2504 953 
396 277 0 0 2 0 0 0 0 0 
3 0 0 0 0 8 31 114 317 1979 
2509 0 0 0 0 0 0 0 0 0 
4991 0 0 0 0 0 0 0 0 2 
0 0 0 315 390 0 0 1 0 1 
1 0 0 0 0 0 2864 0 0 0 
1677 0 34 0 27 0 3084 0 0 0 
0 0 0 0 7 2195 0 0 0 0 
0 0 0 1433 0 0 0 16 0 0 
0 0 0 11 18 917 0 0 0 0 
0 0 602 0 5 221 19 0 1 1 
0 0 0 0 0 0 0 0 236 0 
1175 0 0 0 0 0 0 0 0 0 
0 0 0 0 309 123 0 0 0 0 
0 0 0 0 0 445 8 0 0 0 
0 0 0 0 27 0 0 0 858 0 
1 0 0 61 30 902 225 0 0 1 
0 0 0 0 0 0 0 0 263 0 
1976 1 0 1 0 0 0 9 0 0 
0 0 0 0 373 0 0 0 0 0 
908 0 0 0 0 0 0 0 0 1 
0 1 0 0 4 0 353 0 0 1 
0 0 0 0 76 81 0 0 0 0 
0 0 0 6 0 237 0 0 0 0 
1950 0 0 0 0 0 0 0 0 0 
0 0 1 2 21 3161 1 0 0 0 
4 3 32 0 0 1 0 0 295 2 
0 0 0 366 5649 984 0 0 0 1 
0 0 0 0 0 0 312 0 0 1 
0 0 0 401 25 0 0 0 0 0 
24 0 30 1 0 141 0 0 0 0 
0 0 13 3 0 180 90 35 11 0 
0 0 0 0 0 1 0 197 0 3 
0 0 5 2 4 228 488 1 0 3 
0 0 0 0 0 97 17 0 0 0 
0 571 0 0 0 0 0 0 0 0 
0 0 0 0 1 0 353 4 0 0 
0 0 0 0 0 0 287 0 0 0 
0 107 1 7 3 145 0 0 0 1 
0 0 0 1 175 1367 6 0 411 0 
96 162 0 0 116 0 0 0 0 0 
0 0 0 193 0 0 0 0 0 0 
0 0 0 0 0 0 0 157 3 0 
948 0 0 0 0 0 1 0 2 0 
0 0 0 0 0 0 0 0 0 433 
0 1 314 0 0 0 0 0 1 0 
0 0 0 0 0 0 2 551 0 0 
466 0 0 0 9 0 0 0 0 0 
