9728 217 1 21 0 11 5 10 0 0 
389 0 0 0 4288 3118 19 0 0 0 
0 0 0 1 0 0 2782 587 0 0 
0 5384 0 0 0 0 0 0 0 0 
3941 0 0 0 2 0 0 0 0 0 
19 0 0 0 1 5 1538 269 1549 0 
0 79 1 18 413 1475 1 0 0 0 
5032 0 0 0 4 0 0 0 0 0 
3635 0 0 0 0 1 23 0 0 71 
0 0 0 0 660 0 0 0 0 0 
0 0 0 0 0 0 2457 0 0 0 
2682 0 0 0 0 0 0 0 0 0 
302 0 0 0 0 4278 932 0 0 0 
47 1 0 17 628 3 0 1 0 0 
2862 0 0 0 0 0 0 0 0 0 
4884 0 0 0 0 0 0 0 0 0 
20 0 0 0 0 2179 0 0 0 3 
1249 14 0 169 0 0 1 0 0 8 
0 936 0 0 1 0 0 0 0 0 
0 0 0 0 3 392 455 0 1 0 
0 0 0 0 0 0 236 0 0 0 
5 0 0 0 0 1165 0 0 0 0 
0 0 0 423 4 0 0 0 0 0 
4 26 0 0 0 0 420 0 0 2 
0 0 49 1 0 0 1 0 0 832 
0 0 1 0 0 675 532 0 0 0 
0 0 0 1 1 0 0 0 261 0 
287 0 1649 2 46 0 0 0 0 0 
337 0 20 0 16 0 0 0 0 0 
0 0 0 0 0 0 889 0 0 0 
339 0 2 0 0 0 0 0 0 1 
0 157 0 0 0 0 0 0 0 0 
0 0 240 0 0 0 0 0 0 1 
1526 0 0 1 0 336 0 29 0 0 
939 0 711 2 0 1338 112 0 0 72 
0 0 0 0 0 0 0 0 337 0 
1 0 0 6247 763 0 0 0 3 0 
0 0 0 0 0 20 289 0 0 0 
0 0 0 25 405 0 0 0 0 0 
0 0 0 0 0 0 0 0 191 0 
1 310 0 1 0 19 0 0 0 0 
3 0 1 8 101 0 0 0 1 89 
0 0 0 0 8 400 309 0 0 0 
0 0 0 0 113 0 0 0 0 1 
8 301 0 0 0 244 2 0 0 0 
1 0 0 0 0 353 0 0 1 0 
0 0 7 0 3 0 192 0 37 46 
6 255 0 0 0 2 0 1 0 0 
72 5 5 1896 0 0 0 0 0 0 
0 54 1 0 0 1 242 0 0 65 
0 0 0 161 0 0 0 0 0 36 
0 0 0 0 0 158 0 0 0 4 
648 0 0 0 1 13 69 0 5 60 
0 0 0 0 0 0 1 1 0 423 
