6137 0 0 62 118 1089 3394 9 0 2 
8483 14 0 0 0 21 0 46 1 0 
99 0 141 92 0 190 2917 0 0 0 
41 3106 71 0 41 2096 74 0 0 0 
0 0 0 0 1 3751 7 182 0 0 
0 0 0 0 1 0 3354 84 0 0 
0 747 1 870 129 217 1 0 0 5 
3244 0 1152 253 128 25 133 6 76 26 
380 2 0 12 0 0 0 0 2068 1645 
374 301 0 0 0 0 0 0 1 0 
14 18 4 48 0 2 29 154 206 2020 
2789 0 0 0 0 0 0 0 0 0 
5907 0 0 0 0 0 1 0 3 0 
0 0 1 236 686 1391 0 1 359 0 
0 0 0 0 0 2 2814 0 0 0 
1738 0 0 2 0 4 3387 0 1 0 
0 0 0 0 5 2210 0 0 0 0 
0 0 0 1411 2 0 0 0 7 0 
0 0 0 13 3 892 0 0 0 0 
11 0 410 0 4 373 14 45 0 0 
0 1 0 0 0 0 0 0 235 0 
1192 0 0 0 0 0 0 0 0 0 
0 0 0 0 309 129 0 0 0 0 
0 1 0 0 0 420 13 0 0 3 
0 361 0 25 0 39 0 0 462 0 
0 0 0 100 3 443 642 0 0 0 
0 0 0 0 1 0 0 0 262 0 
1200 0 719 13 2 0 1 0 0 1 
0 0 0 0 332 0 0 0 0 0 
782 0 0 0 0 0 0 1 0 0 
0 0 0 0 20 0 263 3 0 0 
1 0 0 0 57 76 1 0 1 0 
0 0 0 0 1 239 0 0 0 0 
1712 0 0 0 0 0 0 0 0 0 
0 0 47 12 3 3071 4 0 0 0 
1 0 9 0 1 0 0 0 326 0 
2 0 2 503 5756 970 0 0 0 0 
0 0 0 0 0 0 238 0 0 0 
0 0 0 382 50 0 0 0 0 0 
0 6 0 0 15 0 3 24 142 0 
0 1 0 1 0 0 183 0 60 0 
192 0 1 0 0 0 0 0 4 3 
0 0 0 0 0 167 526 3 0 14 
97 0 0 1 0 3 0 0 0 8 
0 537 0 0 5 0 0 0 0 0 
40 61 11 1 0 16 161 0 0 1 
0 0 0 0 0 0 173 0 0 0 
