5570 3 0 71 119 877 3558 0 0 0 
7751 43 0 3 1 0 0 0 3 0 
307 47 0 0 4 0 2987 0 0 53 
2 3229 45 0 0 2053 39 0 0 14 
0 0 0 0 0 3692 13 219 1 0 
0 0 0 0 0 0 3321 49 0 0 
0 797 0 879 139 136 0 0 0 0 
3612 0 1062 352 66 17 2 13 0 0 
263 0 3 0 0 0 0 0 2153 1403 
434 251 0 0 0 0 4 0 0 0 
1 0 3 0 0 0 41 130 242 2032 
2865 0 0 0 0 0 0 0 0 0 
5542 0 0 0 0 2 0 2 0 0 
0 0 0 284 401 0 0 0 0 0 
0 0 0 0 0 0 2844 0 0 0 
1959 0 0 0 1 2 2971 5 0 0 
0 0 2 0 5 2207 0 0 0 0 
3 0 0 1439 0 0 0 0 0 0 
1 0 9 4 19 909 0 1 0 0 
0 0 588 10 0 203 24 25 0 0 
0 0 0 0 0 0 0 0 236 0 
1169 0 0 0 0 0 0 0 0 0 
0 0 0 0 319 111 0 0 0 0 
0 0 0 2 1 424 20 0 0 0 
0 0 37 30 1 0 0 0 814 0 
0 1 0 70 13 882 247 4 0 0 
0 0 1 0 0 0 0 0 262 0 
1288 0 713 0 2 0 0 0 0 0 
0 0 0 0 374 0 0 0 0 0 
857 0 0 0 0 0 0 0 0 0 
2 0 11 0 0 0 321 0 6 1 
0 0 0 0 67 90 0 0 0 0 
0 0 0 0 0 238 1 0 0 0 
1909 0 0 0 1 0 0 0 0 2 
0 0 45 2 3 3107 1 0 0 0 
0 0 0 43 0 0 0 0 270 25 
0 0 0 352 5665 1051 0 0 0 0 
0 0 0 0 0 0 308 0 0 0 
0 0 0 404 30 0 0 0 0 0 
0 0 0 0 0 190 0 0 0 0 
8 0 0 0 0 0 189 0 134 0 
0 0 33 19 10 2 0 91 0 47 
0 0 0 0 0 188 537 0 0 0 
1 0 2 0 0 111 0 0 0 0 
0 548 0 0 0 1 1 0 0 0 
0 0 0 1 0 1 321 0 30 3 
0 0 0 0 0 0 281 0 0 0 
0 0 0 148 0 102 0 0 13 0 
0 0 1 22 113 1519 0 0 347 0 
210 0 0 0 19 0 0 0 39 72 
5 1 5 173 0 0 1 0 0 1 
0 2 0 1 0 1 1 155 0 2 
569 0 0 0 0 0 0 0 0 0 
