5868 0 0 73 104 1141 3787 0 2 0 
8496 26 3 1 0 8 0 38 1 0 
148 0 48 137 20 368 2599 2 25 105 
5 3211 43 0 29 2123 26 2 9 3 
0 0 1 0 6 3716 4 197 0 0 
0 0 0 0 0 0 3340 67 0 0 
0 738 0 824 135 224 1 0 0 0 
3124 20 975 485 104 56 36 59 149 0 
327 0 1 0 2 0 2 0 2248 1539 
388 289 0 0 0 0 0 0 0 0 
12 0 1 9 1 0 29 99 334 2003 
2800 0 0 0 0 0 0 0 0 0 
5929 0 0 1 0 0 0 0 6 0 
0 0 0 190 803 1279 0 0 413 0 
3 0 0 0 0 0 2779 0 0 0 
1312 0 0 0 9 14 3814 0 1 15 
0 0 0 0 4 2187 1 0 0 0 
1 0 0 1409 0 0 0 0 2 0 
0 1 0 32 18 864 0 0 0 2 
23 1 361 0 0 417 26 33 0 0 
0 0 0 0 0 0 0 0 236 0 
1199 0 0 0 0 0 0 0 0 0 
0 0 0 0 317 116 0 0 0 0 
0 0 0 0 0 421 15 0 2 0 
0 267 0 83 0 52 0 9 473 2 
2 0 0 86 13 427 675 2 2 0 
0 1 0 0 0 0 0 0 252 0 
1284 1 647 2 1 0 0 0 0 0 
0 0 0 0 322 0 0 0 0 0 
772 0 0 0 0 0 0 0 0 0 
0 0 0 2 6 10 267 0 0 0 
1 0 0 0 67 68 0 0 0 1 
0 0 1 0 0 237 0 0 0 3 
1611 0 0 0 0 0 0 0 0 1 
0 0 54 22 5 3069 2 0 0 0 
0 0 0 16 2 1 0 0 317 1 
3 0 0 475 5811 981 0 1 0 0 
8 0 0 0 0 1 222 0 4 1 
0 0 0 380 39 0 0 0 0 0 
0 1 0 0 5 2 0 6 162 23 
27 1 0 0 0 42 169 0 1 0 
187 0 0 4 0 1 0 0 0 0 
3 0 1 11 0 162 550 0 0 0 
96 0 9 0 0 0 0 4 0 0 
0 536 0 0 0 0 0 0 0 0 
144 0 0 1 0 17 85 0 0 1 
0 0 0 0 0 0 172 0 0 0 
