9630 251 3 29 0 4 0 14 0 278 
409 0 0 0 4078 3291 14 4 11 3 
0 0 0 0 0 0 2920 477 0 0 
0 5373 0 0 0 1 0 1 1 0 
3912 0 0 0 0 0 1 0 0 3 
23 0 41 0 0 0 1306 365 1634 0 
0 56 0 23 328 1537 0 0 0 0 
5131 0 0 0 12 0 0 0 0 0 
3217 0 0 0 0 1 40 0 0 566 
0 0 0 0 682 0 0 0 0 0 
0 0 0 0 0 0 2455 0 0 0 
2868 0 0 0 0 0 0 0 0 1 
215 0 0 0 1 4228 1098 0 1 0 
12 11 2 41 613 3 0 0 0 0 
2817 0 0 0 0 32 0 0 0 3 
4915 0 0 0 0 0 0 0 0 0 
15 0 0 0 0 2196 0 0 0 0 
1230 0 0 195 13 0 0 1 0 0 
1 941 1 0 1 0 0 0 0 0 
0 0 0 0 0 407 444 0 0 0 
0 0 0 0 0 0 236 0 0 0 
8 0 0 0 0 1159 0 0 0 0 
0 0 0 429 4 0 0 0 0 0 
2 7 0 0 0 0 437 0 0 0 
0 158 0 12 0 0 0 40 0 673 
0 0 0 0 0 668 546 0 0 0 
0 0 0 0 0 0 1 0 262 0 
219 0 1772 2 10 0 3 0 0 0 
343 0 0 1 18 0 0 0 12 0 
0 0 0 0 0 0 854 0 0 0 
339 0 0 0 0 0 0 0 0 0 
0 157 0 0 0 0 0 0 0 0 
9 1 229 0 0 0 0 0 0 0 
1680 0 0 0 0 116 0 0 107 0 
1064 9 871 1 0 963 209 43 0 0 
0 0 1 0 0 0 0 0 337 0 
0 0 0 6282 776 2 0 0 2 0 
0 0 0 0 0 26 281 0 0 0 
0 0 0 47 388 0 0 0 0 0 
0 0 0 0 0 0 0 0 190 0 
0 235 0 0 0 0 0 87 7 0 
0 0 4 45 0 52 101 0 0 0 
1 0 0 0 8 398 323 0 0 0 
0 0 0 0 114 0 0 0 0 0 
1 270 0 0 0 284 0 0 0 0 
0 1 0 0 10 187 0 160 0 0 
0 0 1 38 8 0 231 3 1 0 
0 237 6 0 0 0 18 3 0 0 
116 11 0 1823 0 17 0 19 25 0 
0 10 0 1 0 0 114 0 3 212 
0 0 0 131 0 0 0 1 0 55 
1 0 0 1 0 160 0 0 0 0 
0 0 4 0 249 300 7 8 0 1 
