5690 1 0 114 84 1050 3730 1 0 0 
8481 50 0 0 0 0 0 17 0 0 
158 0 145 176 0 38 2901 2 26 0 
6 3121 32 0 0 2264 24 0 0 0 
0 0 0 0 0 3741 6 181 0 0 
0 0 0 0 0 0 3352 52 0 0 
0 843 0 753 142 240 0 0 0 0 
3550 0 1115 224 54 95 19 0 5 0 
280 0 1 0 0 0 0 0 1814 1785 
408 282 0 0 0 0 0 0 0 0 
17 0 0 1 1 0 4 49 212 2209 
2852 0 0 0 1 0 0 0 0 0 
5856 0 0 0 1 0 0 26 0 0 
0 0 0 39 253 188 0 0 52 0 
0 0 0 0 0 0 2825 0 0 0 
1530 1 0 0 23 0 3536 0 0 0 
0 0 0 0 6 2190 0 0 0 0 
0 0 0 1426 0 1 0 0 0 0 
0 0 0 22 19 848 0 0 0 0 
1 0 404 0 53 325 23 0 44 0 
0 0 0 0 0 0 0 1 235 0 
1169 0 0 1 0 0 0 0 0 0 
0 0 0 0 334 102 0 1 0 0 
0 0 2 0 0 432 5 0 0 0 
1 147 0 5 10 0 0 0 711 12 
0 0 0 63 39 672 387 0 0 0 
0 0 1 0 0 0 0 0 262 0 
1270 0 682 0 0 0 0 0 0 0 
0 0 0 0 341 0 0 0 0 0 
785 0 0 0 0 0 0 3 0 0 
0 0 0 4 0 0 273 0 0 9 
0 0 0 0 67 69 0 0 0 0 
0 0 0 5 0 237 0 0 0 0 
1752 1 0 0 3 0 0 0 5 0 
1 0 45 1 7 3088 4 0 0 0 
111 0 0 0 0 0 0 0 226 0 
0 0 0 491 5721 1012 0 0 0 0 
0 0 0 0 2 0 288 0 0 0 
0 0 0 383 45 0 0 0 0 0 
0 0 6 0 157 0 17 10 0 0 
0 0 0 0 9 16 40 0 222 6 
202 0 0 1 0 1 1 0 0 0 
0 2 0 13 0 158 543 0 0 0 
53 0 3 4 0 53 0 0 1 0 
0 539 0 0 0 0 1 0 0 0 
0 0 0 0 0 0 329 0 0 0 
0 0 0 0 0 1 172 0 0 0 
5 0 0 0 0 17 0 0 179 14 
0 3 0 216 381 1251 0 0 297 3 
