9706 225 0 10 1 14 0 18 0 0 
363 1 0 0 4174 3288 4 0 0 0 
0 0 0 0 0 0 2785 579 0 0 
0 5392 0 0 0 0 0 1 0 0 
3940 0 0 0 0 0 0 0 2 0 
8 0 0 1 0 0 1359 464 1542 3 
0 51 2 16 402 1508 0 0 0 1 
5014 0 0 0 2 0 3 0 0 0 
3485 0 0 0 0 18 34 2 0 217 
0 0 0 0 666 0 0 0 0 0 
0 0 0 0 0 0 2462 0 0 0 
2814 0 0 0 0 2 0 0 0 0 
208 0 0 0 0 4311 982 0 0 17 
8 0 2 33 642 5 0 0 0 2 
2836 5 0 1 0 0 9 7 0 0 
4881 0 0 0 0 0 0 0 0 0 
47 0 5 0 0 2155 0 0 0 0 
1283 0 0 156 1 0 0 0 0 0 
0 923 0 0 4 0 0 0 0 0 
0 0 0 0 0 364 486 0 0 0 
0 0 0 0 0 0 236 0 0 0 
9 1 0 0 0 1165 0 0 0 0 
0 0 0 428 4 0 0 0 0 0 
4 8 0 0 0 0 434 1 0 0 
0 0 0 6 0 6 0 0 0 871 
1 0 0 0 0 673 539 0 0 0 
0 0 0 0 0 0 0 0 263 0 
302 0 1585 13 90 2 1 0 0 0 
354 0 0 0 12 3 0 1 0 3 
1 0 0 0 0 0 872 0 0 0 
342 0 0 0 0 0 0 1 0 0 
0 157 0 0 0 0 0 0 0 0 
0 0 239 0 0 0 0 0 2 0 
1515 0 0 0 7 374 0 0 0 12 
707 0 752 0 0 1607 53 0 1 46 
0 0 0 0 0 0 0 0 337 0 
0 0 0 6238 773 0 0 0 0 0 
0 0 0 0 0 19 288 0 0 0 
0 1 0 32 399 0 0 0 0 0 
0 0 0 0 0 0 0 0 191 0 
32 297 1 0 0 0 0 0 0 1 
0 35 12 0 96 0 0 0 8 51 
0 0 0 0 12 418 298 0 0 0 
0 0 0 0 114 0 0 0 0 0 
5 278 0 0 0 267 1 0 0 0 
0 0 16 0 41 287 1 6 3 3 
0 0 1 2 0 0 270 0 0 12 
0 178 0 0 14 29 0 1 42 0 
150 11 0 1817 0 7 0 0 4 0 
0 15 55 0 3 4 239 4 0 43 
0 0 0 137 0 0 0 0 0 61 
0 0 0 0 0 162 0 0 0 0 
287 0 0 0 247 0 103 0 30 1 
0 0 1 0 0 0 0 1 0 393 
