9187 427 140 236 214 303 197 206 205 496 
511 77 70 12 3514 3826 390 34 61 59 
0 15 0 9 19 1324 2462 314 0 0 
0 5412 0 0 0 0 0 0 0 0 
3778 0 0 0 1 0 2 0 0 132 
178 73 22 69 91 57 1250 312 1233 39 
0 391 0 8 195 1839 0 0 0 0 
5044 1 4 0 0 0 0 0 0 0 
3507 22 6 0 0 10 46 0 12 526 
0 0 0 0 701 0 0 0 0 0 
0 0 0 0 0 2 2485 0 0 12 
2703 0 0 0 0 0 0 0 1 0 
370 3 9 5 568 4325 885 26 0 3 
287 172 214 719 253 235 269 286 214 105 
2249 35 49 0 45 63 77 156 48 79 
5198 0 0 0 0 0 0 0 0 0 
261 118 261 31 140 666 78 434 107 112 
608 73 68 221 61 71 45 20 122 109 
0 932 0 0 1 0 0 0 0 0 
0 0 0 0 11 385 469 1 0 0 
0 0 0 0 0 0 236 0 0 0 
3 0 0 0 0 1168 0 0 0 0 
0 0 0 0 0 0 242 0 2 0 
0 0 0 434 6 0 0 0 0 0 
3 1 0 0 0 0 430 0 0 0 
16 53 58 207 51 76 90 58 5 277 
0 0 0 0 0 657 583 0 0 0 
0 0 0 0 0 0 0 0 243 0 
208 0 1344 8 103 56 62 44 50 53 
2 159 13 10 1 11 111 0 0 0 
0 0 0 0 0 0 767 0 0 0 
0 0 59 39 6 112 39 31 0 0 
0 138 0 0 0 0 0 0 0 0 
0 0 242 0 0 1 1 0 0 0 
714 104 102 191 74 247 98 33 0 12 
329 484 519 275 43 689 83 143 214 316 
0 0 0 0 0 0 0 0 336 0 
0 0 0 6217 1078 1 0 0 0 0 
0 0 0 0 0 20 220 0 0 0 
0 0 0 33 363 0 0 0 0 0 
0 0 0 0 0 0 0 0 209 0 
