9666 264 0 7 0 37 0 4 0 242 
389 0 0 0 4089 3313 20 0 0 0 
0 0 0 0 1 0 2779 623 0 0 
0 5369 0 0 0 0 0 0 0 0 
3940 0 0 1 0 0 0 0 2 0 
17 0 1 1 3 0 1386 301 1684 0 
0 39 0 9 310 1599 0 0 0 0 
5128 0 0 0 5 0 0 0 0 0 
3142 0 0 0 0 14 20 0 0 647 
0 0 0 0 698 0 0 0 0 0 
0 0 0 0 0 0 2470 0 0 0 
2847 0 0 0 0 0 0 0 0 0 
194 1 0 0 0 4395 939 0 0 0 
2 0 1 32 635 5 0 10 0 0 
2846 2 0 0 0 0 4 0 0 0 
4939 0 0 0 0 0 0 0 0 0 
0 0 0 0 0 2196 0 28 0 0 
1230 3 2 188 15 0 13 0 2 0 
0 948 0 0 1 0 0 0 0 0 
0 0 0 0 0 387 461 0 0 0 
0 0 0 0 0 0 236 0 0 0 
3 1 0 1 0 1170 0 0 0 0 
0 0 0 432 4 0 0 0 0 0 
5 1 1 0 0 0 438 0 0 0 
0 42 0 0 0 114 0 0 12 718 
0 0 0 0 0 691 517 0 0 0 
0 0 3 0 0 0 0 0 260 0 
211 1 1747 0 36 0 0 0 0 0 
343 0 0 0 0 0 0 7 0 18 
0 0 0 0 0 0 852 0 0 0 
339 0 3 0 0 0 0 0 0 0 
0 147 0 0 0 0 0 0 0 0 
0 0 243 0 0 0 0 0 0 0 
1677 0 12 0 0 225 0 0 0 0 
1037 0 560 1 0 1498 57 0 0 0 
0 0 0 0 0 0 0 0 339 0 
0 0 0 6292 810 2 0 0 0 0 
0 0 0 0 0 26 276 0 0 0 
0 0 0 42 386 0 0 0 0 1 
0 2 0 0 0 0 0 0 188 0 
35 280 0 3 7 4 0 0 0 0 
0 5 0 119 0 50 0 0 28 0 
0 0 0 0 11 426 290 0 0 0 
0 0 0 0 114 0 0 0 0 0 
1 297 0 0 0 251 0 1 0 1 
0 0 0 0 3 361 0 0 0 0 
0 0 0 0 0 0 75 0 160 45 
0 242 0 1 1 3 8 0 5 3 
242 26 0 1708 0 3 0 18 0 0 
32 8 1 3 0 1 32 0 6 212 
0 0 0 67 0 0 0 0 0 77 
0 1 0 0 0 159 0 0 0 0 
0 2 0 0 272 266 0 0 1 0 
