9646 288 0 13 1 6 0 6 0 0 
471 0 0 0 4294 3046 14 0 0 0 
0 0 0 3 0 0 2710 665 0 0 
0 5384 0 0 3 0 0 0 0 0 
3942 0 0 0 0 0 0 0 0 0 
3 0 17 0 0 0 1438 372 1544 0 
1 66 0 19 349 1538 2 0 0 0 
5024 0 0 0 7 0 0 1 0 0 
3503 0 0 0 0 1 32 0 0 214 
0 0 0 0 665 0 0 0 0 0 
0 0 0 0 0 0 2459 0 0 1 
2802 0 0 0 0 0 1 0 0 1 
169 0 6 0 0 4330 998 0 0 5 
5 0 3 32 663 0 0 1 0 0 
2846 13 3 0 0 0 2 0 0 0 
4885 0 0 0 0 0 0 0 0 0 
31 3 9 0 0 2169 0 0 0 0 
1358 0 0 81 2 0 0 0 0 0 
0 928 0 0 1 0 0 0 0 0 
2 0 0 1 0 420 430 0 0 0 
0 0 0 0 0 0 236 0 0 0 
4 0 0 0 0 1171 0 0 0 0 
0 0 0 428 6 0 0 0 0 0 
2 5 0 0 0 0 440 0 0 0 
12 0 0 0 0 0 26 0 1 844 
0 0 0 0 0 687 529 0 0 0 
0 0 0 0 0 0 0 0 263 0 
130 0 1791 12 61 0 0 0 0 0 
325 0 0 0 0 0 10 6 0 32 
0 0 0 0 0 0 869 0 0 0 
344 0 0 0 0 0 0 0 1 0 
0 156 0 0 0 0 0 0 0 1 
2 1 236 0 2 0 0 0 0 0 
1535 0 0 0 0 377 0 0 0 12 
610 0 709 16 0 1799 39 0 0 0 
0 0 0 0 0 0 0 1 336 0 
0 0 0 6233 770 0 0 1 0 0 
0 0 0 1 0 17 289 0 0 0 
0 0 0 24 404 0 0 0 0 0 
0 0 0 0 0 0 0 0 190 0 
28 296 0 3 4 0 1 0 0 0 
0 26 72 0 28 0 0 0 0 76 
0 2 0 1 9 422 292 0 0 0 
0 0 0 0 114 0 0 0 0 0 
6 296 0 0 0 252 0 0 0 1 
10 0 24 0 43 282 0 2 0 0 
0 0 0 0 0 0 263 1 0 22 
0 155 0 0 5 0 2 0 102 0 
132 7 0 1806 0 5 2 14 0 17 
4 0 65 0 0 0 193 8 0 92 
0 0 0 145 0 0 0 0 0 53 
0 0 0 0 0 162 0 0 0 0 
230 0 0 2 330 0 68 0 24 1 
0 0 0 0 2 0 0 0 0 394 
