5397 8 1 94 105 898 3290 2 4 0 
7714 40 0 0 0 0 0 0 0 15 
279 0 0 0 0 0 3065 7 0 33 
7 3366 43 0 0 1977 8 0 0 0 
4 0 0 0 0 3744 34 84 2 0 
2 0 0 0 0 0 2907 0 0 0 
0 877 0 849 159 88 0 0 0 0 
4046 0 629 291 39 1 3 2 2 0 
323 0 2 0 0 0 0 1 2379 1009 
383 280 0 0 2 0 0 1 0 0 
13 0 1 0 0 0 72 72 332 1952 
2528 0 0 0 0 0 0 0 0 0 
4983 0 0 0 0 2 0 0 0 3 
0 1 0 276 422 0 0 0 0 0 
0 0 0 0 0 4 2853 0 0 0 
2416 0 0 0 0 0 2474 0 0 0 
0 0 0 0 4 2194 0 0 0 0 
0 0 0 1449 0 1 0 0 0 0 
0 1 0 6 8 912 0 2 0 0 
0 0 540 0 47 258 6 1 0 0 
0 0 0 0 0 0 0 0 236 0 
1182 1 0 0 0 0 0 0 0 0 
0 0 0 0 320 106 0 0 0 0 
0 0 0 0 2 428 16 0 0 0 
0 0 0 0 0 0 0 23 863 0 
0 0 0 62 13 938 203 0 0 2 
0 0 0 0 0 0 0 0 263 0 
1972 1 1 0 0 0 3 0 0 0 
0 0 0 0 380 0 0 0 0 0 
880 0 0 0 0 1 0 0 0 0 
0 0 1 0 0 0 334 0 0 0 
0 1 0 0 83 71 1 0 0 0 
0 0 0 0 0 242 0 0 0 0 
1900 0 0 0 0 0 6 0 0 0 
0 1 0 2 4 3154 1 0 0 0 
9 52 0 0 3 0 6 0 267 0 
0 0 0 299 5682 1038 0 0 0 0 
0 0 0 0 0 0 310 0 0 2 
0 0 0 393 31 0 0 0 0 0 
0 0 0 50 0 0 0 0 142 0 
0 0 0 0 0 73 110 25 117 3 
2 0 3 0 0 0 0 199 0 0 
0 0 0 0 0 142 578 0 1 0 
5 0 0 1 2 104 0 0 0 2 
0 570 0 0 5 0 1 0 0 0 
0 14 0 15 0 0 333 2 0 0 
0 0 0 0 1 0 290 0 0 0 
49 0 87 0 0 122 0 0 0 6 
16 8 1 56 84 1457 0 0 337 0 
80 119 167 0 0 1 5 0 0 0 
0 0 0 182 0 0 0 7 3 0 
0 4 0 0 0 0 0 161 0 0 
964 0 0 0 0 0 0 0 0 0 
2 0 0 0 8 0 0 2 1 416 
0 0 306 0 0 1 0 0 0 0 
0 0 0 0 0 0 3 508 1 0 
445 0 0 6 10 0 0 0 0 7 
