9625 310 0 24 0 3 0 19 0 371 
356 0 0 0 4338 3672 13 0 0 0 
1 0 0 0 0 0 2858 544 1 4 
0 5384 0 1 0 0 0 1 0 0 
3902 0 0 0 0 0 0 1 0 0 
4 5 2 1 2 7 1806 230 1347 5 
0 44 0 37 361 1575 1 0 0 0 
5086 0 0 0 8 0 0 0 0 0 
3251 0 0 0 8 2 13 0 0 561 
0 0 0 0 705 0 0 0 0 0 
0 0 0 0 0 1 2485 0 0 0 
2836 0 0 0 0 1 0 0 0 0 
187 0 0 0 0 4282 1074 0 0 0 
8 6 0 19 636 0 0 0 0 0 
2787 0 0 15 0 0 0 0 0 23 
5045 0 0 0 0 0 0 0 0 0 
5 0 0 0 0 2202 0 1 0 15 
1093 0 0 288 23 24 0 0 4 0 
0 927 0 0 1 0 0 2 0 0 
1 0 0 0 2 435 411 0 1 0 
0 0 0 0 0 0 236 0 0 0 
5 3 0 0 0 1161 0 0 0 0 
0 0 0 435 3 0 0 0 0 0 
1 3 0 0 0 0 438 0 0 0 
0 0 0 17 0 0 0 0 52 820 
0 0 0 0 0 603 545 0 0 0 
0 0 0 0 0 0 0 0 263 0 
365 0 1546 0 13 2 29 0 0 0 
339 0 0 0 0 0 0 3 28 0 
0 0 0 0 0 0 837 0 0 0 
327 0 0 0 3 0 0 0 0 0 
0 147 0 0 0 0 0 0 0 0 
0 0 239 0 0 0 0 0 0 2 
1712 0 1 19 22 101 0 0 0 0 
970 0 864 0 1 1226 86 0 0 12 
1 0 0 0 1 0 0 0 336 0 
0 0 0 6204 910 5 0 0 0 2 
0 0 0 0 0 15 271 0 0 0 
0 0 0 75 356 0 0 0 0 0 
0 0 0 1 0 0 0 0 190 0 
329 0 0 0 0 0 0 0 0 0 
0 183 0 0 0 20 0 1 0 0 
0 0 0 0 9 420 279 0 0 0 
1 0 0 0 113 0 0 0 0 0 
1 307 0 0 0 235 0 0 0 1 
62 0 0 4 0 177 0 0 6 101 
30 0 57 0 40 0 149 0 0 0 
215 0 0 17 0 0 0 1 30 0 
81 68 0 1832 0 0 0 22 0 0 
33 1 0 0 0 248 0 0 0 0 
0 0 2 68 0 0 0 1 0 60 
0 0 8 4 0 147 2 0 0 0 
