5494 0 0 44 65 906 3483 0 1 0 
7785 19 0 0 6 0 0 0 0 0 
167 36 1 0 59 0 3104 0 0 0 
4 2952 83 0 0 2332 6 0 0 1 
0 0 0 1 0 3718 6 214 0 0 
0 1 0 0 0 0 3326 43 3 0 
0 822 0 878 154 127 0 0 0 0 
3795 0 886 301 49 4 0 0 2 2 
369 0 0 0 2 8 0 0 2450 905 
394 275 0 0 0 0 0 0 0 0 
4 7 0 0 0 0 39 59 301 2046 
2725 0 0 0 0 0 0 0 0 0 
5517 0 7 0 0 0 0 0 0 0 
0 4 0 282 412 0 0 0 0 0 
0 0 0 0 0 0 2867 0 0 0 
1825 0 0 0 0 0 3049 10 0 0 
0 0 0 0 6 2190 0 0 0 0 
2 0 1 1435 0 0 0 0 1 4 
0 0 0 12 8 914 0 0 0 2 
0 19 401 0 0 382 49 0 0 0 
0 0 1 0 0 0 0 0 235 0 
1172 0 0 0 0 0 0 0 0 0 
0 0 0 0 301 125 0 0 0 0 
0 0 0 0 0 437 18 0 0 0 
2 1 1 0 0 0 1 5 873 0 
0 0 2 80 10 799 322 0 0 0 
0 0 0 0 0 0 0 0 263 0 
1341 0 643 0 0 0 0 0 0 1 
0 0 0 0 373 0 0 0 0 0 
884 0 0 0 0 0 0 0 0 0 
0 0 1 5 2 0 329 0 0 2 
0 0 0 1 67 88 1 0 0 0 
0 0 0 0 15 226 0 0 0 0 
1884 0 0 0 0 0 0 0 0 0 
0 0 47 3 5 3114 2 0 0 0 
1 1 0 0 0 7 0 0 324 4 
0 0 0 338 5655 1025 0 0 0 0 
0 0 1 0 0 0 308 0 0 0 
0 0 0 394 34 0 0 1 0 0 
39 1 0 0 0 21 1 4 125 0 
0 0 133 6 2 0 180 11 0 0 
0 0 110 0 0 2 0 0 0 91 
0 2 0 0 0 169 549 0 0 0 
0 0 0 0 0 114 0 0 0 0 
0 553 0 0 0 0 0 0 3 0 
0 76 0 0 0 15 263 0 0 0 
0 0 0 0 0 0 285 0 0 0 
0 1 0 0 0 232 8 0 2 21 
0 0 0 6 139 1444 0 0 392 1 
231 4 115 5 0 6 0 0 0 2 
0 0 0 194 0 0 0 0 0 0 
1 1 4 0 0 0 0 156 0 0 
757 0 0 0 0 1 0 0 0 0 
4 0 0 0 0 0 0 0 0 420 
