5664 0 2 15 89 854 3202 0 0 5 
7770 29 0 0 0 0 0 3 0 0 
367 91 24 0 1 0 2880 3 0 0 
30 3224 142 0 0 1884 106 0 0 1 
0 0 0 0 0 3692 19 206 1 0 
0 0 0 0 0 1 3350 42 0 0 
0 869 0 860 149 101 0 0 0 0 
4092 3 523 314 52 10 0 2 0 1 
365 0 1 0 0 0 0 4 2495 843 
370 288 0 0 0 2 0 0 5 6 
4 0 0 0 0 7 23 90 311 2017 
2554 0 0 0 0 0 0 0 0 0 
5485 0 0 0 8 0 0 0 0 1 
0 0 0 284 399 9 10 0 0 0 
0 0 0 0 0 0 2872 0 0 0 
2068 12 0 0 0 1 2786 0 10 0 
0 0 0 0 5 2207 0 0 0 0 
0 0 0 1443 0 1 0 0 0 3 
0 0 0 51 8 879 0 0 0 0 
0 0 434 3 2 312 101 0 0 0 
0 1 0 0 0 0 0 0 235 0 
1175 0 0 0 0 0 0 0 0 0 
0 0 0 0 318 115 0 0 0 0 
0 0 0 0 0 420 25 0 1 0 
0 0 0 3 0 0 0 2 866 13 
0 0 3 62 4 956 175 0 2 0 
0 0 0 0 0 0 0 0 263 0 
1938 0 2 8 0 0 0 0 0 0 
0 0 0 0 377 0 0 0 0 0 
876 2 0 0 1 0 0 0 0 0 
0 0 0 0 0 0 333 0 0 0 
0 0 0 0 68 89 0 0 0 0 
0 0 0 0 0 240 0 0 0 0 
1875 0 0 0 0 0 0 0 0 0 
0 0 0 1 7 3136 1 0 0 0 
1 0 0 0 0 0 0 14 322 0 
0 0 0 324 5699 977 0 3 0 0 
0 0 0 0 0 0 311 0 0 0 
0 0 0 398 27 0 0 0 0 0 
35 0 1 0 0 0 29 0 36 91 
0 11 0 0 30 181 48 32 34 0 
0 0 16 0 0 2 0 12 173 0 
0 7 4 1 0 129 552 27 1 0 
0 0 5 1 0 108 0 0 0 0 
0 569 0 0 0 0 0 0 1 0 
0 0 1 1 0 3 340 0 0 18 
0 0 0 0 0 0 287 0 0 0 
0 0 10 0 3 250 0 0 0 0 
0 4 0 5 129 1314 0 0 518 0 
84 0 147 0 0 0 3 108 0 24 
0 0 0 194 0 0 1 0 0 0 
0 0 2 0 29 0 0 134 0 0 
933 0 0 0 0 2 0 1 0 0 
0 0 0 0 0 0 0 0 5 426 
0 1 303 0 0 0 0 1 2 0 
