5393 0 6 16 44 1111 3187 0 0 0 
7715 35 0 1 7 0 0 0 0 0 
195 0 0 0 1 0 3176 0 1 0 
38 3145 40 0 0 2159 14 0 0 0 
0 0 0 1 0 3805 12 57 1 0 
0 0 0 0 0 1 2909 0 0 0 
1 776 0 935 141 121 0 0 0 0 
4044 0 553 322 77 15 0 0 0 0 
306 0 0 0 1 0 0 0 2446 953 
399 267 11 0 0 0 0 1 0 0 
3 6 0 0 0 0 11 117 340 1972 
2522 0 0 0 0 0 0 0 0 0 
4995 0 0 3 0 0 0 1 0 0 
0 16 0 287 393 0 0 6 0 0 
1 0 0 0 0 0 2848 0 0 2 
2139 0 0 0 1 0 2737 0 0 0 
0 0 0 0 4 2173 1 0 0 0 
0 0 0 1433 0 1 0 0 0 16 
0 0 0 13 31 887 1 0 0 7 
0 0 588 3 13 235 14 0 0 0 
0 0 0 0 0 0 0 0 236 0 
1166 0 0 0 0 0 0 0 0 0 
1 0 0 0 315 111 0 0 0 0 
0 0 0 0 0 415 30 2 0 0 
0 0 0 0 0 0 0 0 886 0 
0 0 30 81 8 910 178 0 0 0 
0 0 0 0 0 0 0 0 262 0 
1939 0 26 3 0 0 0 0 0 0 
0 0 0 0 375 0 0 0 0 0 
882 0 0 0 0 0 0 0 1 0 
1 0 0 0 0 0 359 0 0 0 
1 0 0 0 70 85 1 0 0 0 
2 0 7 0 0 232 0 0 2 0 
1951 0 0 0 0 0 0 1 0 0 
0 0 5 1 2 3176 1 0 0 0 
0 0 1 0 0 0 0 26 308 2 
0 0 0 385 5670 952 0 0 0 0 
0 2 0 0 0 0 305 3 0 0 
0 0 0 394 34 0 0 0 0 1 
0 0 1 0 1 63 0 0 116 12 
0 6 45 0 0 0 85 110 74 9 
3 0 1 3 15 0 0 179 0 0 
0 0 0 0 0 117 594 1 0 0 
1 0 1 0 0 112 0 0 0 0 
0 573 0 0 0 0 0 3 0 0 
0 22 0 10 0 0 306 10 2 12 
0 0 0 0 0 0 287 0 0 0 
49 3 3 0 0 210 0 0 0 0 
0 0 0 30 147 1362 0 1 420 0 
0 122 148 0 54 3 0 11 1 34 
0 0 0 191 0 1 0 0 0 0 
0 0 0 0 11 7 0 146 0 0 
953 0 0 0 0 0 0 0 0 0 
0 0 3 0 0 2 1 0 2 424 
0 0 317 0 0 0 0 0 0 0 
5 0 0 4 2 0 4 513 0 5 
471 1 0 1 0 0 2 0 0 6 
