9568 326 0 18 0 25 0 4 0 408 
323 0 2 0 4280 3740 10 0 4 2 
0 0 0 0 0 0 2860 540 2 16 
0 5384 0 0 0 0 0 0 0 0 
3908 0 0 2 0 0 0 0 0 0 
10 0 0 0 1 0 1729 244 1420 0 
1 60 0 17 381 1556 0 0 0 0 
5082 0 0 0 17 0 0 0 0 0 
3172 0 0 0 0 11 28 0 1 619 
0 0 0 0 709 0 0 0 0 0 
0 0 0 0 3 0 2478 0 0 0 
2839 0 0 0 0 0 0 0 0 0 
211 0 0 0 14 4215 1104 0 2 0 
25 0 0 4 643 0 1 0 0 0 
2781 0 0 33 0 0 0 0 0 4 
5046 0 0 0 0 0 0 0 0 0 
1 0 0 1 7 2180 0 0 0 31 
1023 0 0 345 47 6 0 0 0 10 
0 932 0 0 1 0 0 0 0 0 
0 0 0 0 0 382 467 0 0 0 
0 0 0 0 0 0 236 0 0 0 
3 1 0 0 0 1161 0 0 0 0 
0 0 0 432 4 0 2 0 0 0 
3 1 0 0 0 0 437 0 0 1 
2 0 1 23 0 0 2 0 35 826 
0 0 0 0 0 628 522 0 0 0 
0 0 0 0 0 0 0 0 262 1 
426 0 1493 0 11 0 23 0 0 0 
325 2 0 0 0 0 0 13 30 0 
0 0 0 0 0 0 837 0 0 0 
325 1 0 0 0 0 0 0 0 4 
0 147 0 0 0 0 0 0 0 0 
0 0 241 0 0 0 0 0 0 1 
1738 0 0 16 19 88 0 0 0 0 
1050 0 775 0 0 1240 95 0 1 1 
0 0 0 1 0 1 0 1 335 0 
0 0 0 6291 826 3 3 0 0 0 
0 0 0 1 0 15 270 0 0 0 
0 0 0 43 384 0 0 0 0 0 
3 0 0 0 0 0 0 0 187 1 
316 0 4 0 2 2 6 0 0 2 
0 166 0 3 0 34 1 0 0 0 
1 0 0 0 14 434 259 0 0 0 
0 0 0 0 113 1 0 0 0 0 
6 289 0 1 0 247 0 1 0 0 
83 1 0 13 4 190 0 0 0 58 
7 0 94 0 15 0 161 0 0 1 
231 0 0 21 0 0 0 0 13 0 
106 44 0 1812 0 0 1 32 11 0 
10 24 0 1 0 248 0 0 0 0 
0 0 1 64 0 0 0 0 0 65 
0 2 6 0 0 151 1 1 0 0 
