10046 361 1 3 0 21 11 36 0 295 
529 0 0 6 4245 3792 10 1 0 2 
0 0 9 0 2 10 2813 596 0 0 
0 5429 0 1 0 0 0 0 0 0 
3855 0 0 0 0 0 0 0 0 78 
24 1 9 0 0 0 1846 239 1310 0 
0 52 0 8 285 1634 0 0 0 0 
5033 0 0 0 9 2 0 0 0 0 
3170 0 0 0 0 13 28 0 0 647 
0 0 0 0 644 0 0 0 0 0 
0 0 3 0 0 0 2495 0 0 0 
2815 0 0 0 0 0 0 0 0 0 
323 0 0 0 2 4449 1090 14 0 0 
123 494 4 1623 143 12 6 56 209 4 
2804 1 2 0 0 0 0 7 0 1 
5105 0 0 0 0 0 0 0 0 0 
36 1 62 0 0 2035 0 10 41 6 
919 0 25 380 46 0 0 53 0 0 
0 905 0 0 2 0 0 0 0 0 
0 0 0 0 2 390 460 0 0 0 
0 0 0 0 0 0 236 0 0 0 
6 0 0 0 2 1171 0 0 0 0 
0 0 0 434 3 0 0 0 0 0 
1 2 0 0 0 0 436 0 0 0 
7 0 0 99 0 0 380 5 0 396 
0 0 0 0 0 613 551 0 0 0 
0 0 0 0 0 0 0 0 263 0 
431 0 1512 0 8 0 1 1 0 0 
85 189 55 0 0 7 0 0 0 0 
0 0 0 0 0 0 787 0 0 0 
13 0 207 2 1 24 22 0 0 16 
0 136 0 0 0 0 0 0 0 0 
0 0 238 0 0 0 0 0 2 0 
1373 2 71 11 0 307 0 0 0 0 
1140 100 500 61 0 660 102 207 202 179 
0 0 0 0 0 0 0 0 335 2 
0 0 0 6275 956 1 0 4 0 0 
0 0 0 0 0 16 244 0 0 0 
0 0 0 26 401 0 0 0 0 0 
0 0 0 0 2 0 0 0 188 0 
281 5 0 0 1 0 0 1 0 0 
9 31 33 0 54 72 2 2 0 0 
0 0 0 0 13 445 271 0 0 0 
1 0 0 0 113 0 0 0 0 0 
3 301 0 0 0 235 0 1 0 1 
100 160 0 3 0 0 19 0 0 30 
0 38 0 3 4 0 127 0 0 0 
194 1 0 0 0 0 1 5 4 5 
