5669 5 0 21 70 1058 3481 0 0 0 
8358 20 0 0 6 0 0 0 0 0 
269 0 0 0 0 1 3081 28 6 2 
10 3161 46 10 0 2130 9 0 0 0 
2 0 0 0 0 3709 6 195 0 0 
0 0 0 0 0 0 3370 38 0 0 
0 896 0 758 169 131 0 0 0 3 
3622 16 1048 320 47 42 16 0 1 0 
308 0 14 3 0 0 1 6 2157 1344 
327 376 2 0 0 0 0 0 0 0 
29 0 0 0 0 0 37 155 313 1932 
2833 0 0 0 0 1 0 0 0 0 
5525 0 0 0 0 0 0 0 0 0 
0 0 0 266 415 0 1 2 0 0 
0 0 0 0 0 0 2878 0 0 0 
2362 0 1 2 0 0 2583 0 0 0 
0 0 0 0 5 2206 0 0 0 0 
0 0 0 1427 0 1 12 0 0 0 
5 0 0 7 1 934 0 0 0 0 
0 0 339 3 0 395 94 12 3 0 
0 0 0 0 0 0 0 0 236 0 
1181 0 0 0 0 0 0 0 0 0 
0 0 0 0 322 118 0 0 0 0 
0 2 0 0 0 410 29 0 1 2 
91 1 63 83 0 0 18 0 574 59 
0 0 2 42 22 856 292 0 1 0 
0 0 1 0 0 0 0 1 261 0 
1322 0 654 3 0 0 0 0 0 0 
0 0 0 0 369 0 0 0 0 0 
854 0 0 0 0 2 0 0 0 0 
0 0 0 7 1 0 314 0 1 6 
0 0 0 0 71 75 0 0 0 0 
0 0 0 0 0 239 0 0 0 3 
1867 0 0 0 6 0 0 1 2 0 
0 0 54 10 11 3096 2 0 0 0 
0 0 0 0 0 96 0 0 242 0 
0 0 0 449 5606 1068 0 0 0 0 
0 0 1 0 0 0 298 0 0 0 
0 0 0 407 20 0 0 0 0 0 
12 12 0 18 150 0 0 0 0 0 
0 0 6 2 0 0 90 178 55 0 
85 0 0 51 0 0 0 0 0 66 
1 5 0 3 0 145 563 0 0 0 
1 0 0 4 0 108 0 0 0 1 
0 546 0 0 0 0 0 0 0 0 
0 9 0 0 0 0 328 0 0 18 
0 0 0 0 0 0 283 0 0 0 
100 2 90 0 0 54 0 1 0 13 
8 0 0 10 168 1245 0 0 550 0 
0 1 38 0 0 0 0 4 158 90 
28 0 3 0 0 105 0 0 0 0 
0 0 0 0 2 0 0 156 2 0 
