9436 235 0 30 0 5 0 22 0 0 
423 0 0 0 4016 3273 11 0 0 0 
0 0 0 2 0 0 2868 480 5 0 
0 5386 1 0 0 0 0 0 0 0 
3828 1 0 0 0 0 0 0 0 0 
0 0 0 8 0 0 1523 198 1171 7 
0 51 0 25 376 1522 0 0 0 0 
5050 0 3 0 3 0 0 0 0 0 
3572 0 0 0 0 18 40 0 0 87 
0 0 0 0 668 0 0 0 0 0 
0 0 0 0 0 0 2444 0 0 0 
2492 0 0 0 0 0 0 0 0 0 
144 0 0 0 0 4045 841 0 0 0 
5 0 0 27 676 0 0 0 0 0 
2865 6 0 0 1 14 0 0 0 0 
4793 0 0 0 0 0 0 0 0 0 
0 0 0 0 0 2189 0 0 0 0 
1319 3 0 135 0 0 0 0 0 0 
0 941 0 0 6 0 0 0 0 0 
0 0 0 0 0 389 454 0 0 1 
0 0 0 0 0 0 236 0 0 0 
14 0 0 1 0 1135 0 2 0 0 
0 0 0 428 3 0 0 0 0 0 
3 2 0 1 0 0 441 0 0 0 
30 2 4 1 2 0 0 0 1 844 
0 1 0 0 0 663 546 1 0 2 
2 0 0 0 0 0 0 0 261 0 
342 0 1552 0 78 1 0 11 0 0 
323 0 0 44 0 8 0 0 0 0 
0 0 0 0 0 0 893 0 0 0 
348 0 0 0 0 0 1 1 10 0 
0 156 0 0 0 0 0 0 0 1 
0 0 242 1 0 0 0 0 0 0 
1807 0 0 0 0 185 0 0 16 0 
1214 0 12 0 0 1825 163 0 0 0 
0 0 0 0 5 0 0 0 332 0 
0 0 0 6267 747 0 2 0 0 0 
0 0 0 0 0 22 289 0 0 0 
0 0 0 27 397 0 0 0 0 0 
0 0 0 1 1 0 0 0 195 0 
35 0 170 0 0 0 85 0 40 0 
2 0 199 0 0 0 0 0 0 0 
0 1 0 0 10 438 281 1 0 0 
0 0 0 0 114 0 0 0 0 0 
7 320 0 0 0 246 0 0 1 0 
0 1 3 0 0 313 35 0 2 5 
0 0 12 232 0 0 0 0 1 43 
0 241 2 0 1 0 0 19 0 0 
48 28 11 1809 0 7 30 2 5 0 
0 3 0 0 0 0 366 0 0 4 
0 0 0 133 0 0 0 0 0 60 
0 0 3 0 0 156 0 0 0 0 
930 0 0 0 2 0 3 29 1 0 
0 0 0 0 0 0 1 0 0 431 
0 6 303 2 0 3 0 0 0 2 
556 0 0 0 0 2 0 0 0 0 
0 100 8 74 0 83 0 0 0 200 
