9547 225 0 4 0 13 0 28 0 377 
387 0 0 1 4025 3376 15 0 0 0 
0 0 0 2 3 0 2930 459 0 0 
0 5386 0 0 0 0 0 0 0 0 
3920 0 0 0 0 0 0 0 0 0 
8 0 0 0 1 5 1239 268 1848 0 
0 57 0 20 394 1482 1 0 0 0 
5102 0 0 0 24 1 0 0 0 0 
3180 2 0 0 4 1 28 0 0 606 
0 0 0 0 687 0 0 0 0 0 
0 0 0 0 0 2 2450 0 0 0 
2885 0 0 1 0 0 0 0 0 0 
224 0 1 2 14 4320 987 0 0 0 
30 0 0 21 627 1 0 6 0 0 
2814 0 8 0 5 21 0 0 0 0 
4925 0 0 0 0 0 0 0 0 0 
20 0 0 0 0 2173 0 15 0 8 
1320 0 0 107 0 0 5 11 0 0 
0 937 0 0 1 0 0 0 0 0 
0 0 0 2 0 397 452 0 0 0 
0 0 0 0 0 0 236 0 0 0 
2 0 0 0 0 1167 0 0 0 0 
0 0 0 430 5 0 0 0 0 0 
2 2 1 0 0 0 441 0 0 0 
0 172 2 0 6 2 1 5 0 694 
0 0 0 0 0 696 521 0 0 0 
0 0 0 0 0 0 0 0 263 0 
249 0 1726 0 22 0 1 0 0 0 
334 0 0 0 6 0 0 2 5 27 
0 0 0 0 0 0 858 0 0 0 
336 1 0 0 0 0 0 1 2 0 
0 157 0 0 0 0 0 0 0 0 
0 1 233 3 0 0 0 0 3 0 
1795 0 0 0 0 74 0 1 35 0 
1172 0 1031 0 0 801 144 14 0 0 
0 0 2 0 1 0 0 0 335 0 
0 0 0 6230 827 2 0 0 0 0 
0 0 0 0 0 25 283 0 0 0 
1 0 1 30 399 0 0 0 0 0 
0 0 0 0 0 0 0 0 190 0 
0 276 0 0 0 0 9 38 0 8 
0 0 0 57 0 53 91 0 0 1 
0 0 0 0 9 432 282 0 0 0 
0 0 0 0 114 0 0 0 0 0 
7 275 0 0 1 271 0 0 0 0 
4 0 0 0 13 274 0 65 0 0 
0 3 1 6 0 0 260 11 0 0 
0 235 0 0 1 0 1 1 2 23 
99 2 0 1786 5 5 12 19 75 0 
0 0 0 0 0 0 110 0 0 226 
0 0 0 111 0 0 0 1 0 76 
4 0 5 0 9 138 0 5 0 0 
6 1 0 27 291 244 0 3 0 0 
