5222 7 0 21 57 934 3541 6 0 0 
7740 13 3 0 0 0 0 0 0 0 
304 0 0 7 0 1 3035 26 0 9 
4 3190 65 0 0 2111 10 0 24 0 
0 0 0 0 0 3753 4 107 0 0 
0 0 0 0 1 1 2911 0 0 0 
0 816 0 912 147 103 0 0 0 0 
4081 0 527 306 78 25 0 0 0 0 
363 0 0 0 0 0 0 0 2335 1009 
366 309 1 0 0 0 0 0 0 0 
25 0 0 0 0 0 37 106 223 2053 
2534 0 0 0 0 0 0 0 0 0 
4988 1 0 0 0 0 0 0 0 0 
0 0 0 279 415 2 0 0 0 0 
0 0 0 0 0 0 2857 0 0 0 
2072 0 0 0 0 0 2817 1 0 0 
0 0 1 0 4 2201 0 0 0 0 
0 0 0 1448 0 2 0 0 0 0 
0 0 0 22 3 899 2 0 1 0 
0 0 503 0 8 319 4 0 0 18 
0 0 0 0 0 0 0 0 236 0 
1175 0 0 0 0 0 0 0 0 1 
0 0 0 0 320 111 0 0 1 0 
0 0 0 0 0 432 14 2 0 0 
0 2 0 0 0 0 3 1 880 0 
0 0 0 87 9 845 275 0 0 0 
0 0 0 0 0 0 0 1 261 0 
1988 0 0 0 0 1 0 4 0 0 
0 0 0 0 380 0 0 0 0 0 
884 0 0 1 0 0 0 0 0 0 
0 1 0 1 0 0 336 0 0 3 
0 0 0 0 78 79 0 0 0 0 
0 0 0 0 0 241 0 0 0 0 
1891 0 0 0 0 2 2 0 0 0 
0 0 0 1 8 3138 6 0 4 0 
34 37 1 0 0 0 1 0 264 0 
0 0 0 352 5560 1094 0 0 0 0 
0 0 0 0 0 0 304 3 0 4 
0 1 0 388 38 0 0 0 0 0 
0 0 0 20 10 0 0 0 163 0 
0 0 7 3 0 56 58 85 121 0 
10 0 7 0 0 0 0 186 0 0 
1 0 0 0 0 191 529 0 0 0 
0 3 0 0 0 100 0 11 0 0 
0 575 0 0 0 0 0 0 0 0 
4 5 0 8 0 4 325 13 0 2 
0 0 0 1 0 0 288 0 0 0 
51 0 38 0 0 155 0 0 21 0 
0 0 0 25 130 1325 0 0 467 3 
25 228 77 0 0 0 40 0 1 0 
0 0 0 196 0 0 0 0 1 0 
5 0 0 0 7 1 0 152 0 0 
958 0 0 0 0 0 0 0 0 0 
0 0 0 2 0 0 0 1 0 427 
0 0 317 0 0 0 0 0 0 0 
0 0 0 0 1 1 3 512 0 0 
438 0 0 5 21 0 0 0 4 0 
