9356 283 4 10 0 23 1 24 0 0 
424 0 2 26 4034 3235 12 0 0 0 
8 0 0 14 2 0 2752 581 0 0 
0 5388 0 0 0 0 0 1 0 0 
3823 0 0 5 0 1 0 0 0 0 
0 0 0 5 0 0 1326 258 1306 17 
0 56 0 21 375 1515 0 1 0 0 
5063 1 0 0 6 0 0 2 0 0 
3574 0 0 0 0 14 36 0 2 90 
2 0 0 0 667 0 0 0 0 0 
0 0 0 0 0 0 2442 0 0 0 
2472 1 0 0 0 0 0 0 0 0 
128 0 0 0 0 3915 966 0 0 6 
5 1 0 32 655 0 0 12 0 0 
2835 15 2 0 1 23 0 0 0 1 
4818 0 0 0 0 0 0 0 0 0 
0 1 0 2 0 2195 0 0 0 0 
1317 0 0 135 0 0 0 0 1 0 
0 947 0 0 1 1 0 0 0 0 
0 0 0 0 0 415 429 0 0 0 
0 0 0 0 0 0 236 0 0 0 
2 0 0 0 0 1150 0 0 0 0 
0 0 0 429 3 0 0 0 0 0 
1 6 0 0 0 0 441 0 0 0 
33 0 8 0 0 0 1 0 0 842 
0 0 0 0 0 676 542 0 0 0 
0 0 0 0 0 0 0 0 263 0 
361 0 1501 4 97 0 0 14 0 0 
349 0 0 20 0 3 0 0 0 1 
0 0 0 0 0 0 892 0 0 0 
351 0 1 0 5 0 4 0 0 0 
0 157 0 0 0 0 0 0 0 0 
0 0 243 0 0 0 0 0 0 0 
1845 0 0 0 1 174 0 0 14 0 
1377 3 16 0 0 1678 116 4 0 0 
0 0 0 0 0 0 1 4 332 0 
0 0 0 6313 695 0 1 0 0 0 
0 0 0 0 0 23 288 0 0 0 
0 0 0 37 387 0 0 0 0 0 
0 0 0 2 0 0 0 0 196 0 
6 0 213 0 0 0 66 0 46 0 
0 0 200 1 0 0 0 0 0 0 
0 0 0 0 16 407 310 0 0 0 
0 0 0 1 113 0 0 0 0 0 
1 287 0 1 0 286 0 0 0 0 
0 0 0 0 0 325 21 0 0 13 
1 6 16 233 0 1 0 0 0 31 
0 209 0 0 0 7 0 39 0 8 
31 23 30 1787 0 15 40 0 10 14 
0 0 2 0 0 2 369 0 0 0 
0 0 0 139 0 0 1 0 0 54 
0 0 0 0 1 155 0 2 0 1 
915 0 0 0 0 0 2 49 0 0 
2 0 0 0 0 0 0 0 0 430 
0 0 311 0 0 0 4 0 0 1 
558 0 0 0 0 0 0 0 0 0 
0 74 35 82 0 142 0 0 0 132 
