5424 6 1 17 105 851 3286 0 0 50 
7706 36 0 0 0 0 1 0 0 2 
420 5 5 26 0 0 2909 9 0 4 
7 3320 48 3 0 1975 41 0 0 15 
0 2 0 0 0 3797 12 54 0 0 
0 0 0 3 0 0 2907 0 0 0 
0 841 0 879 157 98 0 0 0 0 
4148 0 440 344 69 29 0 1 0 0 
270 0 1 5 0 0 0 0 2523 911 
434 241 0 0 0 0 1 0 1 0 
19 0 1 7 0 0 38 105 219 2057 
2535 0 0 0 0 0 0 0 0 0 
4989 0 0 1 0 11 0 3 1 1 
0 0 0 229 466 0 0 2 0 0 
0 0 0 1 0 0 2860 0 0 0 
2160 0 0 0 0 0 2734 0 6 3 
0 0 0 0 8 2182 0 0 0 0 
0 0 0 1439 8 0 0 0 0 4 
0 0 0 15 3 896 5 0 7 0 
0 0 568 0 0 263 13 0 0 8 
0 0 0 0 0 0 0 0 236 0 
1177 0 0 0 0 0 0 0 0 0 
0 0 0 0 317 119 0 0 0 0 
1 0 0 0 0 428 18 0 0 0 
18 0 0 2 0 2 0 0 863 1 
0 0 0 21 3 967 219 1 0 0 
0 0 0 0 0 0 0 0 263 0 
1968 0 0 0 1 0 1 7 0 0 
0 0 0 0 377 0 0 0 0 0 
885 0 0 0 0 0 0 0 0 0 
0 0 0 0 0 0 342 1 0 0 
0 0 0 0 69 88 0 0 0 0 
0 0 0 12 0 229 0 0 0 0 
1907 0 0 0 0 0 0 0 0 0 
0 0 0 2 3 3172 1 0 0 0 
0 0 2 0 0 0 0 10 325 0 
1 0 0 349 5601 1054 0 0 1 1 
0 0 0 0 9 2 300 0 0 0 
0 0 1 401 23 0 0 0 0 0 
0 0 0 1 2 3 0 5 181 0 
0 9 0 1 0 22 75 94 128 0 
8 0 0 1 0 0 0 189 0 3 
0 0 3 0 0 201 506 0 0 1 
0 0 0 0 3 105 2 4 0 0 
0 574 0 1 0 0 0 0 0 0 
0 0 0 17 0 0 324 21 0 0 
0 0 0 0 0 1 288 0 0 0 
100 1 30 0 0 100 1 0 32 0 
0 0 0 1 226 1310 0 0 424 0 
5 194 124 0 0 0 26 16 9 0 
1 0 0 191 1 0 0 0 0 0 
1 0 39 0 0 0 1 114 0 9 
955 0 0 0 0 0 0 0 0 0 
0 0 0 0 2 3 0 0 0 427 
0 0 314 1 0 0 0 0 0 2 
0 0 0 7 0 7 3 510 0 0 
460 2 0 0 9 1 0 0 0 0 
