9550 232 1 7 7 29 0 13 0 0 
424 0 0 0 4395 2956 13 0 0 0 
5 0 0 2 0 0 2779 597 0 0 
0 5393 0 0 0 0 0 2 0 0 
3899 0 1 0 0 0 0 0 0 0 
1 1 0 3 0 2 1220 423 1265 0 
0 37 0 22 379 1537 0 0 0 0 
5014 0 0 0 0 0 0 0 0 0 
3574 0 0 0 0 12 31 0 0 92 
0 0 0 0 668 0 0 0 0 0 
0 0 0 0 0 0 2446 0 0 0 
2518 0 2 0 0 0 0 1 0 0 
125 0 0 0 0 4012 847 0 0 4 
18 0 0 21 657 0 0 0 6 0 
2857 0 0 0 3 0 0 0 4 0 
4872 1 0 0 0 0 1 0 0 0 
0 0 0 0 0 2204 5 0 3 3 
1301 0 1 142 0 0 1 0 0 0 
0 926 0 0 1 0 0 0 2 0 
0 1 1 0 0 414 435 0 0 0 
0 0 0 0 0 0 236 0 0 0 
5 0 0 1 0 1180 1 0 0 0 
0 0 0 423 9 0 0 0 0 0 
1 2 0 0 0 0 441 0 1 0 
54 30 0 0 0 0 99 47 25 630 
0 0 0 0 0 667 540 0 0 0 
0 1 0 0 0 0 0 0 262 0 
367 0 1589 0 9 0 0 0 0 0 
373 0 2 0 2 0 0 0 0 0 
0 0 0 0 0 0 885 0 0 0 
334 0 1 0 0 0 0 0 0 0 
0 157 0 0 0 0 0 0 0 0 
0 0 241 0 0 0 0 0 0 0 
1780 0 0 0 0 103 1 0 2 0 
947 0 567 0 26 1515 54 0 4 38 
0 0 0 0 0 0 0 0 337 0 
0 0 0 6272 736 0 0 0 0 0 
3 0 0 0 0 19 289 0 0 0 
0 0 0 33 391 0 0 0 0 0 
0 0 0 0 0 0 0 0 196 0 
107 125 64 0 2 16 12 0 9 0 
0 10 0 0 192 0 1 0 0 0 
0 0 0 0 16 418 280 0 0 0 
0 0 0 0 114 0 0 0 0 0 
7 302 0 0 1 261 0 3 2 0 
0 0 0 0 0 348 0 0 15 0 
0 0 7 201 7 0 59 16 0 0 
0 236 0 0 0 1 3 0 24 0 
191 79 0 1666 2 16 0 0 9 0 
0 0 0 0 0 11 343 0 12 0 
1 0 2 137 0 0 0 0 0 52 
0 5 0 0 0 159 0 0 0 2 
952 4 0 0 1 0 0 0 0 0 
0 0 0 0 0 5 0 0 0 424 
0 0 294 0 0 0 5 7 1 0 
14 0 0 0 12 8 131 136 170 0 
0 0 0 0 1 382 73 0 4 21 
