9604 437 0 7 0 5 3 10 0 451 
496 0 0 0 4184 3844 21 0 0 0 
0 11 0 0 0 15 2793 592 10 0 
0 5400 0 0 0 1 0 0 0 0 
3853 0 0 0 1 0 0 3 1 80 
8 0 11 13 0 0 1738 225 1424 0 
0 51 0 23 359 1555 5 1 0 0 
5064 0 0 0 10 0 0 0 0 0 
3165 0 0 2 0 9 20 0 0 630 
0 0 0 0 704 0 0 0 0 0 
0 0 0 1 0 0 2492 1 0 0 
2853 0 0 0 0 0 0 0 0 0 
317 0 0 0 0 4270 992 3 2 1 
170 19 0 314 86 0 0 2 11 0 
2823 0 0 0 0 0 0 0 12 0 
5021 0 0 0 0 0 0 0 0 0 
0 0 0 32 0 2174 0 1 21 1 
888 0 0 436 11 14 0 0 0 75 
0 923 0 0 1 0 0 0 0 0 
7 0 1 0 0 398 447 0 0 0 
0 0 0 0 0 0 236 0 0 0 
3 0 0 0 0 1156 0 0 0 0 
0 0 0 430 9 0 0 0 0 0 
2 1 0 0 0 0 442 0 0 0 
0 30 0 0 16 0 53 0 0 789 
0 0 0 0 1 631 525 0 0 0 
0 0 1 0 0 0 0 0 262 0 
180 0 1723 0 3 0 0 0 0 35 
316 0 0 18 4 0 0 0 0 17 
0 0 0 0 0 0 823 0 0 0 
330 0 0 0 0 0 0 0 0 0 
0 137 0 0 0 0 0 0 0 0 
0 0 243 0 0 0 0 0 0 0 
1469 0 11 0 0 381 2 2 0 0 
1194 0 614 0 0 1306 37 0 0 0 
0 0 0 1 0 0 0 0 336 0 
0 0 0 6209 954 4 0 0 0 0 
0 0 0 0 0 18 267 0 0 0 
0 0 0 28 403 0 0 0 1 0 
0 0 0 0 0 0 0 0 190 0 
318 0 0 6 0 0 0 2 0 0 
0 81 0 0 2 1 13 43 0 64 
0 0 0 0 14 405 299 0 0 0 
0 0 0 0 114 0 0 0 0 0 
6 271 0 0 1 251 0 0 0 9 
77 70 67 7 0 86 1 0 36 0 
55 8 17 46 1 10 82 0 0 0 
177 17 0 0 0 2 1 0 27 1 
111 110 35 1734 85 27 0 0 0 2 
17 0 0 0 0 218 11 0 0 0 
