6031 0 0 57 90 1047 3750 0 0 0 
8466 24 0 0 2 16 0 50 0 0 
170 0 57 119 4 327 2588 2 13 165 
9 3261 78 0 21 2030 42 3 5 1 
1 0 0 0 0 3724 5 194 0 0 
1 0 0 0 0 0 3357 56 0 0 
0 764 0 823 119 223 0 0 0 1 
3101 14 1043 490 105 42 89 28 113 0 
289 0 0 2 0 0 0 0 2225 1603 
397 278 0 0 0 0 4 0 0 0 
16 0 1 1 0 0 18 100 321 2031 
2801 0 0 0 0 0 0 0 0 0 
5924 0 0 0 0 0 0 0 13 0 
0 0 0 262 872 1147 0 1 400 0 
0 0 0 0 0 0 2806 0 2 0 
1423 0 0 0 3 17 3675 0 2 7 
0 0 0 0 14 2196 0 0 0 1 
1 0 0 1422 0 1 0 0 0 0 
1 0 0 18 14 880 3 0 0 1 
20 0 350 0 0 420 18 53 0 0 
0 1 1 0 0 0 0 1 231 2 
1196 0 1 0 0 0 0 0 0 0 
0 0 0 1 324 112 0 0 1 0 
1 0 0 0 0 433 6 0 0 0 
0 310 6 117 0 42 0 0 411 0 
5 0 3 60 20 466 635 0 16 0 
0 0 0 0 0 0 0 0 253 0 
1247 2 681 0 5 2 0 0 0 0 
0 0 0 0 323 0 0 0 0 0 
769 0 0 0 0 0 0 0 0 0 
0 0 0 4 0 7 273 0 0 1 
0 0 0 0 64 74 0 0 0 0 
0 0 0 0 0 241 0 0 0 0 
1621 0 0 0 1 1 0 0 0 0 
0 0 54 33 4 3038 3 0 0 0 
0 0 0 19 10 6 0 0 302 0 
0 0 0 432 5767 1047 0 0 0 0 
10 0 0 0 0 0 224 0 3 0 
0 0 0 380 41 0 0 0 0 0 
0 0 0 0 2 0 0 5 171 22 
20 1 1 0 0 32 186 0 0 0 
188 0 0 0 0 3 0 0 0 0 
0 0 1 1 0 139 583 0 0 0 
88 0 3 2 0 1 0 15 0 0 
0 532 0 0 2 0 0 0 0 0 
150 0 0 0 0 13 88 0 0 0 
0 0 0 0 0 0 172 0 0 0 
