9494 301 0 2 0 17 0 19 0 0 
422 0 0 0 4113 3228 25 0 0 0 
0 0 0 0 0 0 2687 677 0 0 
0 5421 0 0 0 1 0 0 0 0 
3933 0 0 0 0 0 1 0 0 0 
1 0 0 1 2 0 1284 310 1793 0 
0 50 0 22 346 1565 1 0 1 0 
5013 0 0 0 1 0 1 0 0 0 
3616 1 0 0 0 5 51 0 0 48 
0 0 0 0 668 0 0 0 0 0 
0 0 0 0 1 0 2456 0 0 0 
2566 5 0 0 0 0 0 0 0 0 
245 0 2 0 0 4297 967 0 0 0 
4 2 0 9 684 0 0 0 0 0 
2853 0 0 0 0 0 0 0 0 0 
4882 0 0 0 0 0 0 0 0 0 
0 0 0 0 0 2205 0 0 0 0 
1229 12 10 181 0 8 0 0 0 4 
0 911 0 0 1 0 0 0 0 0 
0 0 0 0 0 422 429 0 0 0 
0 0 0 0 0 0 236 0 0 0 
5 0 0 0 0 1162 0 0 0 0 
0 0 0 429 4 0 0 0 0 0 
4 1 0 0 0 0 437 0 0 3 
7 0 1 0 0 12 131 21 0 709 
0 0 0 2 0 674 535 0 0 0 
0 0 0 0 0 0 0 0 263 0 
428 0 1428 0 53 0 0 0 0 16 
256 66 7 24 0 0 18 0 3 0 
0 0 0 0 0 0 883 0 0 0 
325 8 0 0 0 0 0 5 0 1 
0 157 0 0 0 0 0 0 0 0 
0 0 239 0 0 0 0 0 0 0 
1698 13 0 0 0 178 0 0 0 1 
829 0 1125 0 0 1055 90 1 0 63 
0 0 0 0 0 0 0 0 337 0 
0 0 1 6280 732 0 0 0 0 0 
0 0 0 0 0 26 284 0 0 0 
0 0 0 43 386 0 2 0 0 0 
0 0 0 0 0 0 0 0 191 0 
1 262 0 1 0 63 0 0 5 1 
0 0 0 0 203 0 0 0 0 0 
0 0 1 0 17 412 289 0 0 0 
0 0 0 0 114 0 0 0 0 0 
6 233 0 1 0 322 0 1 0 1 
1 0 0 0 0 335 0 9 0 8 
0 0 0 86 36 0 164 0 0 0 
21 213 0 0 0 2 0 25 2 0 
157 34 0 1752 18 0 6 4 0 0 
0 30 1 0 3 0 312 2 0 14 
1 0 0 135 0 0 0 0 0 55 
0 0 0 0 0 160 0 3 0 0 
913 0 1 0 0 0 0 0 5 0 
0 0 0 0 0 1 0 0 0 425 
96 0 164 1 0 0 0 6 0 12 
