9365 337 6 4 0 34 0 1 0 0 
396 6 0 8 4246 3066 19 1 0 0 
0 0 0 0 0 1 2738 620 2 0 
0 5399 0 0 0 0 0 0 0 1 
3836 0 0 0 0 0 0 0 0 0 
1 4 0 2 12 1 1133 389 1368 2 
0 39 0 15 435 1485 1 0 0 2 
5017 0 0 0 6 0 0 0 0 0 
3572 2 0 4 1 3 46 0 0 92 
0 0 0 0 672 0 0 0 0 0 
0 0 0 0 0 0 2444 0 0 0 
2479 0 0 0 0 0 4 0 0 0 
185 0 0 0 6 3935 881 0 0 0 
27 0 0 33 640 0 0 0 2 2 
2871 0 1 5 0 0 0 0 4 0 
4796 0 0 0 0 0 0 0 0 0 
1 0 0 0 0 2181 0 0 0 0 
1227 1 0 140 0 32 16 8 2 28 
0 945 0 0 1 0 0 0 0 0 
0 0 0 0 0 395 450 0 0 0 
0 0 0 0 0 0 236 0 0 0 
3 1 0 0 0 1145 0 0 0 0 
0 0 0 427 3 0 0 0 0 0 
1 1 0 0 0 0 440 0 3 0 
7 0 7 0 110 0 0 2 0 759 
0 0 1 0 0 660 552 0 0 0 
0 0 0 0 0 0 0 0 263 0 
404 0 1505 0 26 2 4 5 40 0 
349 1 0 0 0 0 0 20 0 6 
0 0 0 0 0 0 905 0 0 0 
353 1 0 3 0 0 0 0 0 0 
0 156 0 0 0 1 0 0 0 0 
0 0 242 0 0 0 0 1 0 0 
1667 9 0 0 0 325 0 0 0 0 
1265 2 12 0 10 1877 32 8 13 0 
0 0 0 0 0 0 0 0 336 1 
0 0 0 6275 733 0 0 0 0 0 
0 0 0 0 0 22 290 0 0 0 
0 0 0 31 391 0 0 0 0 0 
0 2 0 0 0 0 0 0 197 0 
14 2 176 0 8 0 24 6 100 0 
4 0 188 0 1 5 0 0 0 3 
0 1 0 0 8 397 320 0 0 0 
0 0 0 0 114 0 0 0 0 0 
3 285 0 0 0 277 6 0 0 2 
1 4 0 16 0 335 0 0 0 0 
0 0 55 48 7 2 0 1 0 175 
0 221 2 0 0 0 0 40 0 0 
42 46 11 1759 7 77 16 0 0 0 
0 1 0 3 13 3 355 0 0 0 
0 0 1 149 0 0 0 0 0 44 
1 0 0 0 0 159 0 0 0 0 
942 0 0 0 0 0 0 17 0 0 
0 0 0 1 0 0 0 0 0 432 
0 0 316 0 0 0 0 0 0 0 
553 0 0 1 0 0 1 0 4 0 
0 23 7 55 0 264 0 0 6 105 
