5639 0 0 41 69 927 3529 0 1 0 
7780 31 3 3 9 0 0 0 0 0 
270 0 0 16 0 1 3092 0 4 0 
8 2937 48 0 3 2346 26 0 0 1 
0 1 0 0 0 3641 5 264 3 0 
2 0 0 0 0 0 3321 48 0 2 
0 848 0 816 140 140 8 0 0 0 
3567 3 1084 378 69 23 9 0 14 1 
279 0 0 0 0 0 0 1 1775 1772 
412 270 3 0 0 0 0 1 0 0 
8 29 0 1 0 0 43 68 278 2038 
2870 0 0 0 0 0 0 0 0 0 
5532 0 0 0 0 0 0 0 1 0 
0 0 0 246 438 0 0 0 0 2 
0 0 2 0 0 0 2836 0 0 0 
2197 0 0 27 0 0 2706 0 4 2 
0 0 0 0 6 2210 0 0 0 0 
0 0 0 1424 0 0 0 0 5 9 
0 0 0 24 6 895 6 0 6 1 
0 0 523 0 0 288 38 1 0 0 
0 0 0 0 0 0 0 1 235 0 
1170 0 0 0 0 0 0 0 0 0 
0 0 0 0 313 124 0 0 0 0 
1 0 0 0 0 430 17 0 0 0 
0 0 0 0 1 0 4 0 869 6 
0 0 0 33 22 901 264 0 0 0 
0 0 0 0 0 0 0 0 261 2 
1343 0 657 0 0 0 3 0 3 0 
0 0 0 0 368 0 0 0 0 1 
854 0 0 0 0 0 0 1 0 0 
1 3 0 0 0 0 334 0 0 0 
0 0 0 0 78 79 0 0 0 0 
0 0 0 0 0 235 5 0 0 0 
1899 0 0 0 0 0 0 7 0 0 
0 0 51 1 3 3088 2 2 0 0 
0 1 0 36 18 0 0 0 226 57 
0 0 0 375 5728 964 0 0 0 0 
0 0 0 0 0 0 307 0 0 0 
0 0 0 399 33 0 0 0 0 0 
0 0 0 0 0 144 0 46 0 0 
4 11 0 0 0 0 176 0 138 0 
0 6 0 0 1 0 0 148 0 47 
0 0 0 0 0 157 573 0 0 0 
10 17 0 3 13 71 0 0 0 0 
1 551 0 0 0 0 0 0 0 0 
0 6 6 0 0 1 345 0 0 0 
0 0 0 0 0 0 282 0 0 0 
0 11 0 16 42 192 3 1 0 0 
0 3 5 7 145 1489 0 0 351 0 
102 99 2 3 12 0 97 0 0 20 
0 0 0 172 0 14 0 0 1 0 
0 15 5 4 0 0 0 138 0 0 
556 0 0 0 0 8 0 0 0 0 
