5441 9 0 50 74 1052 3322 0 0 0 
7761 26 0 0 4 0 18 0 0 0 
371 2 0 1 62 60 2864 0 0 0 
21 3065 157 0 0 2125 16 0 0 3 
0 0 0 0 0 3755 14 177 0 0 
0 0 0 0 0 0 3333 52 0 0 
0 848 2 900 132 101 0 0 0 0 
3365 0 1252 278 86 42 0 0 1 0 
373 0 0 11 0 2 0 0 2244 1116 
364 298 1 0 0 4 0 0 0 0 
7 0 0 0 0 5 69 73 231 2075 
2817 0 0 0 0 0 1 0 0 0 
5496 2 0 0 0 0 0 0 9 0 
0 0 0 264 414 14 0 0 0 0 
0 0 0 0 0 0 2865 0 0 0 
1989 0 0 0 0 0 2899 5 1 0 
0 0 0 0 4 2198 0 0 0 0 
0 0 0 1440 0 0 0 0 0 0 
0 0 0 3 14 912 0 1 0 0 
0 27 422 4 1 384 12 0 0 0 
0 0 0 1 0 0 0 0 235 0 
1175 0 0 0 0 1 0 0 0 0 
0 0 0 0 307 126 0 0 0 0 
0 0 0 1 0 426 20 0 0 0 
14 0 0 3 0 2 2 0 862 0 
0 0 0 41 5 907 260 0 0 0 
0 0 0 0 0 0 0 0 263 0 
1280 0 701 1 8 0 0 2 0 0 
0 0 0 0 373 0 0 0 0 0 
883 0 0 0 0 0 0 0 0 0 
0 2 0 4 0 3 333 0 0 1 
0 0 2 0 74 81 0 0 0 0 
12 3 0 0 0 226 0 0 0 0 
1922 0 0 0 0 0 0 0 0 1 
6 0 33 4 4 3120 5 0 0 1 
12 0 0 0 0 0 1 1 323 0 
0 0 0 374 5645 992 0 0 0 0 
0 0 0 0 0 0 308 0 0 0 
0 0 0 398 34 0 0 0 0 0 
49 0 0 0 0 32 25 18 67 0 
0 0 164 40 0 0 106 17 0 6 
24 0 128 0 0 0 0 0 0 50 
1 0 0 0 0 191 527 0 0 0 
0 0 1 13 0 100 0 0 0 0 
0 556 0 0 0 1 0 0 0 0 
1 45 0 8 2 0 301 0 0 0 
0 0 0 0 0 0 285 0 0 0 
13 0 16 0 0 221 0 0 0 14 
0 0 0 8 144 1360 11 0 456 3 
308 12 39 0 3 0 0 0 0 0 
0 0 0 198 0 0 0 0 0 0 
0 0 0 1 0 1 0 160 0 0 
663 0 5 0 0 0 0 0 0 0 
10 0 0 1 2 1 0 0 30 365 
