9718 389 1 14 0 37 22 2 0 438 
588 0 0 0 3947 4018 5 1 4 0 
1 8 1 1 0 21 2810 597 0 1 
0 5422 1 1 0 0 0 0 0 0 
3856 0 0 0 0 0 0 0 0 84 
4 0 0 0 0 0 1572 197 1641 0 
0 44 0 8 367 1572 1 0 0 0 
5029 0 0 0 15 0 0 1 0 0 
3172 0 0 1 0 9 20 0 0 623 
0 0 0 0 682 0 0 0 0 0 
1 0 0 0 0 0 2492 1 0 0 
2844 0 0 0 0 0 0 0 0 0 
227 3 1 0 0 4434 1189 1 1 0 
42 24 0 428 35 13 0 57 0 0 
2823 0 0 0 2 0 0 0 0 0 
5004 0 0 0 0 0 0 0 0 0 
6 0 0 6 3 2167 30 0 0 0 
1012 0 0 289 6 18 0 2 81 15 
0 908 0 0 1 1 0 0 0 0 
2 0 0 2 0 392 453 0 0 0 
0 0 0 0 0 0 236 0 0 0 
7 0 0 1 0 1144 0 4 0 0 
0 0 0 438 3 0 0 0 0 0 
4 2 0 0 0 0 432 0 0 0 
1 0 0 6 2 0 120 0 0 760 
0 0 0 0 0 624 537 0 0 0 
0 0 0 0 0 0 0 0 263 0 
306 0 1610 0 21 4 0 0 1 0 
250 0 0 52 10 0 0 0 0 31 
0 0 0 0 0 0 809 0 0 0 
334 0 0 0 0 0 0 0 0 0 
0 138 0 0 0 0 0 0 0 0 
0 0 238 0 0 0 2 0 0 3 
1681 0 0 0 0 171 0 0 0 0 
883 0 781 0 10 1268 130 83 0 0 
1 0 0 0 0 0 0 0 336 0 
0 0 0 6268 910 3 0 1 0 0 
0 0 0 0 0 15 275 0 0 0 
0 0 0 38 394 0 1 0 0 0 
0 0 0 0 0 0 0 0 190 0 
320 0 0 1 0 5 0 0 0 0 
0 9 2 0 16 0 1 173 0 2 
1 0 0 0 17 421 258 0 0 0 
0 0 0 0 114 0 0 0 0 0 
3 307 0 0 0 230 0 0 0 0 
120 124 2 4 0 1 77 3 0 0 
10 0 0 14 3 0 159 0 18 0 
179 0 0 41 0 1 0 0 0 0 
98 43 28 1662 14 219 0 0 46 0 
