5582 0 0 34 102 842 3399 0 0 1 
7855 7 0 0 0 0 3 1 0 0 
514 4 2 0 37 68 2763 8 0 0 
23 2963 51 0 14 2283 59 0 0 0 
0 0 0 1 1 3691 8 217 0 0 
1 0 0 0 0 0 3314 54 0 0 
1 847 1 870 136 99 0 0 0 0 
3731 0 1000 189 55 22 47 1 0 0 
280 1 0 0 0 0 0 0 2073 1473 
415 241 0 0 0 0 0 0 0 0 
4 0 0 0 0 0 43 160 275 1977 
2861 0 0 0 0 0 0 0 0 1 
5545 0 0 0 0 0 0 0 0 0 
1 1 0 260 421 17 0 0 0 0 
0 0 0 0 0 0 2860 0 0 0 
1862 0 0 86 0 2 2968 1 0 0 
0 0 0 0 7 2209 0 0 0 0 
2 0 0 1440 0 0 0 0 7 0 
0 0 0 12 14 907 1 0 0 0 
0 20 554 0 0 239 10 30 0 0 
0 0 0 0 0 0 0 0 236 0 
1171 0 0 0 0 0 0 0 0 0 
0 0 0 0 313 115 0 0 0 0 
0 1 2 0 0 430 12 0 0 0 
0 0 1 0 0 5 0 38 840 0 
1 0 0 17 21 928 259 0 0 0 
0 1 0 0 1 0 1 0 260 0 
1403 3 598 0 0 0 0 1 0 0 
0 0 0 0 375 0 0 0 0 0 
844 0 0 0 0 0 1 0 0 0 
0 0 0 1 2 0 332 0 9 0 
0 0 0 0 81 76 0 0 0 0 
0 0 0 0 0 239 0 0 0 1 
1881 0 0 0 0 0 0 0 1 2 
0 0 47 9 2 3106 9 0 0 2 
0 1 9 0 0 1 0 0 327 0 
0 0 0 345 5642 1038 0 0 1 0 
0 0 0 0 0 0 306 2 0 0 
0 0 0 408 21 0 0 0 0 0 
0 14 0 3 32 136 0 0 5 0 
0 0 0 31 0 0 174 2 119 0 
9 2 15 3 0 0 1 31 50 91 
0 0 0 0 13 136 557 0 7 0 
0 1 0 36 0 71 0 5 1 0 
1 551 0 0 0 0 0 0 0 1 
0 8 0 2 6 0 245 56 44 0 
0 0 0 0 0 0 284 0 0 0 
0 0 5 80 0 179 0 0 0 0 
14 0 0 7 131 1358 0 0 485 0 
205 5 0 19 114 0 0 0 11 0 
1 0 0 184 0 0 0 0 0 0 
1 0 0 2 0 0 0 159 0 0 
558 0 0 0 0 0 0 0 0 0 
191 0 0 0 1 18 108 1 0 0 
