9465 271 0 1 0 9 0 3 0 0 
329 0 0 26 4254 3137 7 0 0 0 
5 0 0 3 0 0 2644 717 0 0 
0 5383 0 0 2 0 0 0 0 3 
3836 0 0 0 0 0 0 0 0 0 
6 0 0 20 0 0 1174 322 1390 0 
0 65 0 26 392 1487 0 0 1 0 
5022 0 0 0 10 0 0 0 0 0 
3627 0 0 0 0 2 13 0 0 78 
0 0 0 0 656 0 0 0 0 0 
0 0 0 0 0 0 2437 0 0 0 
2472 0 0 1 0 0 1 0 0 0 
125 0 3 0 0 3903 968 0 0 0 
7 0 0 21 660 0 0 2 0 15 
2885 0 0 0 0 4 0 0 0 0 
4777 0 0 0 0 0 0 0 0 0 
0 3 0 0 0 2192 0 0 0 0 
1270 0 11 154 0 4 1 0 0 12 
0 946 0 0 2 0 0 0 0 0 
0 0 0 0 0 388 459 0 0 0 
0 0 0 0 0 0 235 0 0 1 
3 0 0 0 0 1148 0 0 0 0 
0 0 0 428 3 0 0 0 0 0 
1 1 0 0 0 0 444 0 0 0 
36 0 18 0 15 4 0 0 2 809 
0 0 0 0 0 684 532 0 0 0 
0 0 0 0 0 0 0 0 263 0 
416 0 1475 0 85 1 2 0 7 2 
364 8 1 1 0 0 0 0 0 0 
0 0 0 0 0 0 902 0 0 0 
362 1 0 0 0 0 0 3 0 0 
0 157 0 0 0 0 0 0 0 0 
0 1 239 0 3 0 0 0 0 0 
1673 0 2 0 0 346 0 0 0 0 
1279 45 25 0 0 1790 70 0 1 1 
0 0 0 0 0 0 0 0 337 0 
0 0 2 6241 759 0 0 0 0 0 
0 0 0 0 0 25 288 0 0 0 
0 0 0 23 400 0 1 0 0 0 
0 0 0 6 0 0 0 0 193 0 
14 0 196 1 3 0 59 0 57 0 
0 0 201 0 0 0 0 0 0 0 
0 0 0 0 8 429 288 0 0 0 
0 0 0 0 112 0 0 0 0 2 
8 323 0 0 0 241 0 0 0 0 
0 0 0 0 8 331 20 0 0 0 
0 0 41 219 0 2 0 0 0 26 
0 200 5 0 3 3 0 39 10 5 
27 48 0 1798 1 49 31 0 2 0 
0 4 0 0 3 0 367 0 0 0 
0 0 0 149 0 0 0 0 0 45 
0 0 0 0 0 159 0 0 0 0 
901 0 0 0 0 0 0 58 0 0 
0 0 0 1 0 0 0 0 0 432 
0 0 315 0 0 0 0 0 1 0 
551 0 4 0 0 2 0 0 0 0 
1 20 20 27 0 292 18 0 0 87 
