5319 5 3 40 102 877 3397 0 0 1 
7721 4 0 0 3 0 0 0 0 0 
136 0 1 0 0 0 3224 0 1 0 
6 2926 31 0 0 2357 68 8 1 0 
0 0 0 6 1 3809 14 2 0 0 
0 0 0 0 0 0 2912 0 0 3 
0 876 0 861 149 88 0 0 0 0 
3872 0 404 460 203 57 6 8 0 1 
258 0 0 24 0 0 0 0 2467 969 
371 295 0 0 0 0 0 0 2 0 
18 3 0 0 5 3 13 122 259 2020 
2475 0 0 0 0 0 0 0 0 0 
4980 0 0 27 2 0 0 0 1 0 
0 0 0 283 417 0 0 0 0 0 
0 0 0 0 0 0 2882 0 0 0 
2074 0 0 0 0 0 2716 0 5 0 
0 0 0 0 8 2171 0 0 0 1 
0 5 0 1444 0 0 0 4 0 0 
0 9 1 14 17 907 0 0 0 0 
0 0 542 0 0 281 20 2 0 0 
0 0 0 0 0 0 0 0 236 0 
1150 0 0 0 0 0 0 0 0 0 
0 0 0 0 331 107 0 0 0 0 
0 1 0 1 7 426 8 0 1 1 
0 0 0 0 0 12 18 6 849 0 
0 0 0 51 7 924 229 0 0 3 
0 0 0 0 0 0 0 0 263 0 
1992 0 0 3 0 0 0 0 0 0 
0 0 0 0 375 0 0 0 0 0 
901 3 0 0 0 0 1 0 0 0 
0 0 0 0 0 0 367 0 0 0 
0 0 0 0 77 80 0 0 0 0 
0 5 0 0 0 238 0 0 0 0 
2009 0 0 0 0 0 0 3 0 0 
0 0 0 3 17 3200 7 0 0 0 
51 0 0 0 0 0 4 1 281 0 
0 0 1 317 5697 981 1 0 0 1 
0 0 0 0 0 0 313 0 0 0 
0 0 0 391 38 0 0 0 0 0 
58 3 14 0 0 123 0 0 0 0 
0 0 40 68 4 73 71 53 6 15 
1 18 60 0 0 0 0 122 0 0 
0 6 0 0 0 136 582 0 0 0 
25 0 1 0 1 82 0 0 3 2 
0 573 0 0 0 0 0 0 0 0 
0 1 1 0 21 0 315 5 0 15 
0 0 0 0 0 1 287 0 0 0 
0 171 2 1 0 76 0 0 13 0 
0 0 0 21 163 1308 1 1 462 0 
130 67 0 0 160 0 14 0 0 2 
0 0 0 192 1 0 0 1 0 0 
0 0 4 0 0 0 1 156 0 0 
964 0 0 0 0 0 0 0 0 0 
0 0 0 0 0 2 0 0 0 431 
0 0 314 0 0 0 0 1 1 0 
0 0 0 0 0 0 12 547 0 0 
437 0 0 0 0 14 0 15 0 0 
