114 0 0 1343 5564 894 63 0 
0 0 0 0 0 0 126 123 
3 0 0 0 1 4172 98 153 
6473 40 17 11 0 3 11 1086 
173 536 5 1016 0 0 118 15 
0 6 0 35 0 17 8730 0 
6105 0 0 0 4 73 0 0 
0 0 0 0 0 5298 1 0 
1 0 0 0 8209 20 1 0 
0 0 0 0 19 3078 0 0 
3501 0 0 0 0 0 5 0 
0 357 0 71 0 0 1112 0 
0 0 0 0 62 55 949 0 
1444 0 0 233 37 3 0 1 
0 0 0 0 0 0 487 0 
0 4122 111 434 0 1 24 0 
0 0 5 0 0 10 1369 3497 
134 0 7 3 0 0 827 346 
0 0 0 0 2928 22 0 0 
0 0 0 0 0 591 0 1 
0 0 0 0 0 0 2260 0 
0 0 0 0 0 0 3426 0 
0 5 1 0 541 0 0 0 
0 0 0 0 0 658 434 1298 
0 0 0 1 7204 0 0 0 
0 0 0 246 41 1187 0 0 
0 233 219 868 7256 2 4 0 
0 8 2 0 2 3736 0 0 
1746 3 0 0 2 0 14 0 
6 1419 0 0 1 0 15 84 
0 13 1 0 0 0 26 2164 
5 0 1 780 0 106 154 0 
0 2 0 0 5201 0 0 1 
0 0 234 101 60 365 0 0 
0 1420 0 1449 0 0 24 0 
0 0 0 13 5 0 3287 0 
0 0 0 0 0 0 341 0 
0 146 5 7 289 1357 19 2 
