297 279 0 159 240 3426 5498 0 
0 0 816 0 52 0 0 0 
62 0 0 0 1 1553 2285 629 
44 104 0 0 0 6 6840 425 
0 0 0 0 0 4601 0 0 
38 28 1364 8875 454 2 1384 0 
470 0 227 66 0 5461 26 3 
1804 0 0 3429 0 23 36 9 
0 0 0 0 303 12383 86 0 
0 573 22 92 1676 505 239 0 
0 0 0 0 0 0 3772 0 
49 0 797 311 0 3 2 392 
0 0 0 0 0 0 1066 0 
1707 1 0 41 0 0 5 0 
0 2 0 0 0 0 485 0 
117 2687 1894 0 0 52 1 1 
0 0 0 0 0 0 4866 0 
1230 1 0 0 0 1 0 107 
0 0 0 0 0 0 2938 0 
0 0 0 0 0 591 0 0 
0 0 0 0 1 0 2261 0 
1719 0 58 0 4 0 763 998 
0 0 0 0 0 325 0 0 
0 0 0 0 0 2326 1 0 
0 0 0 0 11 7246 0 0 
0 0 297 1086 149 0 0 2 
2 2109 550 2957 2575 399 8 0 
0 0 0 0 0 3845 0 0 
1890 0 0 0 0 0 0 0 
0 1462 0 1 1 0 0 0 
0 85 0 2 0 0 881 1231 
0 0 0 4 0 976 0 2 
0 0 0 0 0 763 0 0 
