0 6 0 0 0 0 24066 38 
2 0 0 0 0 0 646 21962 
0 1 10207 0 31 0 0 0 
0 0 242 0 447 3 0 0 
1 2 9253 0 0 1 0 0 
0 9005 0 0 0 0 0 1 
0 0 2 1 0 2 9906 0 
0 0 0 2 0 0 858 98 
0 0 1 0 0 0 33035 60 
0 8 0 0 0 0 0 13005 
0 0 5105 0 0 0 0 1 
0 19066 1 0 272 104 0 0 
0 0 0 0 0 0 0 1187 
0 1 0 0 2249 0 0 0 
0 0 3534 0 0 12 0 0 
129 245 6 0 0 51 0 3025 
2407 0 0 1 1 0 0 0 
0 0 1 0 0 0 4528 0 
0 0 9 26 0 0 9338 0 
0 0 0 0 5 0 11053 0 
0 5819 0 0 1 0 0 1 
0 7 0 0 14 17 566 997 
1 0 0 0 0 0 141 12029 
0 0 0 0 0 1 10704 76 
0 2268 0 3 0 0 0 1 
0 1 0 152 901 0 0 0 
0 843 0 0 0 0 0 3 
0 4 0 0 57 85 1557 44 
0 4735 0 0 0 0 86 6 
0 0 1 0 0 0 24 8465 
0 0 5 0 2558 0 0 0 
0 0 1 0 0 0 4617 0 
0 0 1616 0 151 0 603 0 
0 0 0 0 50 0 929 42 
0 7 3 0 633 0 233 1 
0 5112 0 0 0 0 32 24 
0 0 47 371 0 0 0 198 
0 0 0 0 0 0 0 9912 
1 543 0 0 198 24 0 88 
0 2 0 0 0 1 6879 0 
16 0 6949 938 1859 0 4 1004 
3 597 1 0 0 0 644 4 
0 2531 0 15 2 0 0 0 
0 1 1 0 2 0 4597 4 
0 0 7905 15 0 0 1 1 
13 4834 2450 2 0 0 4114 31 
0 0 218 0 0 2 161 33 
0 0 0 2 2 69 745 5007 
0 4 569 0 0 170 211 281 
0 0 0 0 3 0 0 2886 
0 0 0 0 0 0 0 4374 
0 0 0 1 0 0 0 1002 
1 1 0 0 0 0 396 492 
0 0 0 0 1 1 0 296 
0 0 0 0 0 0 7709 0 
7 0 0 0 0 368 252 0 
0 0 0 0 0 0 357 1383 
10 1782 0 0 1 5 233 0 
0 0 0 0 0 0 2 2590 
0 0 0 0 0 0 3859 0 
228 0 0 2 0 13 1 1428 
152 554 13 1 0 0 0 1325 
0 0 0 0 0 1 1482 0 
8 0 397 2 0 1 1 0 
63 0 4267 3 0 0 0 3 
0 0 0 8 0 0 516 0 
594 0 0 0 1 0 0 1 
0 0 0 0 0 0 0 1526 
0 555 925 0 7 0 0 79 
14 0 0 0 4 0 98 762 
11 1 72 0 2 0 1435 0 
0 590 0 0 0 0 0 22 
0 702 133 0 0 7 0 568 
771 2 0 0 0 0 0 12 
0 0 0 0 0 0 0 949 
0 5 0 0 0 7 0 545 
0 706 0 3 0 0 134 51 
0 0 0 0 0 2 0 2157 
0 0 0 0 0 0 0 670 
0 0 2886 0 0 0 0 0 
0 1871 0 39 1 1 41 0 
0 0 765 0 0 2 86 0 
0 2 985 1 0 0 389 0 
0 0 1 1 0 3 558 348 
0 0 389 0 8 9 0 3 
2 6476 0 0 0 31 10 3964 
0 0 0 0 1 0 11100 42 
0 0 0 0 0 533 34 0 
1 0 1 1 0 0 1288 0 
0 3 20 0 0 0 266 0 
0 0 0 0 782 339 1 0 
0 27 4 0 826 25 2 0 
0 3 83 0 94 5 892 1 
0 0 860 0 0 0 0 0 
0 1 259 0 0 1 113 0 
0 0 821 0 1 0 0 0 
0 0 0 737 0 0 1 1 
5 129 0 1 3 0 56 0 
193 290 0 0 0 0 1 52 
1 0 1 1 0 0 631 25 
0 0 0 0 0 12 0 420 
0 0 0 0 0 0 0 8757 
7 0 6 1 61 0 47 464 
16 0 0 608 606 0 1977 0 
0 2 9 9 0 0 2687 330 
0 0 0 0 0 0 0 1196 
0 0 0 0 0 0 285 0 
0 0 5534 0 12 0 0 1 
0 0 0 6 1 1 916 0 
0 0 1 0 0 922 1 2 
0 2 4 0 0 0 6011 11 
4 0 1 0 1018 0 54 10 
0 1 0 0 0 0 5567 0 
1 1 1916 0 38 0 20 1 
0 0 0 0 0 18 2513 0 
0 0 342 0 0 0 0 0 
1 0 0 0 0 8 318 183 
0 0 0 2 0 3 427 17 
0 0 0 0 0 0 0 205 
0 0 0 0 0 0 10342 406 
0 0 0 0 0 0 1107 0 
0 0 2730 4 188 3 0 380 
0 0 30 963 0 4 0 0 
0 0 0 0 0 0 5767 0 
1 0 0 0 0 0 6397 12 
1 2589 0 0 0 0 0 1 
0 0 0 0 0 10 8057 517 
0 0 3 0 0 0 0 687 
0 0 0 0 0 0 0 2016 
0 0 0 0 1 0 1227 0 
0 0 1 0 0 0 0 4582 
656 0 0 0 0 0 0 0 
0 0 0 0 0 0 1804 0 
