0 1 0 0 0 24306 0 0 
0 0 25 1 0 22302 308 0 
0 0 3 55 381 5906 3112 645 
0 116 247 1 0 0 0 333 
1793 146 1 0 0 0 83 7232 
404 3 0 0 0 1 0 8634 
0 2477 1515 2 319 2133 650 2787 
480 0 43 0 0 0 433 7 
0 0 0 0 23 33005 17 0 
773 12383 0 0 1 0 0 0 
78 0 0 0 0 0 303 4764 
24 0 82 0 263 10997 6463 1311 
8 0 0 0 69 1 1109 0 
1 3 0 0 0 0 0 2216 
0 1 0 0 3550 3 0 0 
0 0 0 0 0 3298 205 32 
0 1817 0 3 0 584 0 0 
0 4508 0 1 1 0 3 0 
0 1 7654 0 1258 502 0 0 
0 0 0 0 47 10989 0 0 
0 0 521 0 0 4876 0 428 
0 0 56 0 116 88 1146 147 
0 3 311 8 2969 8824 98 0 
0 10542 0 0 0 0 0 213 
2274 0 0 0 0 2 0 0 
0 0 1047 0 0 0 1 0 
112 6 1 0 0 0 671 69 
0 0 0 0 1 4 71 1665 
0 0 0 0 1 0 4684 157 
8477 0 0 1 0 0 0 4 
5 2553 1 0 0 1 2 0 
0 3 4726 0 0 1 0 0 
2367 0 0 0 3 0 0 0 
0 1 0 0 1 124 208 0 
0 0 0 0 0 0 29 865 
0 0 0 2 0 0 3835 1300 
0 311 0 0 2 302 0 0 
0 10649 0 0 0 0 0 0 
0 30 0 0 0 6 34 784 
2 50 1077 0 0 5744 7 0 
202 27 0 0 0 0 154 10433 
0 0 0 0 0 273 383 787 
0 2 53 6 1691 800 0 0 
0 0 4470 0 0 0 1 0 
0 0 0 0 144 7822 0 0 
0 0 68 0 47 11167 168 0 
306 0 108 0 0 0 0 0 
0 0 281 0 0 5534 0 0 
0 0 0 0 0 381 853 0 
0 2 2885 2 0 0 0 0 
0 3031 0 0 1 0 0 1 
0 0 0 0 0 0 1019 0 
482 0 0 0 0 1 455 0 
0 0 1 0 0 1 0 296 
0 0 0 0 2 7573 122 0 
0 0 0 0 21 0 0 606 
0 1 1682 50 2 0 0 5 
0 1 0 0 1 1559 180 275 
0 393 26 47 28 2023 68 7 
0 2 0 0 0 3883 0 1 
1 0 0 0 0 1285 392 0 
216 2 0 0 1 0 0 1823 
0 1442 6 0 0 3 0 0 
0 408 0 0 0 1 0 0 
46 65 0 0 0 0 0 4191 
11 0 9 0 0 0 202 302 
0 334 0 0 0 0 0 262 
3 0 0 0 0 0 1489 5 
0 0 0 0 0 0 93 1469 
0 0 0 0 0 0 4 874 
0 1392 114 0 11 0 5 0 
108 0 0 0 0 0 0 491 
0 0 70 0 0 626 714 0 
0 0 9 0 4 694 0 78 
1 272 0 0 0 327 237 0 
0 1 0 0 0 556 0 0 
1 0 0 0 0 0 1 892 
2059 64 0 0 0 0 0 0 
524 136 2 0 3 4 0 1 
0 0 0 0 0 0 1503 1395 
0 0 0 0 0 1939 0 0 
0 0 0 0 0 0 101 760 
0 0 0 0 0 212 1126 41 
757 0 153 0 0 0 0 1 
277 0 5 0 1 0 0 126 
0 0 0 0 0 1169 7370 1947 
0 0 0 0 0 11024 0 0 
4 47 515 0 1 0 0 0 
46 11 0 468 0 779 0 0 
1 0 1 1 0 0 280 6 
0 0 0 0 0 177 940 0 
0 0 0 0 58 828 0 0 
0 0 0 2 1 0 82 1006 
0 0 0 0 0 0 886 0 
1 0 0 28 0 1 20 324 
0 810 5 0 0 0 0 8 
0 0 744 0 1 0 0 0 
0 0 0 0 0 118 418 1 
1 239 418 1 0 0 0 0 
0 0 0 0 0 0 429 3 
2 9197 0 2 0 0 6 1 
0 0 579 0 6 0 0 1 
903 0 0 0 0 0 0 2318 
1 0 227 44 0 2710 0 0 
169 4 0 10 5 125 0 883 
46 0 0 0 18 0 208 0 
0 0 1 0 0 18 5456 80 
0 0 0 0 0 1 0 924 
1 0 0 0 0 0 367 558 
0 2177 3854 1 3 0 4 0 
0 0 0 0 0 48 197 837 
5171 165 0 0 0 0 5 217 
0 0 0 0 0 0 130 1843 
0 12 61 204 1 0 2177 0 
0 0 0 97 235 0 0 0 
0 3 143 0 1 0 0 363 
0 0 261 0 0 0 186 2 
0 0 0 0 2 0 0 203 
10594 0 0 0 0 0 0 150 
1 0 0 0 0 0 0 1093 
0 0 0 0 0 184 362 2758 
165 0 0 0 0 0 1 831 
1141 0 2 0 0 1 1 4645 
73 331 21 1 337 5020 434 176 
46 0 0 0 1 0 46 2476 
0 8669 0 0 0 0 0 0 
0 0 0 0 0 0 347 343 
2 0 0 59 2 109 1806 25 
265 0 0 0 0 0 0 948 
1 0 2 0 0 182 4428 0 
7 0 0 0 0 654 0 0 
5 0 3 3 592 1246 0 0 
11 10 0 0 0 6 774 0 
0 0 0 0 237 27 31 3 
