0 0 0 4 0 7035 63 0 
0 0 0 0 0 22306 333 0 
0 0 3 58 577 14889 2737 2 
0 2430 339 6 47 0 0 0 
286 0 0 0 0 0 0 9746 
1370 3 0 0 0 0 68 6623 
6 3128 2904 1 0 6829 0 2645 
16252 0 0 1 0 0 0 156 
0 0 3 0 0 26351 0 0 
0 0 0 0 0 463 1108 2478 
0 0 0 0 0 0 244 6760 
2 0 215 0 566 8224 8860 713 
0 0 50 0 2895 9169 202 0 
0 0 0 2 0 253 1328 3 
0 1662 0 0 0 1704 0 0 
0 0 9381 0 252 617 0 5 
0 0 1 0 0 14520 0 0 
0 0 7 0 0 2 4123 0 
0 0 0 0 12 0 2 425 
0 11526 0 0 0 1 2 1 
0 0 0 0 0 30213 24 0 
0 0 0 0 0 0 7604 1055 
0 0 1710 2 0 0 0 0 
2661 0 0 0 0 0 0 0 
0 8611 0 0 0 0 0 0 
0 20 146 0 0 3583 4846 2 
0 0 0 0 0 0 52 2051 
0 0 0 0 0 0 9 2266 
3738 0 0 0 0 0 0 0 
0 343 0 0 3 0 425 0 
0 11474 0 0 0 3 0 0 
0 2 1 0 0 0 143 930 
0 1055 0 0 0 0 636 227 
0 0 29 0 1450 3876 1 19 
0 1 0 0 1393 0 0 0 
0 1212 4040 27 0 3287 0 35 
1 0 0 0 0 0 3940 6 
5 3205 6 7 0 0 8 0 
279 0 336 0 5 0 0 182 
0 0 70 1 102 11652 0 0 
0 0 0 0 0 16 4125 0 
0 0 0 0 0 2159 1345 55 
1 4670 7 0 73 0 0 2 
1014 1295 0 0 28 0 2 1363 
0 12 498 0 1 806 2987 2 
0 0 0 0 2 0 39 586 
0 0 1 1 0 6712 92 1 
0 0 3676 5 0 0 0 0 
0 0 2 1 0 157 247 276 
84 0 0 0 0 0 0 2450 
0 1313 0 0 0 0 0 0 
0 489 1 0 0 0 0 0 
0 1 0 0 0 0 197 3829 
0 0 0 0 0 0 0 1488 
39 0 2442 0 39 775 2 32 
0 580 0 1 0 0 0 0 
2 0 1838 109 0 0 0 0 
0 9 1 0 0 0 1313 0 
0 0 0 0 0 0 4 1200 
0 806 281 0 0 1 2 0 
2 0 0 1 0 0 128 1293 
0 0 208 0 8 565 0 11 
1 5 9 1 0 416 0 468 
0 0 2 0 0 670 0 0 
202 0 0 0 0 59 0 0 
0 0 0 0 0 0 0 1953 
4567 0 1 2 30 0 0 0 
0 0 0 0 0 1886 0 0 
0 2 0 1 0 0 316 470 
0 0 3275 0 0 4 0 9 
840 415 0 0 0 0 0 141 
1360 0 2 8 0 0 76 0 
0 0 26 110 795 314 1 0 
0 0 0 0 0 0 3354 0 
0 0 1 0 0 0 26 1635 
0 0 0 0 0 12 509 0 
0 0 0 28 0 1 1295 8 
0 0 0 1 0 0 17 3152 
4 0 0 0 0 693 92 1 
4 750 0 4 0 0 0 3999 
0 1 0 0 0 5568 1089 3 
0 0 0 0 0 0 84 3171 
2137 4 2369 0 0 117 3 32 
0 0 1 0 0 0 3 409 
0 0 0 5 1 1 0 544 
0 10 0 477 0 0 0 0 
0 0 3063 0 0 0 0 0 
0 4 23 2 0 1571 0 0 
0 0 0 0 0 0 190 328 
2 2 0 0 0 83 115 768 
0 1272 0 0 0 1 0 0 
0 1133 0 0 0 0 0 1 
1 1 33 0 0 2 414 1043 
306 8 0 0 0 0 0 328 
0 1285 0 0 0 3 0 0 
182 0 0 0 0 0 0 14749 
98 0 0 2 0 442 8 13 
0 33 0 0 0 0 0 447 
0 1 0 0 343 375 0 0 
0 0 1 0 0 0 983 289 
0 0 1 0 75 677 2 0 
0 0 360 4 126 0 1044 0 
0 0 0 0 0 0 3866 17 
10979 5330 0 0 0 0 0 38 
314 115 0 0 0 0 0 13 
0 0 0 0 0 0 1014 0 
0 303 21 0 276 3456 6143 100 
0 0 0 0 1 9799 0 0 
