0 24 0 0 1 0 6450 590 
0 0 1 0 0 0 530 22281 
0 0 18283 0 15 10 0 0 
3 0 0 1 2816 0 3 0 
0 10032 0 0 0 0 0 0 
3 5 8049 0 0 4 0 0 
0 1 0 0 0 0 15468 0 
1 0 0 0 0 0 15932 475 
0 0 0 0 0 0 26305 0 
0 4 3711 136 123 60 7 0 
0 0 6835 0 0 0 1 167 
25 18446 0 0 0 112 1 0 
0 0 0 0 0 0 70 12133 
0 0 0 0 1183 395 0 0 
3356 0 2 0 3 0 0 0 
0 0 38 81 47 0 10087 0 
0 0 0 0 0 0 14612 0 
0 0 2 1 0 0 0 4102 
1 3 0 0 0 7 167 261 
0 0 0 0 0 0 11500 35 
0 0 0 0 0 0 30420 15 
0 8669 0 0 0 0 0 13 
0 0 0 1122 590 0 0 0 
0 2659 0 0 0 0 0 0 
0 0 2 0 0 0 8090 597 
8 526 10 1 1 166 0 7893 
0 0 0 0 0 0 2093 0 
0 0 0 0 2275 0 0 0 
1 0 3092 211 212 3 219 0 
0 4 90 476 1 0 0 201 
0 0 0 1 0 0 0 11399 
5 0 0 0 211 15 845 0 
3 0 0 0 1 0 1929 0 
0 5384 0 0 0 0 0 0 
0 0 0 0 0 0 1449 0 
0 2 0 1 0 50 8552 0 
0 1895 1 0 0 21 89 1934 
0 0 0 0 0 0 0 3245 
0 56 41 1 0 0 178 526 
0 1109 350 4 1 2 861 9513 
5 40 3837 0 1 39 41 178 
0 3166 0 6 0 174 183 1 
0 0 0 0 0 2 0 4813 
0 0 0 0 0 0 3694 0 
1 0 0 0 0 0 4236 69 
0 4 0 1 0 0 35 592 
0 0 1 0 0 3 6800 0 
0 1 0 0 1 0 30 3602 
0 538 1 0 10 9 124 1 
0 1625 0 1 0 0 0 910 
0 0 5 0 0 0 1276 0 
0 0 485 0 0 5 0 0 
0 0 3472 37 0 0 0 507 
0 220 0 0 0 0 1269 0 
0 0 0 0 0 0 3406 0 
586 0 0 0 0 0 0 0 
0 0 0 0 0 0 1983 31 
0 0 0 4 0 0 0 1266 
8 0 0 0 0 0 642 564 
0 0 0 2 8 0 1057 17 
0 1367 0 0 0 0 0 60 
0 376 66 0 3 7 0 344 
891 3 0 0 6 0 1 0 
2 0 0 0 0 0 1 669 
0 0 0 0 0 261 0 0 
0 0 1962 0 0 1 0 0 
0 0 0 0 0 7 0 4627 
0 1802 0 0 7 0 0 70 
0 2 780 1 0 0 6 0 
0 0 0 0 5 0 3225 0 
0 0 0 0 1 0 1395 0 
0 0 2 0 0 0 1451 0 
0 0 1219 0 0 0 0 10 
0 0 3349 0 0 0 0 0 
1 842 0 6 0 1 88 718 
0 0 0 0 0 0 522 0 
0 0 0 1 0 1 0 1394 
0 0 3141 0 0 0 0 7 
1 0 0 2 0 0 421 366 
0 3 0 0 0 0 4748 0 
18 4412 0 2 0 140 2097 0 
0 0 130 185 1052 0 1811 75 
1 0 0 0 0 0 4605 7 
0 47 16 0 0 1 165 184 
0 0 0 0 0 0 536 15 
1 0 0 0 0 0 0 486 
0 14 0 0 0 0 0 3092 
0 0 0 0 0 0 0 1591 
0 0 0 0 0 0 0 523 
0 0 0 0 908 0 63 0 
0 1 1270 0 0 0 0 0 
0 16 0 0 0 0 1058 0 
0 0 0 1 0 1473 0 20 
2 491 0 0 0 0 41 109 
33 4 780 0 22 5 442 6 
0 1100 7637 2591 2017 0 1610 2 
0 0 0 0 1 0 0 562 
18 0 0 0 0 0 459 3 
0 0 0 0 0 0 10070 128 
18 1239 0 2 3 9 5 0 
0 1 0 1 546 0 202 0 
0 0 0 1 4 1 995 533 
0 0 3883 0 0 0 0 0 
0 0 0 0 0 0 7 16304 
3 0 0 0 5 0 201 233 
0 1 0 0 0 0 0 1029 
0 1 0 0 0 0 0 10292 
