0 29 0 0 0 0 4229 707 
0 0 0 0 0 0 631 22812 
0 0 18374 0 9 12 3 0 
0 1 0 0 2810 0 0 0 
5 9583 0 0 0 0 2 6 
0 1 8369 0 0 0 4 0 
0 0 0 0 3 0 15125 0 
0 0 0 0 0 0 16008 652 
0 0 0 0 0 0 32534 0 
0 0 0 0 0 0 0 16244 
0 0 3860 116 142 38 3 0 
7 28 6645 0 6 0 0 299 
61 18142 103 0 4 211 0 107 
0 0 0 0 0 0 49 11915 
0 0 0 1 1367 285 0 0 
3382 0 0 0 0 0 0 0 
1 2 38 78 65 0 11574 0 
0 0 0 0 0 0 14678 0 
0 0 0 0 0 0 0 11603 
2 0 0 0 0 0 168 209 
0 0 0 1 0 0 11583 26 
0 0 0 0 0 0 32504 90 
0 8487 0 0 0 0 0 18 
0 0 0 1138 586 0 0 0 
0 2658 3 0 0 0 0 0 
0 0 0 0 0 0 8047 722 
126 842 103 0 65 301 552 6734 
0 0 0 0 0 0 2249 4 
0 0 1 1 2259 0 0 0 
0 0 2692 257 196 0 480 132 
0 16 83 462 0 0 5 207 
0 0 0 0 0 0 0 11776 
1 3 89 0 184 4 795 0 
0 0 0 0 0 0 1899 0 
0 5379 0 0 0 2 0 0 
0 0 0 0 1 0 1448 0 
0 0 0 0 0 61 7498 0 
0 2434 9 41 7 0 135 1297 
0 0 0 0 1 5 0 3328 
0 38 44 4 0 0 177 538 
14 1441 403 1 66 0 1840 7990 
0 42 6470 0 0 67 63 153 
2 2950 4 0 0 268 361 0 
0 0 0 0 0 0 0 4441 
0 0 0 1 0 0 3671 0 
3 0 1 0 0 0 4184 52 
0 1 0 0 0 0 45 586 
0 0 0 0 0 0 6776 0 
0 0 0 0 0 0 104 3680 
0 538 0 0 0 1 143 0 
1 0 0 1 0 0 0 2822 
1 1633 0 6 0 0 15 883 
0 0 0 1 0 0 1307 0 
0 0 487 0 0 3 0 0 
0 114 2298 0 104 90 317 971 
5 392 27 10 0 0 1059 2 
0 0 0 0 0 4 2551 0 
565 0 0 0 0 0 0 0 
2 0 0 0 0 0 2058 38 
0 0 0 0 0 0 0 1454 
11 0 0 1 0 0 606 598 
0 0 19 4 0 0 1098 1 
2 1441 0 0 0 13 0 32 
0 336 70 0 0 2 0 405 
899 0 0 0 0 0 2 0 
0 0 0 1 5 0 3 663 
0 1 0 0 0 255 0 0 
0 0 1913 0 0 0 0 0 
0 0 0 0 0 7 0 4596 
0 1786 19 0 0 0 48 10 
0 0 695 0 18 0 45 66 
0 0 0 0 1 0 3916 0 
0 0 0 0 5 0 1259 11 
0 0 0 0 0 0 1448 0 
0 329 123 0 0 0 0 0 
0 0 1258 1 1 0 0 0 
0 0 3633 0 0 0 0 0 
0 763 0 3 5 0 159 716 
0 0 2 0 0 0 524 0 
0 0 0 0 0 0 0 1872 
0 2 2709 0 159 0 241 0 
0 0 0 0 0 0 408 363 
0 0 0 0 0 0 4697 0 
0 3992 186 0 130 193 2129 22 
0 0 73 212 1153 0 1651 97 
0 0 0 0 0 0 4752 22 
0 84 0 1 0 0 264 85 
0 13 0 0 0 0 538 0 
0 0 0 0 0 0 62 451 
0 15 2 0 0 0 0 2974 
0 1 0 0 0 0 0 1428 
2 0 11 0 0 0 0 504 
0 0 2 0 944 0 26 0 
0 0 1387 0 0 0 0 0 
0 15 35 0 0 0 792 282 
0 1 0 0 0 1512 0 20 
0 519 0 1 0 1 0 124 
0 0 503 0 0 0 401 267 
0 650 6057 1540 2242 0 3813 599 
0 1 0 0 1 0 0 518 
0 0 48 14 0 9 337 72 
0 0 0 0 0 1 4254 63 
0 1229 5 0 0 0 21 18 
4 11 0 0 112 0 216 4 
18 6 19 0 0 0 631 767 
2 0 668 0 0 0 5 0 
