0 39 0 0 0 0 6733 651 
0 0 0 0 0 0 462 21966 
0 0 18214 0 24 11 1 0 
0 0 0 0 2855 0 0 0 
0 9961 0 3 0 0 0 0 
0 2 8090 0 1 0 0 0 
0 0 0 1 0 0 15648 0 
0 0 0 0 0 0 15870 473 
0 0 0 0 0 0 26233 0 
0 0 3636 199 152 0 12 5 
0 0 6802 7 1 0 0 190 
0 18617 0 1 1 75 0 0 
0 0 0 0 1 0 97 12399 
0 0 0 0 1162 424 0 0 
3339 0 0 0 0 0 0 0 
0 2 45 69 69 1 9889 0 
0 0 0 0 0 0 14727 0 
0 0 0 0 1 0 1 4363 
0 0 0 0 1 0 151 287 
0 0 0 0 0 0 11489 32 
0 0 0 0 0 0 29940 12 
0 7371 0 0 0 0 0 0 
1 0 0 1149 547 0 0 0 
3 2658 0 0 0 0 0 0 
0 0 4 0 0 0 8143 592 
0 829 18 69 0 156 79 7446 
0 0 0 0 0 0 2076 0 
0 0 0 0 2280 0 0 0 
0 0 3091 150 279 0 211 3 
0 4 75 558 0 0 1 132 
0 0 0 0 0 0 0 11426 
9 0 2 2 272 5 786 0 
0 1 0 0 0 0 1909 0 
0 5402 3 1 0 0 2 2 
0 0 0 0 0 0 1398 0 
3 0 0 0 0 87 8456 0 
0 1922 52 7 7 42 246 1703 
0 1 0 0 0 0 0 3231 
16 25 64 0 0 0 215 475 
27 1653 141 0 1 0 1062 8920 
1 51 3832 0 0 78 63 159 
0 3127 0 0 0 357 226 0 
0 0 0 0 0 0 0 4798 
0 0 0 0 0 0 3727 0 
1 0 0 0 0 0 4233 71 
0 0 5 0 0 0 22 605 
7 1 0 0 0 0 6772 0 
2 0 0 0 0 1 29 3606 
0 1853 0 0 0 1 80 20 
1 1792 4 0 0 0 19 694 
0 0 0 0 0 0 1268 0 
0 16 472 0 0 0 1 1 
3 0 3350 0 1 104 0 519 
0 294 0 0 0 1 1186 6 
0 1 0 0 0 0 3368 0 
608 0 0 0 0 0 0 0 
0 0 0 0 5 1 1944 48 
0 0 0 0 0 0 0 1237 
11 0 0 0 0 0 600 599 
0 0 11 0 0 0 1079 0 
0 1394 0 0 0 0 0 23 
0 394 164 1 0 3 0 230 
895 3 0 0 2 0 0 0 
0 0 10 0 0 4 2 650 
1 0 0 0 0 259 1 0 
0 0 1956 0 0 0 0 0 
0 0 0 0 0 8 0 4582 
12 1852 0 0 0 0 26 12 
14 0 666 0 66 47 0 0 
1 0 0 3 0 0 3230 1 
0 2 0 0 0 0 1488 0 
0 0 0 0 0 1 1432 0 
98 0 490 10 5 194 0 0 
0 0 3152 0 0 0 0 0 
26 776 0 0 0 0 93 760 
0 0 0 0 0 0 522 0 
0 0 0 0 0 0 0 1424 
9 4 3175 0 0 0 0 1 
0 0 20 0 0 4 484 271 
0 0 0 0 0 0 4780 0 
0 4766 12 6 0 178 1492 4 
0 0 107 154 942 0 1976 85 
0 0 0 0 2 0 4604 11 
0 55 0 1 0 0 208 149 
5 0 0 2 0 0 539 5 
0 0 0 3 0 0 0 484 
1 23 0 0 0 0 0 3082 
0 0 0 0 0 2 0 1598 
0 0 0 5 0 0 0 518 
2 0 0 0 926 0 41 1 
0 0 1269 0 0 0 0 0 
71 4 0 100 0 0 904 0 
0 0 0 0 0 1456 0 0 
0 474 3 0 0 0 2 162 
1 0 894 25 0 0 364 0 
21 1049 8424 2479 1719 0 987 269 
0 0 1 0 0 0 1 561 
0 0 22 0 0 154 4 316 
0 0 0 0 0 0 677 41 
36 1224 0 0 0 3 1 3 
0 3 0 0 520 0 232 0 
0 4 0 13 0 0 474 1038 
2 0 4071 0 0 0 0 0 
0 0 0 0 0 0 9 16367 
131 0 0 243 0 56 0 0 
0 0 0 0 0 0 0 10171 
0 0 2 0 0 0 9677 125 
0 0 0 0 0 0 0 903 
0 0 472 0 0 0 0 0 
