0 0 0 0 1075 3009 0 0 
0 0 1 8 6 6 671 0 
2204 0 0 1 3 0 52 0 
0 4 0 0 0 2207 0 4 
0 0 0 0 3852 3 1 0 
0 824 0 0 0 32 0 1 
0 5 0 0 0 553 2 0 
0 0 0 0 3 604 0 0 
0 0 0 0 0 0 1682 0 
0 1 0 0 0 0 2166 0 
1828 81 7 99 0 0 150 2 
0 0 0 0 2866 4 0 0 
0 2 129 1 0 2285 13 0 
0 98 5 2 96 1249 0 0 
22 0 41 0 76 207 7 0 
2 0 0 0 6 0 613 0 
0 0 0 0 0 1 659 0 
0 300 1 0 529 6 0 0 
0 0 0 875 12 17 0 0 
0 0 0 0 196 668 180 1 
0 0 0 0 0 3 847 13 
0 0 0 0 0 0 270 0 
0 0 0 0 1870 0 0 0 
0 45 72 525 0 450 9 0 
0 0 3 0 0 3 297 0 
0 0 0 0 334 0 0 0 
0 0 2 0 462 0 5 0 
6 69 336 209 0 0 0 0 
0 0 0 0 0 0 417 0 
2 0 1 0 3 1016 0 0 
0 89 137 281 0 354 254 29 
11 0 0 0 2 958 1 0 
0 0 0 0 0 0 943 0 
0 1 0 2262 0 15 0 0 
0 4 0 0 0 0 597 1151 
0 2 0 0 0 0 648 0 
0 0 0 0 0 1747 0 0 
0 0 0 1 0 3 574 847 
0 2 0 0 0 0 2158 2 
0 808 284 477 318 4 0 0 
0 0 0 0 26 0 0 694 
2076 0 0 1 0 11 0 0 
0 0 0 0 0 815 0 0 
0 0 0 0 1264 0 0 0 
0 0 0 1 319 0 0 0 
0 0 0 0 0 0 108 41 
0 0 0 0 0 0 491 0 
0 0 0 0 0 326 0 0 
2057 0 0 0 0 1 1 0 
63 2 0 1 0 351 0 30 
0 0 26 0 0 0 1290 34 
0 0 1 361 0 0 1 4 
0 0 29 421 304 1 148 0 
0 0 0 0 0 678 1 0 
251 2 2 79 8 8 15 151 
0 0 4 0 31 6 39 701 
0 0 0 0 21 295 0 0 
1 0 0 0 0 551 0 0 
0 0 0 4 2 1123 5 0 
