5 0 0 0 1490 2664 1 0 
0 2 6 3 16 0 539 0 
2226 0 3 0 11 0 23 0 
0 1 0 0 0 2760 0 0 
0 0 0 0 3900 9 0 0 
0 801 0 5 0 1 0 0 
6 0 0 2 11 908 4 9 
0 3 0 0 0 490 0 0 
79 0 11 80 297 147 0 0 
0 0 0 0 0 0 1690 0 
0 0 0 0 0 0 2154 0 
1720 24 0 66 146 0 235 4 
1 0 0 0 2923 4 0 0 
333 0 215 0 28 1823 1 4 
0 19 72 0 19 1288 154 52 
6 0 222 4 2 0 120 0 
48 1 0 0 0 0 569 3 
0 0 0 0 0 1 658 0 
0 495 0 0 394 3 0 0 
0 0 1 843 17 100 0 0 
0 0 39 0 61 623 323 0 
0 2 18 0 0 0 892 44 
0 0 0 0 0 0 173 0 
0 0 0 0 1826 0 0 0 
0 15 0 840 0 374 0 26 
314 9 0 0 0 0 7 0 
0 0 0 0 250 0 0 0 
0 0 0 1 475 0 2 0 
110 6 0 433 1 93 0 5 
0 0 0 0 0 1 573 0 
0 0 0 0 0 1135 2 0 
1 153 14 81 27 859 0 0 
0 0 0 2 21 939 0 6 
0 0 0 0 0 0 952 0 
0 0 0 2255 0 14 0 0 
5 1 2 0 0 2 546 1192 
0 4 0 8 0 0 636 0 
0 0 0 0 0 1755 0 0 
0 0 0 6 0 0 610 806 
0 1 0 0 0 0 2214 0 
0 755 303 484 356 0 2 0 
4 0 1 0 0 0 0 718 
2091 2 0 0 0 3 0 0 
0 0 5 0 0 883 0 0 
0 0 0 0 1240 0 0 0 
0 0 1 0 320 0 0 0 
68 0 0 9 35 30 0 0 
0 0 0 0 0 0 376 0 
0 0 0 0 0 326 0 0 
2006 0 2 0 1 0 7 0 
29 1 0 53 0 47 272 0 
0 2 0 0 0 0 1348 0 
0 0 0 218 0 0 0 0 
0 95 88 116 0 0 645 1 
0 0 0 0 2 670 0 0 
373 0 70 1 0 0 74 0 
0 0 0 1 0 1 1 778 
146 4 0 0 0 2 0 0 
