1204 0 859 0 0 1 17 233 
15 122 0 588 1701 40 0 261 
0 0 0 1 11 1293 5 0 
0 0 0 0 0 0 0 610 
0 0 0 2 4308 1 0 12 
2915 0 0 0 2 0 2 0 
0 0 0 0 1 0 0 1510 
0 0 9 0 1 1553 1 53 
0 0 0 0 0 0 0 660 
1 1 0 3 219 1 37 0 
8 11 0 0 0 251 16 0 
5 0 0 9 0 0 1 827 
0 0 0 402 1 200 0 14 
0 0 0 0 0 0 1928 0 
0 0 0 0 0 0 494 0 
0 1 0 0 0 0 2202 0 
0 0 0 0 0 0 941 0 
1582 3 0 1 1 1 25 4 
0 0 10 1 367 0 2 0 
0 0 0 0 1684 0 0 11 
0 1 0 0 1 1 0 874 
7 0 0 0 0 1 12 2048 
0 1 0 324 0 18 0 2 
1 0 0 0 31 630 13 124 
0 0 0 0 0 0 0 406 
0 0 0 0 285 0 0 0 
46 0 265 165 45 485 13 0 
30 216 7 14 96 0 1 0 
0 0 162 67 154 0 0 27 
0 128 1 0 0 40 124 5 
0 0 0 0 0 0 562 0 
445 484 148 342 64 82 139 80 
0 0 0 0 0 1 1484 0 
0 0 0 0 0 0 0 991 
0 0 0 33 0 0 73 397 
0 1 0 0 3861 3 3 912 
0 297 204 0 313 0 0 34 
0 0 11 11 2390 1 0 15 
0 0 17 0 4 4 0 600 
12 0 0 0 0 95 0 1151 
54 64 0 0 0 0 0 176 
0 48 0 317 1763 0 0 1 
0 0 0 0 0 0 1 286 
0 0 1 0 78 1 0 440 
95 0 2 3 395 9 1 0 
104 2 55 93 143 10 27 0 
19 4 300 70 0 0 0 2 
506 0 19 198 0 29 0 2 
0 0 1 0 0 1 0 443 
0 0 0 0 0 624 0 0 
0 245 6 150 0 0 178 0 
1 713 0 0 2 0 0 0 
0 6 0 0 0 1090 9 0 
11 0 25 4 697 0 11 0 
0 0 0 908 0 0 0 0 
36 0 6 22 3 468 0 1 
84 0 0 17 138 0 17 1 
0 0 0 0 0 0 0 235 
