656 0 1318 2 10 0 0 308 
76 37 0 37 2492 0 0 89 
0 0 0 0 0 1300 2 0 
0 0 0 0 0 3 0 668 
0 0 0 0 3252 0 6 0 
2925 2 0 0 1 0 0 0 
0 0 0 0 0 0 0 1512 
0 6 0 0 0 1581 16 9 
0 0 0 0 0 0 0 650 
0 0 49 151 0 6 56 0 
0 0 0 174 82 61 0 3 
0 218 0 6 20 0 18 580 
14 0 0 247 198 0 0 9 
0 0 0 0 0 0 1928 0 
0 0 0 0 0 0 494 0 
0 2 1 0 0 0 2206 0 
0 0 0 0 0 0 941 0 
1599 0 0 0 0 0 0 0 
0 0 0 0 376 4 0 0 
0 0 0 0 1636 0 0 11 
0 0 0 0 0 0 0 902 
6 0 2 0 0 1 0 2058 
1 0 0 324 0 0 0 20 
1 0 0 0 1 626 62 84 
0 0 0 0 286 0 0 0 
50 259 451 0 27 116 55 49 
120 2 0 44 0 195 0 1 
0 1 3 0 319 62 3 1 
0 209 15 11 0 63 0 0 
0 0 0 3 0 0 1060 2 
38 134 37 825 0 0 28 673 
0 1 30 0 1 0 771 168 
0 0 0 0 0 0 0 986 
36 0 0 8 3361 2 0 1372 
69 219 0 0 68 0 379 112 
0 0 0 0 2622 0 0 139 
0 42 0 0 0 3 0 609 
0 0 1 0 0 0 40 253 
0 58 0 347 1714 0 0 0 
0 0 0 0 0 0 0 287 
3 0 0 0 0 17 0 410 
11 0 59 198 124 11 102 0 
29 0 11 1 0 267 136 0 
87 83 0 0 10 0 216 2 
443 0 0 226 0 0 0 0 
0 0 0 0 0 0 0 782 
0 6 0 0 0 618 0 0 
67 446 45 7 0 0 0 0 
2 747 0 0 5 0 4 0 
3 9 0 1 0 1103 0 0 
0 0 1 40 688 40 0 0 
1 0 0 896 0 0 14 3 
10 0 0 8 0 359 8 130 
2 0 0 0 2 0 252 0 
0 0 0 0 0 0 0 234 
5 92 0 0 49 0 0 1 
449 6 0 6 1 0 38 177 
10 0 0 0 7 72 0 0 
0 0 0 1 0 0 521 0 
0 69 0 2 0 0 0 676 
1 0 5 1 718 0 0 0 
