962 181 232 225 35 146 341 206 
0 2506 6 1652 143 0 0 10 
8 2 0 5 2 1279 12 1 
1 0 0 0 4 0 0 593 
0 0 0 2 4945 0 0 58 
2941 0 0 0 0 0 1 7 
0 0 0 0 0 0 2 1511 
4 0 0 0 3 1618 5 32 
0 0 0 0 0 0 0 612 
182 0 6 1 27 18 0 28 
0 0 0 4 5 1863 15 2 
28 147 0 5 63 226 151 222 
5 246 3 0 0 365 0 0 
0 0 0 0 0 0 1906 1 
0 0 0 0 0 0 494 0 
0 1 0 0 0 0 2202 0 
0 0 1 0 0 0 938 0 
1573 0 0 0 0 3 7 0 
86 0 138 0 71 0 94 240 
0 0 0 0 1716 0 2 6 
0 0 0 1 0 0 0 872 
9 0 37 0 1 0 0 2015 
2 0 267 38 0 11 0 0 
0 0 3 0 1 596 28 171 
0 0 0 0 0 0 0 645 
0 0 0 0 265 0 0 0 
0 11 434 306 78 42 1 164 
51 144 0 3 0 157 13 0 
0 1 293 0 0 11 0 110 
15 1 191 64 4 0 2 21 
0 0 0 0 0 0 562 0 
342 366 159 216 0 130 182 378 
122 0 0 0 3 0 1480 0 
0 0 0 0 0 0 0 982 
17 302 5 8 0 20 138 19 
23 10 0 0 3398 4 0 1487 
521 1 114 97 1 0 59 51 
9 50 20 0 2429 0 2 27 
0 0 0 0 0 6 0 618 
1 9 14 26 12 0 52 1149 
0 0 1 8 17 0 0 268 
0 151 0 629 1422 0 0 0 
1 0 0 0 29 0 1 256 
0 0 0 4 1 0 3 372 
12 2 0 78 295 51 20 15 
31 118 2 31 94 39 138 0 
71 16 0 297 5 0 2 1 
391 56 25 179 0 73 21 12 
0 0 0 3 0 0 1 436 
0 1 7 1 0 584 4 21 
0 0 0 9 25 8 440 0 
