589 2 0 2 0 2 0 1574 
0 2671 49 0 2 0 0 2 
24 15 320 0 0 209 224 506 
0 14 8 29 1 2 10 607 
0 0 0 58 926 3 0 2286 
2477 143 207 0 0 25 0 72 
0 55 764 0 1 67 0 630 
0 10 0 0 15 156 521 918 
0 0 0 0 0 0 0 654 
0 0 0 0 0 0 0 262 
0 0 0 0 0 0 700 0 
0 0 0 0 0 0 0 842 
0 2 25 6 244 0 131 59 
3 4 1002 0 657 263 0 0 
0 493 0 0 0 1 0 0 
0 46 0 0 2 0 2166 0 
3 0 2 0 0 0 897 36 
1595 0 0 0 0 0 0 1 
15 0 3 1 1488 15 0 85 
0 0 0 0 0 0 0 926 
0 0 0 0 0 0 0 2071 
0 6 48 159 57 48 0 0 
0 0 0 0 0 20 0 725 
0 0 0 1 0 0 0 287 
0 0 0 0 0 0 1007 0 
0 1 0 0 0 0 0 361 
0 0 5 0 0 0 385 0 
0 0 0 0 0 0 0 299 
6 0 40 0 0 0 54 965 
0 1703 0 6 16 9 0 0 
601 0 0 0 0 333 19 24 
0 0 7 0 0 0 14 970 
0 2 0 0 0 0 14 4763 
0 0 0 0 0 0 0 848 
0 0 0 0 0 0 0 2757 
0 0 0 0 0 0 0 668 
0 0 0 0 0 0 294 0 
0 325 1339 459 0 0 0 1 
0 0 0 0 282 0 5 0 
0 0 0 0 0 0 436 3 
0 0 0 0 0 0 0 505 
0 0 0 0 0 0 0 443 
1 65 0 110 93 1 131 0 
0 657 1 0 2 0 0 11 
0 0 0 3 0 0 14 783 
0 0 0 0 0 579 38 0 
412 0 0 11 0 4 123 0 
0 754 0 0 0 0 0 0 
0 0 0 0 0 0 1120 0 
0 0 0 0 0 0 0 769 
0 0 14 924 2 0 0 0 
0 0 0 0 0 0 517 0 
0 0 0 0 0 0 256 0 
0 0 235 0 0 0 0 0 
1 0 0 0 138 0 8 0 
1 0 0 0 0 0 0 774 
0 21 0 0 22 0 46 0 
521 0 0 0 0 0 0 0 
0 0 0 0 0 0 748 0 
97 0 128 161 0 5 79 266 
