767 21 1271 16 0 1 50 175 
137 78 19 294 1953 1 0 243 
1 0 2 0 0 1292 10 0 
0 0 0 1 1 0 0 670 
0 0 0 0 3953 0 0 0 
2875 1 57 0 10 0 0 0 
0 0 0 0 0 0 0 1515 
0 8 6 4 0 1503 81 11 
0 0 0 0 0 0 0 628 
6 0 182 0 0 7 67 0 
0 5 3 249 0 23 21 0 
0 11 6 19 119 0 2 685 
0 0 0 74 20 326 53 0 
0 0 0 0 0 0 1922 0 
0 0 0 0 0 0 494 0 
0 1 0 0 0 0 2208 0 
0 0 0 0 0 0 939 0 
1584 0 5 0 0 0 5 0 
1 1 8 0 368 0 0 1 
0 0 0 0 1658 0 0 4 
0 0 1 0 0 0 42 831 
0 0 4 22 11 0 0 2049 
0 0 0 344 0 1 0 0 
0 10 0 0 3 655 49 86 
0 0 0 1 287 0 0 1 
258 177 87 33 0 198 45 206 
34 263 0 12 19 0 0 38 
0 0 60 5 344 1 0 0 
0 182 46 45 0 0 25 0 
0 0 0 0 0 0 562 0 
69 500 101 1037 0 0 8 51 
17 0 0 0 0 0 1465 0 
0 0 0 0 0 0 0 984 
0 2 0 87 0 0 234 180 
0 0 0 8 3838 0 0 957 
2 560 57 0 161 18 0 48 
0 0 0 14 2663 1 2 41 
1 4 0 4 0 0 0 615 
17 0 0 0 0 0 2 601 
0 0 0 0 4 6 7 277 
0 84 0 323 1696 0 0 26 
0 0 2 0 7 0 0 278 
0 0 1 13 2 33 3 469 
143 0 0 0 354 1 11 0 
201 0 128 82 26 0 1 0 
0 0 126 229 40 0 0 0 
197 149 0 401 0 0 1 8 
0 0 0 0 0 0 0 790 
0 2 15 0 0 605 0 2 
0 442 1 61 1 11 49 14 
0 717 0 0 9 1 0 0 
38 2 3 2 0 1059 1 0 
0 0 0 94 720 0 1 0 
0 0 0 903 0 0 14 0 
0 4 0 9 125 395 0 11 
22 0 4 0 67 1 162 0 
0 0 0 0 0 0 0 235 
3 1 0 0 15 120 8 0 
0 0 1 0 5 3 3 664 
