17374 185 1 84 3 33 32 0 0 46 
364 0 166 11 7910 2587 0 3 0 0 
0 5 1 0 5 14 6552 263 0 0 
0 6435 1 0 0 0 0 1 0 0 
8823 7 0 0 0 0 48 119 781 1 
5996 1 1 0 0 1 4 6 0 69 
4387 0 0 0 0 0 24 0 0 0 
2 0 0 1273 0 0 0 0 0 2 
0 0 343 2016 325 0 0 0 0 0 
93 3392 5 0 0 2 0 0 0 0 
3770 0 0 0 0 0 0 0 0 0 
0 281 0 0 0 337 0 0 0 0 
1 0 0 0 504 0 0 0 0 0 
8 0 0 0 9 1160 0 0 0 2 
0 0 0 0 0 581 346 0 0 0 
2 0 0 0 0 0 359 0 0 0 
0 0 40 0 0 0 0 0 142 1 
2287 36 84 0 0 640 30 0 73 0 
0 0 0 0 38 605 148 0 0 0 
0 0 0 0 1 367 386 0 0 0 
0 0 0 0 0 0 236 0 0 0 
0 0 0 0 0 0 364 0 0 0 
1578 0 0 0 2 0 0 0 0 0 
0 0 0 0 0 0 486 0 0 0 
1 0 41 35 0 115 0 6 0 611 
573 0 0 0 0 0 0 0 0 0 
1 0 0 0 116 255 0 1 0 0 
0 0 0 3349 8 0 0 0 0 0 
381 32 16 0 0 1244 35 1 0 0 
0 0 0 0 0 0 1597 0 0 0 
0 0 0 0 0 1057 284 0 1 0 
0 0 209 0 0 0 0 0 0 2 
18 0 0 0 0 917 0 0 0 0 
0 0 40 334 699 69 0 0 0 0 
1 0 0 0 0 0 0 0 739 0 
108 1 190 0 3 0 0 115 0 5 
0 0 0 33 473 0 0 0 0 0 
117 0 5 0 0 0 0 0 0 1 
