4943 0 296 1955 949 5433 4190 0 0 0 
10469 85 0 0 9 0 0 28 0 1 
2679 0 1 0 0 25 3168 14 926 24 
2 4213 0 8 442 1737 22 0 0 0 
0 0 0 0 0 1 9542 249 2 0 
3259 1 19 0 2 0 0 0 1893 906 
4435 0 0 0 0 1 0 0 0 0 
0 0 2 231 1 45 0 0 996 0 
0 0 0 131 2442 155 0 0 0 0 
0 0 0 0 0 3493 0 0 0 0 
224 0 1 3410 0 107 0 3 0 0 
0 623 0 0 0 0 1 0 0 2 
335 178 0 0 0 0 0 1 2 0 
1186 0 0 0 0 0 0 0 0 0 
0 0 86 0 370 286 116 0 63 0 
0 0 0 0 2 341 18 0 0 1 
0 0 182 0 0 0 0 0 0 0 
1975 8 0 0 0 0 0 0 0 1143 
0 0 0 0 0 236 548 0 5 0 
10 2 0 175 28 0 377 23 0 136 
0 0 0 0 0 0 0 0 236 0 
0 0 0 0 1 28 342 0 0 0 
1540 0 0 0 0 26 0 0 0 0 
486 0 0 0 0 0 0 0 0 0 
0 0 0 276 6 0 0 1 41 482 
45 0 0 0 0 650 2 0 0 0 
7 0 0 0 2 362 0 0 0 0 
0 0 0 231 2230 851 0 0 0 0 
0 0 0 1 0 1680 4 0 1 0 
3 17 12 0 0 452 0 1116 4 0 
0 0 0 261 0 1065 15 0 0 0 
0 0 207 0 0 2 1 0 0 0 
937 0 0 0 0 0 0 0 0 0 
0 0 20 20 1126 0 0 0 0 0 
0 0 0 0 0 0 0 0 740 0 
112 245 0 45 0 0 23 0 0 11 
0 0 0 493 5 0 0 0 0 0 
10 437 0 0 0 0 0 1 0 0 
