17535 166 0 80 6 40 18 0 0 59 
320 7 203 56 7912 2526 0 0 0 0 
0 0 0 0 3 22 6513 308 0 0 
0 6423 0 0 0 0 0 0 0 5 
8780 0 0 0 0 0 50 87 889 1 
6008 0 0 0 0 0 8 0 0 80 
4393 3 0 0 0 0 11 0 0 2 
0 0 0 1279 2 3 0 0 0 3 
0 0 230 1918 446 0 0 0 0 0 
0 3441 0 0 0 0 15 19 0 0 
3763 0 0 0 0 0 0 1 0 0 
0 245 0 0 0 381 4 0 0 0 
0 0 0 0 496 0 0 0 0 0 
15 0 0 0 7 1163 0 0 0 0 
0 0 0 0 0 595 316 0 0 1 
5 0 0 0 0 0 472 0 0 0 
0 0 10 0 3 0 0 0 156 0 
2650 6 0 15 0 260 156 0 26 0 
0 0 0 0 34 663 135 0 0 0 
0 0 0 0 0 387 365 0 0 0 
0 0 0 0 0 0 236 0 0 0 
0 0 0 0 0 0 367 0 0 0 
1562 0 0 0 1 0 0 0 0 0 
0 0 0 0 0 0 484 0 0 0 
0 0 22 29 0 73 0 0 0 682 
584 0 0 0 0 0 0 0 0 0 
0 0 0 0 103 271 0 0 1 0 
0 0 0 3487 12 0 0 0 0 0 
1134 23 19 0 0 455 58 0 0 0 
0 0 0 0 0 0 1599 0 0 0 
0 0 0 0 0 1052 281 0 0 1 
2 0 209 0 0 0 0 1 1 6 
14 0 0 0 0 912 0 0 2 0 
0 0 38 344 651 107 0 0 0 0 
0 0 0 0 1 0 0 0 740 0 
216 0 14 0 0 0 117 0 0 2 
0 0 0 18 409 0 0 0 0 0 
