4305 0 892 2148 935 5290 4434 0 0 0 
10901 230 1 0 8 0 0 42 4 5 
1796 0 3 0 0 2 3751 0 1296 0 
13 4118 80 12 508 1696 35 1 0 0 
0 0 0 0 0 5 9529 293 1 0 
3275 0 1 0 1 5 0 0 2087 773 
4380 0 0 2 0 0 0 0 0 0 
0 0 0 79 65 34 0 0 1112 0 
0 0 0 942 1571 140 0 0 0 0 
0 0 0 0 0 3427 0 0 1 0 
511 0 0 3279 0 35 0 2 1 0 
0 628 0 1 0 0 0 0 0 0 
345 153 0 0 0 0 0 0 0 0 
1150 0 0 1 0 0 0 0 0 0 
1 13 0 0 20 134 594 157 0 0 
0 0 0 0 0 473 0 0 0 0 
0 0 0 0 0 0 0 0 825 2 
2079 0 0 0 0 0 2 0 0 1317 
0 0 1 0 0 453 396 0 0 0 
0 0 0 257 13 0 466 0 1 0 
0 0 0 0 0 0 0 0 236 0 
1 0 1 0 0 47 322 4 0 0 
1552 3 0 0 0 0 0 0 0 0 
484 0 0 0 0 0 0 0 0 0 
0 0 0 330 6 0 1 1 52 416 
138 0 0 0 0 441 0 0 0 0 
26 0 0 0 0 345 0 12 0 0 
0 0 0 167 2776 811 0 0 0 0 
0 0 3 0 1 1617 3 0 0 0 
0 0 0 5 63 59 849 595 32 0 
0 0 0 364 0 933 22 0 7 0 
0 0 220 0 0 0 0 0 0 0 
918 0 0 0 0 1 0 0 0 0 
1 0 0 26 1110 0 0 0 0 0 
