17472 216 111 79 2 28 43 0 0 54 
317 4 487 23 7822 2540 1 0 0 0 
0 0 0 0 5 14 6446 384 0 0 
0 6455 0 0 3 0 0 0 0 0 
8763 21 0 0 0 0 48 132 867 0 
6021 0 0 0 0 0 6 0 0 101 
4367 0 0 0 0 0 30 0 0 0 
0 0 0 1289 1 1 0 0 0 0 
0 0 276 1233 1153 1 0 0 0 0 
57 3336 0 0 0 42 0 0 0 0 
3821 0 0 0 0 0 0 0 0 0 
0 262 3 0 0 364 0 0 0 0 
0 0 0 0 495 0 0 0 0 0 
6 0 0 0 4 1135 0 0 1 1 
2 0 0 0 0 549 367 0 0 0 
12 0 0 2 0 3 455 1 0 0 
0 0 1 0 0 0 0 0 826 0 
2491 3 0 0 0 825 66 0 4 14 
0 0 0 0 37 678 136 0 0 0 
0 0 1 0 0 384 352 0 0 0 
0 0 0 0 0 0 236 0 0 0 
0 0 0 0 0 0 375 0 0 0 
1553 0 0 0 2 0 0 0 0 0 
0 0 0 0 0 1 483 0 0 0 
0 0 32 8 0 150 0 1 0 615 
577 0 0 0 2 0 0 0 0 0 
0 0 0 0 115 267 0 0 0 0 
0 0 0 3727 7 0 0 0 0 1 
1531 0 0 0 0 8 8 62 9 3 
0 0 0 0 0 0 1600 0 0 2 
0 0 0 0 0 1077 249 0 0 0 
0 0 220 0 0 0 0 0 0 0 
13 0 0 0 0 909 0 0 0 0 
0 0 0 289 724 129 0 0 0 3 
