4366 0 509 2028 936 5745 4331 3 0 0 
10848 221 0 0 3 5 0 19 2 1 
2282 12 23 0 0 27 3556 0 940 0 
11 4241 0 0 402 1791 8 0 6 0 
0 0 0 0 0 1 9562 247 3 1 
3171 2 0 0 0 0 0 0 1907 990 
4462 1 0 0 0 0 0 0 0 0 
0 0 0 238 1 11 0 0 1041 0 
0 0 0 829 1722 117 0 0 0 0 
0 0 0 0 0 3436 0 0 0 0 
532 0 0 3224 0 51 0 0 0 0 
0 620 0 1 0 0 0 0 0 0 
324 174 0 0 0 0 0 0 1 0 
1177 0 0 0 0 0 0 0 0 0 
0 0 6 0 1 132 684 93 4 0 
0 0 0 0 0 471 0 0 0 0 
0 1 117 0 0 0 0 3 0 0 
1939 0 0 0 1 5 0 3 0 1197 
0 0 0 0 0 485 346 11 0 0 
0 5 0 286 9 0 428 0 0 8 
0 0 0 0 0 0 0 0 236 0 
0 0 0 2 3 46 329 0 0 0 
1550 0 0 0 3 0 0 0 0 0 
483 0 0 0 0 1 0 0 0 0 
0 0 0 270 9 0 0 0 11 516 
159 0 0 2 4 417 0 0 0 0 
132 0 5 0 0 242 0 0 0 0 
0 0 0 150 2814 775 0 0 2 0 
0 0 0 0 0 1651 1 0 0 0 
0 2 0 0 5 71 614 904 12 0 
0 0 1 221 0 1094 21 0 0 0 
0 0 210 0 3 0 0 5 0 1 
917 0 0 2 0 2 2 0 0 0 
0 0 0 14 1110 0 0 0 0 0 
2 0 0 0 2 0 0 0 736 0 
184 0 0 0 0 0 0 0 7 91 
50 0 0 37 0 0 10 0 0 0 
