17588 162 108 63 15 54 16 0 0 34 
357 0 515 10 7947 2469 0 5 0 0 
0 0 0 0 6 23 6520 312 1 0 
1 6451 0 0 0 0 0 0 0 0 
8878 0 0 0 0 1 49 162 759 0 
5972 17 0 0 0 0 8 0 0 66 
4486 0 0 0 0 0 7 0 0 0 
1 0 0 1268 0 4 9 0 0 0 
0 0 221 1298 1168 0 0 0 0 0 
0 3164 0 0 2 223 0 2 1 8 
3888 0 0 0 0 0 0 0 0 0 
0 276 0 0 0 343 0 0 0 0 
0 0 0 1 392 0 0 0 0 0 
5 0 0 0 8 1126 0 0 0 0 
0 3 0 0 0 589 329 1 1 1 
9 0 1 0 0 0 462 0 0 0 
0 0 0 0 0 0 0 0 827 0 
2135 94 3 3 1 1027 25 0 79 0 
0 0 0 0 39 682 134 0 0 0 
0 0 0 0 0 372 371 5 0 0 
0 0 0 0 0 0 236 0 0 0 
0 0 0 0 0 11 349 0 0 0 
1534 0 0 0 1 0 0 0 0 0 
0 0 0 0 0 0 483 0 0 0 
0 0 33 29 0 130 4 0 0 610 
577 0 0 0 0 0 0 0 0 0 
0 0 0 0 103 281 0 0 1 0 
0 0 0 3711 9 0 0 0 1 0 
1269 35 0 33 8 13 161 0 0 68 
0 0 0 0 1 0 1600 0 0 0 
0 0 0 0 0 1041 272 1 0 0 
2 0 213 3 0 0 0 0 0 0 
13 0 0 0 0 909 0 0 0 0 
0 0 0 280 783 69 0 0 0 0 
