17437 223 0 63 1 32 14 0 0 58 
285 0 238 55 7864 2604 0 1 9 0 
0 0 0 0 8 29 6499 311 0 0 
0 6427 0 0 0 0 0 1 0 0 
8793 2 0 0 0 0 53 142 751 0 
5984 0 0 0 0 0 5 0 0 95 
4402 0 2 0 0 4 3 17 0 0 
0 0 0 1286 0 0 0 0 0 0 
0 1 274 2093 360 0 0 1 0 0 
33 3458 0 0 0 0 0 0 0 0 
3762 0 0 0 0 0 0 0 0 0 
0 258 0 0 0 368 0 0 0 0 
0 0 0 0 505 0 0 0 0 0 
14 0 4 0 10 1156 0 0 0 0 
0 0 0 3 0 591 329 0 0 0 
10 0 0 0 0 0 467 0 1 0 
5 0 13 3 0 0 1 0 147 0 
2368 36 0 2 0 689 12 1 0 0 
0 0 0 0 36 629 126 0 0 0 
0 0 0 0 0 381 378 0 0 0 
0 0 0 0 0 0 236 0 0 0 
0 0 0 0 0 0 368 0 0 0 
1584 0 0 0 2 0 0 0 0 0 
0 0 0 0 0 0 484 1 0 0 
0 0 16 7 1 82 0 0 0 700 
579 0 1 0 0 0 0 0 0 0 
0 2 0 0 100 274 0 0 0 0 
0 0 0 3306 7 1 0 0 0 0 
352 0 0 0 5 1313 32 0 1 0 
0 0 0 0 0 0 1589 0 3 0 
1 0 0 0 0 1095 241 0 1 0 
0 0 223 0 0 0 0 0 0 0 
16 0 0 0 0 915 0 0 0 0 
0 0 42 322 674 90 0 0 0 0 
0 0 0 0 0 0 0 0 741 0 
234 0 106 0 5 0 26 24 2 8 
0 0 1 36 468 0 0 0 0 0 
