17384 194 0 86 4 39 37 0 0 33 
360 0 254 71 7574 2768 0 0 0 0 
1 0 0 0 15 22 6482 319 0 0 
0 6433 0 0 1 0 0 0 0 0 
8912 0 0 0 0 0 44 151 721 0 
5955 0 0 0 0 0 13 0 4 83 
4462 0 0 0 0 2 8 0 0 0 
0 0 0 1281 0 0 0 0 1 5 
0 0 274 2166 329 2 0 0 0 0 
0 3466 0 0 1 2 2 0 12 4 
3767 0 0 1 0 0 0 0 0 0 
0 258 0 0 0 369 0 0 0 0 
0 0 0 0 504 0 0 0 0 0 
13 2 0 0 5 1165 0 1 0 0 
0 0 4 0 0 593 321 0 0 0 
13 0 0 0 0 0 462 0 1 0 
0 0 13 0 0 2 0 0 154 0 
2137 74 0 0 0 825 78 6 0 0 
0 1 0 1 41 657 127 0 0 0 
0 0 0 0 0 366 390 0 0 0 
0 0 0 0 0 0 236 0 0 0 
0 0 0 0 0 0 367 0 0 0 
1555 0 0 0 3 0 0 0 0 0 
0 0 0 0 0 0 485 0 0 0 
0 0 24 26 0 95 0 0 0 661 
574 0 0 0 0 0 0 1 0 0 
0 0 0 0 117 254 0 0 0 0 
0 0 0 3270 5 0 0 0 0 0 
718 0 0 5 0 950 9 11 1 0 
0 0 0 0 0 0 1596 0 3 0 
0 0 0 0 0 1081 253 0 0 0 
0 0 223 0 0 0 0 0 0 0 
18 1 0 0 4 906 0 0 0 0 
0 0 59 292 674 107 0 0 1 0 
0 4 0 0 0 0 0 1 735 0 
111 13 151 0 0 0 47 55 14 0 
0 0 0 32 463 0 0 0 1 0 
