4286 6 734 2289 933 5295 4424 0 8 0 
10976 223 0 0 3 0 0 29 0 0 
2308 3 0 0 0 1 3789 0 767 0 
6 4212 53 0 457 1710 24 1 0 0 
0 0 0 0 0 2 9552 305 1 0 
3022 0 0 0 5 0 0 0 2090 948 
4451 0 0 0 0 0 0 0 0 0 
0 0 0 235 0 5 0 0 1048 0 
1 0 0 838 1765 127 0 0 0 0 
1 0 0 0 0 3417 1 0 0 0 
568 3 0 3212 0 50 5 0 0 0 
0 614 0 0 0 0 3 0 0 0 
337 123 0 2 0 0 0 0 0 1 
1155 0 0 0 0 0 0 1 0 0 
1 24 0 0 99 208 486 105 0 0 
0 0 0 0 0 471 0 0 0 0 
2 2 0 0 0 0 0 2 821 0 
2108 0 0 3 8 0 0 0 0 1266 
0 0 2 0 0 521 326 0 0 0 
0 1 0 245 52 5 439 0 1 0 
0 0 0 0 0 0 0 0 236 0 
0 0 0 0 0 45 320 0 0 0 
1563 0 0 0 2 0 0 0 0 0 
483 0 0 0 0 0 0 0 0 0 
0 18 0 328 2 0 0 0 18 442 
168 1 1 2 0 404 0 0 0 0 
51 0 0 0 1 332 0 0 0 0 
1 0 0 159 2752 781 0 0 0 0 
1 0 0 0 0 1638 1 0 1 0 
95 0 0 0 31 16 508 754 189 0 
0 0 0 331 0 935 50 0 7 0 
0 0 211 0 0 3 0 4 0 0 
919 0 1 0 0 0 0 0 0 0 
0 0 0 30 1081 0 1 0 0 0 
