4761 0 218 1660 827 5673 4636 0 5 0 
10895 124 0 0 7 0 0 22 0 0 
2408 0 0 2 15 63 3450 4 899 0 
3 4153 0 1 549 1715 13 0 0 0 
2 4 0 0 0 8 9449 287 3 2 
3261 0 0 0 0 0 0 0 1819 1008 
4412 0 0 1 0 0 0 0 0 0 
0 0 2 194 0 17 0 19 1046 4 
0 0 1 144 2424 135 0 0 0 0 
0 0 0 0 0 3495 0 0 0 0 
194 6 0 3512 0 57 4 0 9 2 
0 618 0 0 0 0 0 0 0 0 
333 175 0 0 0 0 7 0 0 0 
1174 0 0 0 0 1 0 0 0 0 
75 42 46 10 26 435 285 0 0 0 
0 0 0 0 0 353 6 0 0 0 
0 0 181 0 0 0 0 0 1 0 
2045 0 0 0 0 5 0 0 0 1081 
0 6 1 0 0 270 512 0 0 0 
0 38 41 174 61 0 437 2 1 0 
0 0 0 0 1 0 0 0 235 0 
0 0 0 0 0 46 317 0 0 0 
1546 0 0 13 2 0 0 0 0 2 
485 0 0 0 0 0 1 0 0 0 
0 0 0 267 5 0 3 0 19 512 
115 0 0 0 13 446 0 0 0 0 
6 0 26 0 0 329 1 13 0 0 
0 0 0 246 2208 887 0 0 0 0 
3 0 1 0 0 1712 1 0 0 0 
28 38 0 0 0 381 0 1145 0 2 
0 0 0 309 0 1019 16 0 0 0 
0 7 193 12 0 0 0 0 0 0 
941 0 0 0 0 0 0 0 0 0 
0 0 19 16 1108 0 0 0 0 0 
0 0 0 0 0 0 0 0 739 1 
192 0 0 5 0 0 156 0 65 4 
0 0 0 487 11 0 0 0 0 0 
0 0 0 1 1 116 0 0 0 1 
