6181 2612 2707 3013 2875 2754 2696 2713 2664 2736 
1074 973 1128 1036 1982 2204 1351 1029 1022 1019 
523 523 508 508 529 988 2877 606 547 515 
410 3116 417 418 418 398 399 397 419 394 
2270 783 678 705 759 721 740 738 855 724 
1131 454 397 419 414 435 438 415 523 589 
1364 621 616 644 610 988 813 624 620 598 
79 92 112 272 78 104 91 78 97 88 
288 304 388 2563 654 316 283 295 328 312 
276 289 261 307 263 294 266 286 260 273 
2243 179 218 220 244 227 204 197 201 193 
46 106 36 46 42 116 35 41 37 41 
4 11 6 3 50 4 195 4 5 1 
26 9 19 14 103 377 13 22 16 11 
60 64 55 53 116 401 213 49 67 56 
40 65 33 29 29 35 253 39 32 32 
372 25 40 24 27 36 26 25 18 16 
20 19 22 26 17 18 28 19 291 29 
15 6 15 16 19 30 62 12 8 11 
