17438 244 120 125 15 34 39 0 1 73 
373 0 385 4 7680 2867 0 0 0 0 
0 1 0 0 2 30 6708 227 0 0 
0 6460 0 0 0 0 0 1 1 0 
8914 0 0 0 0 0 37 145 729 0 
5960 0 2 0 0 0 9 0 0 92 
3535 0 0 0 0 1793 11 0 1 0 
0 1 0 1279 0 0 0 0 0 0 
0 0 231 1313 1160 0 0 0 0 0 
0 3360 0 0 0 44 1 0 0 2 
3919 0 0 0 0 0 0 0 0 0 
0 268 0 0 7 333 0 2 0 0 
0 0 0 0 394 0 0 0 0 0 
3 0 0 0 10 1114 0 1 0 0 
0 0 0 0 0 573 359 0 0 0 
9 0 0 0 0 0 463 0 0 0 
2 0 0 0 0 0 2 0 823 0 
1882 19 0 0 0 1224 215 0 96 0 
0 0 0 0 38 669 129 0 0 0 
0 0 0 0 0 379 370 1 0 0 
0 0 0 0 0 0 236 0 0 0 
0 0 0 0 0 14 365 0 0 0 
1544 0 0 0 0 1 0 0 0 0 
1 0 0 0 0 0 486 0 0 0 
0 0 43 12 0 113 0 0 0 634 
575 0 0 0 0 0 0 0 0 0 
0 0 0 0 116 268 0 0 0 0 
0 0 0 3669 9 0 0 0 0 0 
0 2 0 237 781 108 3 0 0 0 
1427 106 0 0 0 0 26 0 4 0 
0 0 0 0 0 0 1474 2 0 0 
0 2 0 0 0 1042 270 0 0 0 
0 0 210 0 0 0 0 1 0 8 
