17629 189 26 184 20 52 18 0 0 32 
443 0 839 26 7314 2753 5 0 0 0 
0 0 0 0 1 20 6994 273 0 0 
0 6459 0 0 0 0 0 1 0 0 
9035 0 0 0 0 5 37 154 612 0 
5881 0 3 0 0 0 7 0 0 95 
3587 0 0 0 1 1819 11 0 0 0 
0 0 1 1271 0 0 0 0 0 0 
0 0 227 1522 1098 0 0 0 0 0 
0 3202 1 3 2 96 130 0 0 0 
3966 0 0 0 0 0 0 0 0 0 
1 278 0 0 0 329 0 0 0 0 
0 0 0 0 358 0 0 0 0 0 
5 2 0 0 8 1112 0 0 0 0 
0 0 0 0 0 584 337 0 0 1 
16 0 1 0 0 0 455 0 0 0 
0 0 0 0 0 0 0 0 827 0 
1657 74 0 0 0 1370 97 0 239 0 
0 0 0 0 34 912 106 0 0 0 
0 0 0 0 0 390 359 0 0 0 
0 0 0 0 0 0 236 0 0 0 
0 0 0 0 0 16 373 0 0 0 
1548 0 0 0 0 0 0 0 0 0 
0 0 0 0 0 0 480 0 0 0 
0 0 70 7 0 103 0 0 0 642 
573 0 0 0 0 0 0 0 0 0 
0 0 0 1 120 273 0 0 0 0 
0 0 0 3564 6 0 0 0 0 0 
0 0 0 287 702 90 1 0 0 0 
1208 141 0 0 34 15 72 0 4 0 
0 0 0 0 0 0 1158 0 0 0 
0 0 0 0 0 792 271 0 0 0 
153 0 0 0 0 0 1 0 0 3 
