4466 0 788 2129 952 5496 4312 0 0 0 
11080 166 0 0 7 0 0 42 0 0 
2241 0 6 0 0 31 3706 186 979 0 
74 4165 63 0 481 1657 15 0 0 0 
0 0 0 0 0 1 9563 251 2 0 
3057 0 0 0 5 0 0 8 2060 921 
5329 0 0 0 0 0 0 0 0 0 
9 0 0 125 4 11 0 2 1126 0 
0 0 0 831 1753 159 0 4 0 0 
0 0 0 0 0 3407 0 0 0 0 
772 0 0 3087 0 50 1 0 0 0 
0 608 2 0 0 0 0 1 0 0 
211 181 0 0 0 0 0 1 0 0 
1113 0 0 0 0 0 0 0 0 0 
1 0 45 0 61 647 106 56 5 0 
0 0 0 0 0 470 0 2 0 0 
0 0 0 0 0 1 0 0 826 0 
2116 3 0 0 1 0 3 0 1 1322 
0 0 0 0 0 456 399 0 1 0 
0 158 0 204 128 0 259 0 0 0 
1 0 0 0 0 0 0 0 235 0 
0 0 1 1 0 67 313 0 0 0 
1545 0 0 0 0 0 5 1 9 0 
479 0 0 0 0 2 0 0 0 0 
0 0 10 302 1 0 0 0 15 474 
200 0 0 0 0 375 0 0 0 1 
11 0 0 0 0 376 0 0 1 0 
0 0 0 137 2643 865 0 0 0 0 
0 0 0 44 1073 0 3 0 0 3 
0 0 0 0 0 1552 2 0 2 0 
55 0 125 0 0 26 961 2 128 0 
0 0 0 363 0 916 21 7 0 0 
0 0 218 1 0 0 0 0 0 0 
