16504 308 347 2558 905 178 120 141 161 145 
479 17 524 99 5987 4332 917 93 41 59 
13 0 13 6 22 488 8004 212 0 0 
1 6513 1 0 0 0 0 0 2 0 
8432 93 75 30 58 70 128 165 729 44 
5232 0 12 39 6 4 31 8 529 174 
4076 7 10 2 1 1297 23 11 26 17 
2 14 7 1194 0 44 2 2 0 1 
0 0 165 4983 702 5 0 0 0 0 
299 813 342 235 105 487 233 274 321 233 
4077 0 1 0 0 0 0 0 1 0 
1 312 0 0 0 288 0 0 0 0 
0 0 0 0 290 0 0 0 0 0 
4 0 0 0 13 986 0 0 0 0 
0 0 0 1 120 894 294 0 0 0 
5 17 0 2 0 0 460 0 0 0 
0 0 0 0 0 0 0 0 691 0 
671 256 143 170 181 882 352 218 253 265 
0 0 0 0 32 965 128 0 0 0 
0 0 0 0 0 370 384 0 0 0 
0 0 0 0 0 0 236 0 0 0 
0 0 0 0 0 27 401 0 0 0 
1552 0 0 0 0 0 0 0 0 0 
0 0 0 0 0 0 256 0 0 0 
0 0 14 32 22 132 29 0 0 554 
573 2 0 0 0 0 0 1 0 0 
