4805 0 258 1767 881 5544 4501 0 0 0 
10826 194 0 0 3 0 0 28 0 0 
2118 0 0 0 0 46 3735 0 941 0 
15 4330 0 2 447 1626 18 0 0 0 
0 0 0 0 0 3 9465 294 1 0 
3194 0 0 0 0 0 0 0 1906 960 
4455 0 0 0 1 0 1 0 0 0 
1 0 0 113 6 37 0 0 1123 0 
0 0 0 116 2439 143 4 0 0 0 
0 0 0 0 0 3492 0 0 0 0 
219 0 0 3523 0 33 5 0 0 0 
0 614 2 0 0 0 0 0 0 0 
369 140 0 0 3 0 0 0 0 0 
1179 0 0 0 0 0 0 0 0 1 
47 66 108 2 60 211 420 0 2 0 
0 0 0 1 0 469 8 0 0 0 
0 0 182 0 0 0 0 0 0 0 
2079 0 0 0 0 2 1 0 1 1042 
0 0 4 0 0 203 581 0 0 0 
0 0 0 341 28 0 388 0 0 0 
0 0 0 0 0 1 0 0 235 0 
0 0 0 1 0 43 317 0 0 0 
1582 0 0 0 0 0 0 0 0 0 
482 0 0 4 0 0 0 0 0 0 
0 0 0 255 1 0 2 0 20 527 
150 0 0 0 0 422 0 2 0 0 
13 0 0 0 4 355 2 1 0 1 
0 0 0 239 2281 827 0 0 0 0 
0 0 0 2 1 1706 2 0 0 2 
29 10 0 3 0 366 7 1170 1 11 
0 0 0 217 4 1082 39 1 0 0 
0 0 193 0 1 0 0 12 1 4 
935 1 0 0 0 0 0 0 0 0 
0 0 15 10 1109 0 0 0 0 0 
0 0 0 0 0 0 0 1 739 0 
184 0 78 20 0 0 143 0 0 0 
2 0 0 489 9 0 1 0 0 0 
