17389 248 59 94 3 57 17 0 0 36 
484 0 272 3 7608 2756 2 1 0 0 
0 0 0 3 1 18 6547 285 0 0 
0 6456 0 0 0 0 0 0 1 0 
8919 0 0 1 0 0 43 147 727 0 
5983 0 0 0 0 0 4 0 0 99 
4404 0 0 8 0 0 5 7 0 0 
0 0 0 1288 0 0 0 0 6 0 
0 0 214 1199 1223 1 0 0 0 0 
11 3294 0 26 0 84 0 0 4 13 
3812 0 1 0 0 0 0 0 2 0 
0 259 0 0 0 360 0 0 1 0 
1 0 0 0 498 0 0 0 0 0 
9 0 0 3 5 1153 0 0 0 0 
0 1 0 0 0 614 305 0 0 0 
17 0 0 1 0 0 455 0 0 0 
0 0 16 0 0 0 0 0 105 0 
2430 49 0 0 0 601 90 0 8 0 
0 0 0 0 38 676 124 0 0 1 
0 0 0 0 0 384 349 0 1 0 
0 0 0 0 0 0 236 0 0 0 
0 0 0 0 0 0 378 0 0 0 
1565 0 0 0 0 0 0 0 0 0 
0 0 0 0 0 0 484 0 0 0 
0 0 33 12 0 110 0 1 0 650 
583 0 0 0 0 0 0 0 0 0 
0 0 0 0 123 257 1 0 0 0 
0 0 0 3760 8 1 0 0 0 0 
1448 7 14 3 0 10 30 147 0 0 
0 0 0 0 0 0 1613 0 0 0 
0 0 0 0 0 1060 271 0 0 0 
6 0 211 0 0 0 1 0 1 0 
17 1 0 0 0 900 0 0 0 0 
0 0 0 289 738 109 0 0 0 0 
0 0 0 0 0 0 0 0 740 0 
174 9 0 1 0 37 0 0 10 0 
0 0 0 0 71 0 0 0 0 1 
