4369 1 683 2230 1104 5625 4102 1 2 1 
11124 146 0 3 2 0 0 22 1 0 
2254 1 0 0 0 32 3909 262 656 39 
1 4126 69 0 450 1781 19 0 0 0 
1 0 0 0 0 8 9583 243 4 0 
2881 0 0 0 0 5 0 0 2082 1046 
5377 0 0 0 0 0 0 0 0 0 
0 0 0 238 2 34 0 0 999 0 
0 0 0 797 1855 167 0 1 0 0 
0 0 0 2 0 3422 0 0 0 0 
850 0 8 2993 0 48 11 6 0 0 
0 609 0 0 3 0 0 0 0 0 
217 176 0 1 0 0 0 0 1 0 
1113 0 0 0 0 0 0 0 0 0 
0 4 65 0 184 639 4 22 2 1 
0 0 0 0 0 471 0 0 0 1 
0 0 0 0 0 0 0 0 827 0 
2144 0 0 0 0 1 0 0 2 1319 
0 0 0 0 0 540 305 0 0 0 
0 123 0 70 154 6 395 0 4 0 
0 0 0 0 0 0 0 0 236 0 
0 0 0 0 0 58 319 0 0 0 
1544 0 0 0 0 8 0 0 0 0 
480 0 0 1 0 0 0 0 0 0 
0 0 60 270 27 1 0 0 78 372 
167 1 0 0 0 390 12 2 0 0 
14 6 0 0 17 329 0 0 6 12 
0 0 0 146 2585 867 0 0 0 0 
0 0 0 31 1066 0 1 0 0 0 
2 0 0 0 0 1520 2 0 1 0 
281 0 23 0 0 1 924 0 67 3 
0 0 10 301 0 943 50 5 0 0 
0 0 219 1 0 0 0 0 0 0 
