4279 0 843 2177 860 5286 4542 0 0 0 
10922 193 0 0 6 0 0 58 24 3 
1883 0 3 5 0 1 3626 6 1320 0 
6 4159 109 0 498 1671 22 0 0 0 
0 0 0 0 0 2 9495 330 5 0 
3113 0 0 0 0 6 1 0 2158 839 
4418 0 0 0 0 0 0 0 0 0 
0 0 1 112 47 17 0 0 1113 0 
0 0 0 869 1659 120 0 0 0 0 
0 0 0 0 0 3430 0 0 0 0 
502 0 0 3276 1 47 0 9 0 0 
0 623 0 0 1 0 0 0 0 0 
366 127 0 0 0 0 0 0 0 0 
1144 0 0 0 0 0 0 0 0 0 
1 13 0 6 56 157 525 163 0 0 
0 0 0 0 0 473 0 0 0 0 
0 0 0 0 0 1 0 0 823 3 
2096 5 2 0 0 0 0 0 0 1286 
0 0 0 0 0 440 406 0 0 0 
0 0 0 308 11 6 411 0 0 1 
0 0 1 0 0 0 0 0 235 0 
0 0 1 0 0 27 345 0 0 0 
1541 0 0 0 0 7 0 0 0 0 
484 0 0 0 0 0 0 0 0 0 
0 0 0 314 3 1 0 0 53 435 
169 0 4 0 0 387 12 4 1 0 
23 1 0 0 0 351 0 4 7 0 
0 0 0 164 2771 814 0 0 1 0 
0 1 5 0 0 1628 1 0 0 0 
1 0 0 0 74 34 852 631 14 0 
0 0 0 333 0 976 19 0 0 0 
0 0 212 0 1 0 4 0 3 0 
919 0 0 0 0 0 0 0 0 0 
0 0 0 37 1109 0 0 0 0 0 
