4367 0 725 2174 946 5483 4394 0 0 0 
11085 189 0 0 22 0 2 11 0 0 
2271 0 11 0 1 16 3381 169 1112 7 
8 4215 70 0 461 1703 5 0 0 0 
0 2 0 0 0 2 9564 255 2 0 
3124 0 0 0 0 0 0 1 1819 1119 
5338 0 0 1 0 1 0 0 0 0 
0 1 0 200 0 6 0 0 1065 8 
0 0 0 854 1718 132 0 0 0 0 
0 0 0 0 0 3407 0 0 0 0 
716 6 0 3161 0 31 0 0 5 0 
0 607 2 0 0 0 0 1 0 0 
219 175 0 0 0 0 0 0 0 0 
1126 0 0 0 0 0 0 0 1 1 
0 0 6 0 28 503 175 217 0 3 
1 0 1 0 0 470 0 0 0 0 
0 0 0 0 0 0 0 5 822 0 
2147 0 0 0 0 0 3 0 0 1286 
0 0 0 0 0 495 341 0 0 0 
0 210 0 160 78 1 295 0 4 2 
1 0 0 0 0 0 0 0 235 0 
0 0 0 0 3 47 329 0 0 0 
1545 0 0 0 0 0 0 0 0 0 
487 0 0 0 0 0 0 0 0 0 
0 0 0 346 13 0 0 0 8 435 
166 2 0 0 0 407 0 0 0 0 
2 0 0 5 3 362 1 0 0 11 
0 0 0 143 2715 818 0 0 0 2 
0 0 0 35 1094 0 2 0 0 0 
0 0 0 0 0 1561 1 0 0 1 
136 0 39 0 0 22 1119 3 157 0 
0 1 0 242 0 1052 18 0 1 0 
0 0 219 0 0 0 0 0 0 0 
