4123 0 702 2147 905 6842 3792 0 0 0 
11859 203 32 315 2 22 0 28 0 1 
3009 465 130 79 304 315 2308 674 948 448 
6 3909 161 1 352 2039 22 10 0 0 
0 0 0 0 8 1 9528 285 2 0 
1823 0 10 0 0 0 6 0 3198 912 
5501 0 0 0 0 0 0 0 0 0 
11 0 7 156 0 2 0 1 1065 19 
0 0 1 848 2269 129 0 0 0 0 
0 0 0 0 0 3397 0 0 0 0 
806 14 139 2814 3 211 3 0 5 1 
0 600 0 0 0 0 0 0 2 0 
154 135 0 0 0 0 0 0 0 0 
1086 0 0 0 0 0 0 0 0 0 
137 123 205 0 167 133 0 0 0 149 
4 0 0 0 0 472 10 2 0 0 
12 230 7 0 31 39 43 35 375 1 
2099 0 0 0 0 0 0 2 0 1293 
0 0 0 0 0 843 281 0 0 0 
1 0 0 277 21 1 430 15 2 1 
0 0 0 0 0 0 0 0 236 0 
0 0 0 0 0 48 399 0 0 0 
1494 0 2 9 0 17 1 2 14 0 
256 0 0 0 0 0 0 0 0 0 
0 1 192 216 37 0 1 0 18 364 
148 0 0 0 0 427 0 1 0 0 
12 101 30 12 13 222 0 0 0 0 
0 0 0 73 2306 822 0 0 0 0 
0 0 0 24 994 0 4 0 0 0 
0 0 0 1 1 1291 5 0 0 0 
