17347 251 14 46 9 27 23 0 0 50 
409 0 206 34 7746 2644 6 0 0 0 
0 0 0 0 2 10 6424 406 0 0 
0 6432 0 0 0 0 0 1 0 0 
8755 0 0 0 0 0 55 135 811 0 
6019 0 0 0 2 0 6 0 0 54 
4436 2 0 0 0 0 17 0 4 0 
1 0 1 1277 0 0 0 0 0 0 
0 0 254 2081 346 0 0 2 0 0 
0 3483 1 0 1 0 8 0 5 0 
3764 0 1 0 0 0 0 0 0 0 
0 252 0 0 0 368 0 0 0 0 
0 0 2 0 504 0 0 0 0 0 
2 0 0 0 15 1157 0 0 0 5 
0 0 0 0 0 591 325 0 0 0 
9 0 0 0 0 0 466 2 0 1 
0 1 44 0 0 0 0 0 136 1 
2401 38 0 0 0 605 65 0 7 4 
0 0 0 0 34 630 125 0 0 0 
0 0 0 0 0 372 382 0 0 1 
0 0 0 0 1 0 235 0 0 0 
0 0 0 0 0 0 363 0 0 0 
1587 0 0 0 1 0 0 0 0 0 
0 0 0 0 0 0 486 0 0 0 
3 0 15 4 0 82 0 0 0 702 
576 0 0 0 0 0 0 0 0 0 
0 0 0 0 105 269 0 0 0 0 
0 0 0 3354 9 0 0 0 0 0 
352 61 0 0 0 1257 30 0 0 0 
0 0 0 0 0 0 1600 0 0 0 
0 0 0 0 0 1059 283 0 0 0 
1 0 203 0 0 6 0 0 1 0 
16 0 3 0 0 921 0 0 1 0 
0 1 40 344 659 92 0 0 1 0 
0 0 0 0 0 0 0 0 740 0 
68 0 219 4 0 4 45 22 0 62 
0 0 0 33 467 0 0 0 0 0 
