17378 218 0 72 36 32 19 1 0 78 
415 0 478 43 7612 2499 8 0 1 19 
0 6 0 0 7 14 6478 344 1 0 
0 6427 0 0 0 0 0 0 0 0 
8959 0 0 0 0 0 92 171 642 0 
5912 0 10 0 0 0 38 0 15 83 
4432 0 0 0 0 0 3 0 0 0 
1 0 2 1286 0 0 0 0 0 0 
0 0 325 1657 449 0 0 0 0 0 
0 3272 0 0 0 71 2 130 0 1 
3798 0 0 0 1 0 0 0 0 0 
0 228 0 0 0 388 0 1 0 8 
0 0 1 0 499 0 0 0 0 0 
19 0 0 0 6 1152 0 0 0 0 
0 1 0 0 0 543 376 0 0 0 
11 0 0 0 0 0 460 0 0 1 
0 1 20 0 0 0 0 0 148 0 
2337 37 0 4 0 726 1 0 7 2 
0 0 0 0 43 656 127 0 0 0 
0 0 0 0 0 390 353 0 0 0 
0 0 0 0 0 0 236 0 0 0 
1 0 0 1 0 0 377 0 0 0 
1562 0 0 0 1 0 0 0 0 0 
0 0 0 0 0 0 484 0 0 0 
0 0 31 13 0 82 0 0 0 682 
581 0 0 0 0 0 0 0 0 0 
0 0 0 0 99 277 0 0 0 0 
0 0 0 3651 5 0 0 0 0 0 
1137 18 2 0 0 477 42 0 0 0 
0 0 0 0 0 0 1599 0 0 0 
0 0 0 0 0 1032 301 0 0 0 
0 0 188 0 0 0 0 0 2 0 
11 0 2 4 0 913 0 0 0 0 
5 0 37 322 670 113 0 0 0 0 
0 0 0 0 0 0 0 0 741 0 
56 12 60 0 0 0 138 3 69 0 
0 0 0 15 404 0 0 0 0 0 
