17402 209 0 79 6 32 22 0 0 31 
365 0 291 78 7472 2821 0 0 0 0 
1 0 0 0 8 21 6475 334 0 0 
0 6433 0 0 0 0 0 0 0 0 
8974 0 0 0 0 0 50 134 665 0 
5931 0 0 0 0 0 7 0 1 107 
4455 1 4 0 0 4 9 1 0 0 
1 0 0 1280 0 0 0 0 3 2 
0 0 285 2146 321 0 0 0 0 2 
0 3470 0 0 1 0 1 0 14 1 
3778 0 0 1 0 0 0 0 0 0 
0 240 0 0 0 387 0 0 0 0 
0 0 0 0 505 0 0 0 0 0 
5 0 0 0 7 1168 0 1 0 2 
0 0 3 0 0 594 319 0 0 0 
15 0 0 0 0 0 461 0 0 0 
0 0 17 0 0 4 0 1 147 0 
2167 70 0 0 0 805 79 5 0 0 
0 0 0 0 37 639 148 0 0 0 
0 0 0 0 0 381 375 0 0 0 
0 0 0 0 0 0 236 0 0 0 
0 0 0 0 0 0 367 0 0 0 
1558 0 0 0 1 0 0 0 0 0 
1 0 0 0 0 0 482 0 0 2 
0 0 26 22 0 95 0 0 0 663 
574 0 0 0 0 0 0 0 0 0 
0 0 0 0 114 258 0 0 0 0 
0 0 0 3284 5 0 1 0 0 0 
735 0 0 5 1 929 12 11 0 0 
0 0 0 0 0 0 1597 0 1 0 
0 0 0 0 0 1063 271 0 0 0 
0 0 221 0 0 1 0 0 0 1 
19 1 0 0 2 908 0 0 0 0 
0 0 51 302 687 94 0 0 0 0 
1 0 0 0 0 0 0 0 740 0 
110 4 140 0 1 0 73 42 21 0 
1 0 0 30 465 0 0 0 0 0 
