17464 179 101 39 6 29 61 0 0 68 
304 7 392 35 8039 2425 0 0 0 0 
0 0 0 0 8 9 6491 352 0 0 
0 6452 0 0 0 0 0 0 0 0 
8772 0 1 0 0 0 64 225 775 0 
6009 0 0 0 0 0 7 1 0 71 
4428 0 0 0 0 0 17 0 0 0 
0 0 0 1288 0 0 0 1 0 1 
0 0 241 1340 1115 0 0 0 0 0 
0 3344 0 0 5 79 0 0 0 4 
3812 0 0 0 0 0 0 0 0 0 
0 270 0 0 3 344 0 0 1 0 
0 0 0 0 500 0 0 0 0 0 
5 0 0 4 11 1138 0 6 0 0 
0 3 0 0 0 575 336 0 0 0 
6 1 0 1 0 1 463 0 1 0 
0 0 7 0 0 0 0 0 106 0 
2551 62 0 0 1 696 76 0 1 9 
0 0 0 0 37 681 121 0 0 0 
0 0 0 0 1 394 342 0 0 0 
0 0 0 0 0 0 236 0 0 0 
0 0 0 0 0 0 376 0 0 0 
1544 0 0 0 9 0 0 0 0 0 
0 0 0 0 0 0 481 3 0 0 
0 0 18 22 0 94 10 0 0 663 
584 0 0 0 0 0 0 0 0 0 
0 0 0 0 110 270 0 0 0 0 
0 0 0 3713 6 0 0 0 0 0 
1390 0 19 0 0 0 13 216 0 0 
0 0 0 0 0 0 1610 0 0 0 
0 0 0 0 0 1059 270 0 0 0 
0 0 219 0 0 0 0 0 0 0 
21 0 0 0 0 900 0 0 0 0 
0 0 0 319 718 85 1 5 0 0 
0 0 0 0 0 0 1 0 740 0 
