4291 1 166 2564 776 5550 4522 0 0 0 
10890 122 0 0 12 0 0 24 0 0 
2142 50 0 16 4 28 3678 0 925 0 
21 4436 0 0 471 1485 30 0 0 0 
0 0 0 0 0 2 9491 329 3 1 
3055 0 0 0 0 5 0 0 2074 937 
4437 0 0 0 0 0 0 0 0 0 
0 0 0 97 0 11 7 0 1141 33 
0 0 0 314 2008 140 0 0 0 0 
0 0 0 0 0 3475 0 0 0 0 
298 1 0 3468 2 16 0 0 0 0 
0 627 0 0 0 0 0 0 0 3 
354 140 0 0 0 0 0 0 2 1 
1178 0 0 0 0 0 0 0 0 0 
0 7 0 0 0 83 829 0 0 0 
0 0 0 0 0 472 0 1 0 0 
0 0 168 0 1 0 0 0 0 0 
1956 0 0 0 4 0 0 0 0 1139 
0 0 0 0 0 368 458 0 0 0 
0 0 0 187 250 0 306 0 0 0 
1 0 0 0 0 0 0 0 235 0 
0 0 0 1 0 53 320 1 0 0 
1556 6 0 0 0 0 0 0 0 0 
484 0 0 0 0 0 0 0 0 0 
3 0 0 310 1 0 0 0 19 477 
157 0 0 0 0 420 7 0 1 0 
95 1 0 0 10 230 0 0 39 0 
0 0 0 127 2654 847 0 0 0 0 
1 0 0 0 0 1678 1 0 0 0 
0 10 0 1 11 105 113 1366 0 0 
0 0 0 272 0 1015 46 0 0 0 
0 0 217 0 0 1 0 1 0 0 
920 0 0 0 0 0 6 3 0 0 
0 0 15 14 1108 0 0 0 0 0 
0 1 0 0 2 2 0 0 736 0 
135 15 0 2 61 75 0 1 0 48 
0 0 0 404 16 0 0 0 0 0 
