4472 0 188 2481 913 5112 4657 0 0 0 
10832 202 0 0 3 0 0 13 0 0 
2020 11 24 4 0 34 3759 3 990 0 
3 4251 1 0 390 1764 15 0 0 0 
0 0 0 0 0 1 9493 283 5 0 
3250 1 0 2 0 0 0 0 1890 952 
4422 0 0 0 0 0 0 0 0 0 
0 0 1 152 0 75 3 0 1058 0 
1 0 0 206 2379 143 0 0 0 0 
0 0 0 0 0 3492 0 0 0 0 
208 0 1 3492 0 65 0 0 0 1 
2 626 1 1 0 0 0 0 0 0 
370 128 0 0 0 0 9 0 0 0 
1180 1 0 0 0 0 0 0 0 0 
0 1 0 0 181 582 149 6 0 0 
0 0 1 0 0 468 9 0 0 0 
0 0 169 0 0 0 0 0 0 0 
1975 0 0 0 0 0 0 0 0 1130 
0 0 0 0 0 402 416 0 0 0 
0 25 0 146 42 0 535 0 0 9 
0 0 0 0 0 0 0 0 236 0 
1 1 0 0 0 40 324 0 0 0 
1552 0 0 0 0 6 0 0 0 3 
485 0 0 0 0 0 0 0 0 0 
8 0 3 298 13 0 1 0 22 461 
162 0 0 0 0 409 0 0 7 0 
57 0 0 0 0 313 0 0 0 0 
0 0 0 182 2297 828 0 0 0 0 
0 0 0 0 0 1712 1 0 0 0 
0 48 0 0 0 140 18 1388 0 0 
0 2 1 268 0 1036 24 0 7 0 
0 11 212 0 0 0 0 0 0 0 
919 0 0 0 2 0 4 0 0 0 
0 1 17 13 1104 0 0 0 0 0 
0 0 0 0 0 8 0 1 732 0 
0 0 0 7 180 136 36 0 0 25 
0 0 0 476 20 0 0 0 0 0 
