17488 193 0 57 12 34 13 0 0 61 
419 0 164 28 7949 2466 0 0 5 1 
0 0 0 0 1 48 6502 289 0 0 
0 6420 1 0 0 0 0 0 1 0 
8766 0 1 0 0 0 84 149 726 0 
5993 0 0 0 0 0 13 0 0 56 
4428 0 0 0 3 0 13 0 2 0 
0 0 0 1271 0 10 0 0 0 0 
0 0 242 2162 360 0 0 0 0 0 
0 3445 19 0 0 1 0 32 0 7 
3760 0 0 0 0 0 0 0 1 0 
0 258 0 0 0 369 0 0 0 1 
0 0 0 0 513 0 0 0 0 0 
6 1 0 0 16 1160 0 0 0 0 
0 0 0 0 0 563 354 1 0 0 
8 0 0 0 0 0 471 0 0 0 
0 0 31 0 0 0 0 0 138 0 
2144 8 0 0 0 868 82 0 0 7 
0 0 0 0 36 624 135 0 0 0 
0 0 0 0 1 408 349 0 0 0 
0 0 0 0 0 0 236 0 0 0 
0 0 0 0 0 0 368 0 0 0 
1585 0 0 0 1 0 0 0 0 1 
0 0 0 0 0 0 485 0 0 0 
0 0 30 10 0 109 0 0 0 658 
579 0 0 0 0 0 0 0 0 4 
0 0 0 0 104 272 0 0 0 0 
0 0 0 3263 10 0 0 0 0 0 
542 11 0 0 0 1122 21 0 0 0 
0 0 0 0 0 0 1599 0 1 0 
0 0 0 0 3 1070 262 0 0 1 
0 0 222 0 0 0 0 0 1 0 
13 1 0 0 1 916 0 0 0 0 
0 0 33 353 635 122 2 0 0 0 
0 0 0 0 0 0 0 0 741 0 
111 0 188 0 0 0 9 0 95 0 
0 0 0 28 474 0 0 0 0 0 
