4381 0 272 2504 827 5536 4335 0 0 0 
10816 178 0 0 6 0 0 49 5 0 
2165 21 0 7 9 59 3544 0 1036 1 
13 4229 0 0 456 1701 24 0 1 0 
1 0 0 0 0 10 9600 235 4 4 
3075 0 0 0 0 0 0 0 1938 1040 
4452 0 0 0 0 0 0 0 0 0 
1 3 0 48 0 8 0 0 1178 51 
0 0 0 353 2027 120 1 0 0 3 
0 0 0 0 0 3484 0 0 0 0 
302 0 0 3423 0 48 3 0 1 1 
0 632 0 0 0 0 0 0 0 0 
330 161 0 3 2 0 0 0 0 0 
1163 0 0 0 0 0 0 0 0 0 
3 0 0 0 0 38 877 0 1 0 
0 0 0 0 0 472 0 0 0 0 
0 0 169 0 0 0 0 0 0 0 
1986 0 0 0 0 0 0 10 14 1099 
0 9 0 0 0 387 428 0 0 0 
0 0 0 142 195 0 406 0 0 0 
0 0 0 0 0 0 0 0 236 0 
0 0 0 0 0 69 302 7 0 0 
1561 0 0 0 0 0 0 0 0 5 
484 0 0 0 0 0 0 0 0 0 
3 0 0 311 3 0 0 0 32 459 
149 0 0 0 0 435 0 0 1 0 
54 0 1 0 28 290 0 0 2 0 
1 0 0 142 2624 829 0 0 0 0 
0 0 0 0 0 1675 1 0 2 0 
0 1 0 0 2 48 171 1382 0 0 
0 0 0 279 8 981 66 1 0 0 
1 1 217 0 0 0 0 0 0 0 
930 0 0 0 0 0 0 0 0 1 
0 0 15 14 1108 1 0 0 0 0 
0 0 0 0 0 0 0 0 741 0 
44 12 0 0 134 30 0 1 0 116 
0 0 0 406 5 1 0 1 0 0 
