4463 0 898 2247 956 5335 4067 10 3 0 
10993 193 0 0 6 0 0 20 1 0 
2225 0 0 0 0 34 3625 12 951 0 
9 4065 79 0 488 1821 10 0 1 1 
1 0 0 0 0 1 9579 276 1 0 
3010 7 0 1 0 0 0 2 1993 1060 
4471 4 0 0 0 0 0 0 0 0 
0 2 0 280 13 7 0 0 987 0 
0 1 1 848 1746 112 0 0 0 0 
1 0 0 0 0 3395 0 0 0 0 
480 0 0 3329 0 27 0 3 2 0 
0 610 0 0 0 12 0 0 0 0 
314 151 0 0 0 0 1 0 1 0 
1154 0 0 0 0 0 0 0 0 0 
0 0 0 0 112 159 426 225 0 0 
0 0 0 0 0 472 0 0 0 0 
0 0 0 1 0 0 1 1 824 0 
2214 0 0 4 2 0 0 0 0 1158 
0 0 0 0 0 449 397 0 0 0 
0 50 0 291 33 24 344 0 0 0 
0 0 0 0 0 0 0 0 236 0 
2 0 0 0 0 41 320 1 1 1 
1555 0 0 2 7 0 0 0 0 0 
483 0 0 0 0 0 0 0 0 0 
1 0 0 240 13 0 0 0 40 512 
209 0 0 0 0 363 0 0 0 0 
102 0 0 0 16 261 4 0 0 0 
0 0 0 132 2756 819 0 0 0 0 
3 0 0 0 0 1633 2 0 0 0 
218 0 0 0 6 8 371 751 258 0 
0 0 0 308 8 997 15 0 2 0 
0 1 212 0 0 6 0 0 0 0 
919 0 0 0 0 0 0 0 0 0 
0 0 0 35 1086 0 1 0 0 0 
