4157 0 262 2323 877 5772 4409 0 0 0 
10738 238 0 0 3 1 0 48 0 0 
2224 0 4 5 2 13 3621 0 984 0 
5 4093 1 1 440 1847 15 22 9 1 
0 0 0 0 0 1 9571 252 1 0 
3242 2 0 3 1 4 0 0 1987 853 
4417 2 0 0 1 0 0 0 0 0 
22 8 0 96 0 1 7 0 1153 0 
0 0 0 312 2349 137 0 0 0 0 
0 0 0 0 0 3489 0 0 0 0 
295 0 0 3371 0 94 0 0 9 0 
0 625 0 0 0 0 0 0 1 6 
345 170 0 0 0 0 0 0 0 0 
1195 0 0 0 0 0 0 0 0 0 
0 0 0 0 183 280 458 3 0 0 
0 0 0 0 0 465 12 0 0 0 
0 0 169 0 0 0 0 0 0 0 
1952 0 0 2 0 0 0 0 0 1139 
0 0 0 0 0 369 442 0 0 0 
1 0 0 322 57 0 363 2 9 0 
0 0 0 0 0 0 1 0 235 0 
1 0 0 0 0 52 306 0 4 0 
1568 0 0 0 4 0 0 0 0 0 
485 0 0 0 0 0 0 0 0 0 
0 0 0 303 10 0 0 0 21 470 
109 0 1 0 10 458 0 0 0 0 
31 0 0 5 0 332 1 1 0 0 
0 0 0 137 2225 896 0 2 0 0 
0 0 0 1 0 1704 1 0 0 0 
2 0 0 0 0 39 2 1539 1 6 
3 0 0 265 0 1037 36 0 0 0 
1 0 194 0 0 25 0 0 1 0 
927 0 0 0 0 0 0 0 0 0 
0 0 28 23 1090 0 1 1 0 0 
0 0 0 0 0 0 0 0 740 0 
11 26 9 0 35 157 0 0 5 137 
0 0 0 456 4 0 0 0 0 0 
