17273 235 4 82 8 74 43 0 0 60 
315 0 177 17 7936 2600 0 0 0 0 
0 0 0 0 2 15 6496 326 1 0 
0 6444 0 0 0 0 0 0 0 0 
8752 0 0 0 0 0 19 140 846 0 
5948 0 0 0 0 2 8 1 1 103 
4425 0 0 0 0 2 4 0 0 0 
4 0 0 1257 0 0 0 7 9 0 
0 0 258 2092 351 0 0 2 0 0 
32 3447 0 0 0 0 13 0 0 0 
3771 0 0 4 0 0 0 0 0 0 
0 234 0 0 0 380 1 0 0 0 
0 0 0 0 516 0 0 1 0 0 
18 0 0 0 6 1156 0 3 0 0 
0 0 0 0 0 581 340 0 0 1 
2 0 0 0 0 0 358 0 0 0 
0 0 58 0 0 0 0 0 125 0 
2377 55 1 0 0 656 27 0 6 0 
0 0 0 0 42 612 137 0 0 0 
0 0 0 0 0 385 369 0 0 1 
0 0 0 0 0 0 236 0 0 0 
0 0 0 0 0 0 364 0 0 0 
1574 0 0 0 2 0 0 0 0 0 
0 0 0 0 0 0 486 0 0 0 
0 0 20 20 0 108 0 0 0 657 
575 0 0 0 0 0 0 0 0 0 
0 0 0 0 110 263 0 0 0 0 
0 0 0 3336 9 0 0 0 0 0 
292 28 12 0 3 1341 30 3 0 0 
0 1 0 0 0 0 1598 0 0 0 
0 0 0 0 0 1074 270 0 0 0 
0 0 211 0 0 0 0 0 0 0 
21 0 0 0 0 914 0 0 0 0 
0 0 46 298 714 78 0 0 0 0 
0 0 0 0 0 0 0 0 739 0 
175 0 88 29 3 0 0 98 0 31 
0 0 0 33 473 0 0 0 0 0 
120 0 0 3 0 0 0 0 0 0 
