17475 204 0 60 9 47 11 0 0 22 
437 0 297 26 7473 2826 7 1 0 0 
0 0 0 0 7 30 6492 308 0 0 
0 6429 0 0 0 3 0 0 0 0 
8981 12 0 0 4 3 59 103 643 0 
5979 1 0 0 2 0 18 0 2 66 
4420 6 0 0 2 0 23 0 0 0 
0 0 0 1288 0 0 0 0 0 0 
2 0 243 2069 384 0 0 0 0 0 
1 3436 0 0 0 0 0 41 2 0 
3774 0 0 0 0 0 0 0 0 0 
0 244 1 1 0 380 0 0 0 1 
0 0 0 0 504 0 0 0 0 0 
5 0 0 0 2 1174 0 0 0 0 
0 0 0 0 0 580 345 0 0 0 
10 0 0 0 0 0 469 0 0 0 
0 0 17 0 1 0 1 0 150 0 
2587 57 0 0 3 350 70 0 18 2 
0 0 0 1 39 659 128 0 0 0 
0 0 0 0 0 362 390 0 0 0 
1 0 0 0 0 0 235 0 0 0 
0 0 0 1 0 0 368 0 0 0 
1570 0 0 0 0 0 0 0 0 0 
0 0 0 0 0 0 484 0 1 0 
0 0 14 7 0 131 1 0 0 652 
575 0 0 0 0 0 0 0 0 0 
0 0 0 0 120 252 0 0 0 0 
0 0 0 3381 4 0 0 0 0 0 
1159 36 0 0 0 480 16 0 9 0 
0 0 0 0 0 0 1596 1 0 1 
0 0 0 0 0 1039 290 1 0 0 
0 0 219 0 0 0 0 0 0 0 
20 0 0 0 0 896 2 0 0 0 
2 0 45 298 663 129 0 0 1 0 
0 0 0 0 0 0 0 0 740 0 
215 0 9 11 9 0 102 32 0 2 
0 0 0 21 420 0 0 0 0 0 
