8822 462 0 0 0 0 0 12 0 1 
481 5 1 98 6156 1561 3 0 1 0 
1 0 0 1 0 127 2768 1145 0 1 
0 5154 3 0 0 0 0 0 0 0 
1 0 0 0 0 50 616 19 0 0 
0 0 0 882 1 0 0 0 1 0 
1695 0 0 0 0 0 0 0 0 0 
0 0 0 64 589 1 0 0 0 0 
0 0 0 0 0 0 918 484 575 84 
1715 0 0 0 0 0 0 0 0 0 
3230 375 0 0 481 127 522 0 1 202 
93 0 14 0 0 35 969 0 510 0 
0 284 0 0 0 0 0 0 0 0 
560 8 0 4 0 39 0 0 1087 156 
102 0 0 0 0 0 0 0 0 0 
1 0 0 2 0 0 1614 0 0 0 
194 0 0 4 0 1602 2870 0 0 0 
20 0 0 0 0 669 77 1 0 0 
2039 0 0 1 0 1 0 82 0 0 
3773 1 0 0 0 0 0 0 0 0 
0 0 0 483 0 0 0 0 2 0 
0 0 0 0 0 361 12 0 0 0 
0 1 0 0 559 163 5 2 0 0 
0 0 0 0 0 0 0 0 106 0 
0 0 15 926 323 0 0 0 27 0 
2 109 0 0 0 435 2 0 1 0 
0 757 0 9 7 0 0 0 0 0 
0 0 0 0 47 0 0 0 0 0 
0 0 0 0 9 412 361 0 0 0 
0 0 0 0 0 0 223 0 0 0 
315 0 0 0 0 10 1 0 0 0 
15 0 0 0 0 845 0 2 0 2 
71 0 3 0 0 0 3 163 118 78 
0 0 0 364 3 0 0 0 0 0 
0 0 267 706 0 0 0 5 0 0 
0 0 0 0 0 1 353 0 0 0 
1 0 0 0 0 0 449 0 0 0 
0 0 0 0 0 168 0 0 0 0 
1 0 0 3946 54 2 0 1 0 4 
0 161 0 0 0 0 0 0 0 0 
4 0 2 224 0 0 0 1 6 0 
0 0 0 0 0 183 0 0 0 0 
0 0 0 0 0 3 291 0 0 0 
0 0 175 13 8 8 0 0 0 0 
2108 5 0 11 1 0 0 0 1 0 
2 0 0 6 155 0 13 73 0 17 
2 0 102 0 487 1 0 0 0 0 
0 0 1 0 45 355 12 0 1 0 
1 0 0 9 249 1720 1 0 0 0 
100 22 0 0 0 0 96 51 5 0 
1 0 230 51 0 0 0 0 0 0 
0 0 0 0 568 0 1 0 0 0 
574 0 0 0 0 0 49 0 0 0 
0 0 0 0 0 147 226 0 1 0 
0 0 0 42 542 0 0 0 0 0 
5688 0 0 0 0 0 0 0 0 0 
0 0 0 0 0 0 698 0 0 0 
0 0 0 0 0 772 78 0 0 0 
0 1 0 8 0 582 4 15 0 0 
1 0 0 136 0 0 0 0 0 0 
0 0 125 0 0 0 0 1 0 0 
0 0 0 0 0 0 3 0 76 0 
0 0 0 0 0 0 278 0 0 0 
612 7 0 0 0 0 0 0 0 0 
127 0 0 0 12 0 0 0 566 0 
4 457 0 0 0 0 0 0 0 0 
217 1 0 14 2 0 0 0 0 0 
0 24 0 4 0 0 0 0 0 357 
0 0 0 0 78 0 0 0 0 0 
0 0 0 0 387 0 0 0 0 0 
521 0 0 0 0 0 0 0 0 0 
0 0 0 0 0 0 0 0 107 0 
0 0 0 0 0 116 0 0 0 0 
0 1 0 0 0 0 0 0 162 0 
1 5 0 9 0 0 21 0 480 3 
0 0 0 0 0 1 0 0 0 585 
128 0 0 0 0 54 1 36 0 0 
0 176 0 0 10 1 0 4 0 0 
0 0 88 10 2 0 0 42 0 0 
0 0 103 0 0 0 44 16 20 0 
484 0 0 0 0 0 0 0 0 0 
0 0 11 0 346 1 0 0 0 0 
0 0 0 0 0 0 0 2 351 0 
3874 0 0 0 0 0 0 0 0 0 
0 0 0 16 0 121 0 134 0 0 
201 0 0 0 4 0 2 0 8 1 
0 1 0 0 0 180 0 0 0 0 
