9592 387 0 0 0 0 0 11 0 0 
496 12 1 100 6553 1404 2 0 0 17 
503 11 2 11 8 141 2564 879 9 0 
0 5281 0 0 0 0 0 0 0 0 
0 0 0 0 0 38 620 17 0 0 
0 0 0 982 0 18 0 0 0 0 
1972 0 0 0 0 0 0 0 0 0 
2 0 0 73 567 0 0 0 0 0 
0 0 0 0 0 0 527 131 1432 2 
1708 0 0 0 0 0 0 2 0 0 
737 715 649 798 288 622 264 107 309 489 
85 0 0 0 16 87 1034 0 408 0 
0 283 0 0 0 0 0 0 0 0 
111 0 0 0 0 6 3 0 2108 46 
0 0 0 0 385 0 0 0 0 0 
0 0 19 0 0 2 0 0 30 0 
0 0 0 0 0 0 1527 1 0 0 
229 0 0 0 0 2029 2732 1 0 0 
25 0 0 0 5 672 70 0 0 0 
1962 0 2 0 6 0 0 136 0 0 
3809 0 0 0 0 0 0 0 0 0 
1 0 0 646 0 0 0 0 0 0 
0 0 0 0 0 344 17 0 0 0 
12 29 96 0 256 36 232 0 69 0 
0 0 0 0 0 0 0 0 106 0 
0 0 0 1125 280 0 0 0 0 19 
2 136 0 0 0 406 1 0 0 0 
0 738 0 10 2 0 0 0 0 0 
0 0 0 0 47 0 0 0 0 0 
0 0 0 0 12 393 375 0 0 0 
0 0 0 0 0 0 223 0 0 0 
291 0 0 0 3 0 2 0 1 3 
16 0 0 0 0 836 0 0 1 0 
44 0 0 132 8 0 218 42 3 0 
0 0 0 357 6 0 0 0 0 0 
1 0 317 626 0 0 0 0 1 1 
0 0 0 0 0 0 361 0 0 0 
2 0 0 0 0 0 452 0 0 0 
0 0 0 0 0 168 0 0 0 0 
0 0 0 3981 97 6 0 0 1 0 
1 0 0 0 0 0 0 0 0 519 
0 161 0 0 0 0 0 0 0 0 
0 0 0 219 0 24 0 0 0 0 
0 0 0 0 0 184 0 0 0 0 
0 0 0 0 0 4 287 0 0 0 
0 0 300 0 0 0 0 1 0 0 
2118 0 0 25 0 2 0 0 1 0 
0 0 1 0 150 0 0 118 0 0 
0 0 0 28 523 2 22 0 0 25 
0 0 0 0 56 357 17 0 0 0 
0 0 0 4 238 1795 0 0 0 0 
0 0 0 88 0 4 55 127 0 0 
0 0 266 13 2 0 0 0 0 0 
3921 0 0 0 53 0 0 0 0 0 
313 44 77 27 0 0 44 71 0 0 
0 0 0 0 3 158 210 0 0 0 
0 0 0 46 533 0 0 0 0 0 
5943 0 0 0 0 0 0 0 0 0 
0 0 0 0 0 0 691 0 0 0 
0 0 0 0 0 752 74 0 0 16 
3 0 0 0 20 523 38 0 0 13 
0 0 0 123 0 0 0 0 0 0 
0 0 145 13 0 0 0 0 0 8 
0 0 0 1 0 0 0 0 75 0 
0 0 0 0 0 0 265 0 0 1 
496 34 0 0 0 0 23 0 0 0 
81 0 0 4 0 0 161 9 424 0 
1 368 0 0 0 0 1 1 0 0 
49 0 2 6 74 35 0 1 0 40 
0 0 0 6 1 0 0 5 9 364 
0 0 0 0 80 0 0 0 0 0 
0 138 0 0 0 0 0 0 0 0 
0 0 0 0 52 0 0 0 0 0 
0 0 0 0 402 0 0 0 0 1 
216 1 0 4 8 0 0 0 7 0 
1 2 0 0 0 0 0 0 103 0 
4 0 0 0 0 89 0 0 0 0 
0 0 0 0 0 0 0 0 100 0 
0 8 1 0 0 0 1 2 508 1 
0 0 0 0 203 0 0 0 0 0 
