1784 0 0 29 0 1350 4300 1 0 0 
6726 19 0 34 46 12 0 5 0 0 
0 1 0 0 0 3 3771 76 0 0 
0 0 0 0 0 105 562 0 0 0 
0 0 0 0 10 1016 0 0 0 0 
0 0 0 13 0 1831 67 0 0 0 
0 0 0 9 1 635 0 0 14 0 
1 0 0 0 0 0 2119 0 0 0 
74 0 1 0 1 0 0 0 1388 166 
0 0 0 1 10 4596 0 0 0 0 
1456 0 0 5 0 0 0 0 0 0 
0 1 0 0 321 0 0 0 0 0 
1241 0 0 38 1 0 20 0 0 7 
195 0 1 0 0 0 18 0 0 0 
1516 15 0 0 0 1 0 7 2 0 
4441 0 0 1 0 1 0 17 0 3 
0 0 0 392 286 0 0 7 4 0 
0 0 0 0 0 0 2132 0 0 0 
52 1 2 0 0 0 0 0 432 0 
0 0 0 0 0 360 0 0 0 0 
0 0 0 1 708 16 0 1 0 0 
0 0 0 0 0 0 0 0 106 0 
0 0 11 0 13 1156 0 0 0 0 
0 532 1 8 0 0 0 0 0 0 
0 9 0 70 1 703 0 0 0 0 
0 47 0 0 0 0 0 0 0 0 
1 3 561 0 0 30 39 0 28 0 
0 0 0 0 0 0 0 0 223 0 
0 0 0 0 0 0 340 0 0 0 
0 0 0 0 0 437 0 0 0 0 
0 0 2 4 360 9 0 0 0 0 
0 1 0 0 980 39 0 0 0 0 
0 0 172 4 0 0 4 170 4 0 
0 0 0 0 0 188 0 0 0 0 
165 1 0 0 1 0 0 0 0 0 
0 2 0 372 3449 70 0 0 0 0 
0 0 0 0 0 181 0 0 0 0 
0 0 0 227 0 0 0 6 0 0 
0 0 163 0 0 0 0 0 0 0 
0 0 0 0 173 0 120 0 0 1 
0 0 200 2 0 0 0 0 1 0 
0 0 21 1754 0 0 0 0 0 0 
243 0 0 0 0 0 0 0 0 0 
530 13 0 0 3 0 8 0 0 5 
0 0 0 0 1 182 212 0 0 0 
0 492 0 1115 251 4 1 0 0 0 
0 0 1 0 0 29 0 232 0 1 
0 0 0 205 75 0 0 0 0 0 
3 0 1 0 0 6 0 27 2 92 
0 0 0 0 0 0 80 533 0 0 
1 0 0 104 28 0 250 0 0 0 
0 0 0 582 7 0 0 0 0 0 
3694 0 1237 302 356 0 17 0 0 0 
42 31 0 0 0 605 0 0 42 0 
8 12 0 78 126 633 0 18 0 0 
0 0 0 0 0 608 1 0 1 0 
78 14 0 0 44 0 0 0 1 0 
0 0 125 0 0 0 0 0 0 0 
0 0 0 0 0 34 251 0 0 0 
0 1 0 0 0 744 13 0 0 0 
710 13 5 0 0 0 3 0 0 2 
0 509 0 0 0 0 0 0 0 0 
502 0 0 0 1 0 0 0 0 0 
0 1 0 19 326 0 2 0 0 19 
21 0 9 3 25 0 0 3 6 0 
0 0 0 1 368 0 6 0 0 0 
836 0 0 0 0 0 0 0 0 0 
7 0 5 3 0 0 0 85 7 0 
0 3 0 0 0 7 197 0 0 0 
0 1 0 0 0 102 78 0 0 0 
0 0 0 0 0 0 0 0 0 516 
0 0 0 1 0 1 1 0 30 559 
0 0 20 2 1 0 195 0 0 0 
44 234 0 0 2 0 0 0 0 0 
1 5 0 3 0 0 0 132 5 0 
0 0 0 0 0 0 0 0 183 0 
698 0 0 0 0 0 0 0 0 0 
0 0 0 0 338 0 24 0 3 0 
6 3 0 0 0 0 0 0 240 105 
3226 0 0 0 1 0 0 0 0 0 
0 0 0 0 0 320 0 0 0 0 
0 0 0 2 219 0 0 0 5 0 
56 0 0 0 3 223 14 0 4 0 
0 3345 207 8 0 1472 5 0 0 0 
182 0 0 0 0 0 0 0 0 0 
178 0 0 0 0 0 0 0 0 0 
2165 1 9 0 1 0 6 0 0 0 
0 0 0 0 0 0 0 4 149 1 
73 0 0 0 14 0 1 0 0 0 
43 0 0 0 0 0 2 91 0 37 
0 0 0 0 0 244 26 0 0 1 
382 0 0 0 2 0 0 0 0 1 
59 0 0 0 0 0 0 0 0 0 
0 101 2 0 0 1 0 0 0 0 
825 0 0 0 0 0 0 0 0 1 
1724 0 0 0 6 0 1998 0 0 0 
360 0 0 0 0 0 0 0 0 0 
14 0 192 0 0 0 28 0 0 16 
307 43 0 0 0 0 10 12 0 1 
622 0 0 7 0 0 0 0 0 5 
0 0 0 0 0 0 167 0 0 0 
