3298 0 0 45 8 1371 4568 0 0 0 
8063 83 0 12 45 52 0 0 0 0 
0 0 0 0 0 0 4006 32 0 1 
0 2 0 0 0 121 563 0 0 1 
0 0 0 1 15 915 0 0 0 0 
0 0 2 48 0 1771 58 0 0 0 
0 1 0 41 1 329 165 106 0 0 
0 0 0 0 0 0 2077 0 0 0 
129 0 0 0 0 0 0 0 1403 181 
0 0 0 7 11 4764 0 0 0 0 
1578 3 19 6 2 0 0 0 8 0 
0 0 2 0 282 0 0 0 0 0 
1458 0 0 1 0 0 2 0 426 0 
71 0 0 0 0 0 0 3 0 0 
1435 0 0 2 0 0 0 0 0 1 
4788 0 0 0 0 3 0 23 0 6 
0 0 0 407 348 0 0 0 0 12 
0 0 0 0 0 0 2105 0 0 0 
1504 0 0 0 0 5 2263 0 0 0 
0 32 0 0 0 7 7 0 437 2 
0 2 0 0 0 349 0 0 0 3 
0 0 0 0 708 17 0 0 0 0 
0 0 0 0 0 0 0 0 106 0 
0 0 8 0 6 1237 0 0 0 0 
0 545 0 1 0 0 0 0 0 0 
0 23 0 94 11 635 0 0 0 0 
0 47 0 0 0 0 0 0 0 0 
1 0 338 0 0 417 10 0 0 1 
0 0 0 0 0 0 0 0 223 0 
3 0 0 0 0 0 320 0 0 0 
866 0 0 0 0 0 0 0 0 0 
0 0 0 0 0 436 0 0 0 0 
0 0 0 4 353 7 0 0 0 0 
0 0 0 0 947 42 0 0 0 0 
199 1 0 0 15 0 24 113 0 0 
0 0 1 2 0 429 15 0 0 3 
168 0 0 0 0 0 0 0 0 0 
0 0 2 412 3503 84 0 0 0 0 
0 0 0 0 0 161 0 0 0 0 
0 0 0 228 2 0 2 3 0 0 
0 0 0 2 0 0 21 59 2 99 
1 0 0 0 99 0 195 0 0 1 
11 0 186 0 0 6 0 0 0 0 
0 0 0 2113 0 0 16 0 0 0 
263 0 0 0 1 0 2 0 0 0 
561 0 0 0 0 0 0 0 0 0 
3 0 0 0 2 211 192 0 0 4 
0 476 0 1152 200 7 135 0 4 0 
11 0 33 0 0 0 0 228 0 0 
0 0 0 275 0 0 0 6 0 0 
566 0 0 0 0 0 0 0 0 0 
0 0 0 0 0 0 97 534 0 0 
0 0 0 61 0 0 263 32 0 18 
0 0 0 578 8 0 0 0 0 0 
3653 0 1126 363 499 0 0 0 0 0 
2 41 0 0 0 663 0 0 0 0 
1 0 0 133 123 598 0 0 0 0 
0 0 0 0 0 629 1 0 0 0 
74 0 0 0 27 1 19 0 0 19 
0 0 122 0 1 1 0 0 2 0 
0 0 1 0 0 46 227 1 0 1 
0 0 25 0 0 574 3 0 1 10 
756 0 0 0 0 0 0 0 0 0 
0 491 0 0 0 0 0 0 0 0 
223 1 0 0 0 0 12 0 0 0 
0 6 0 0 369 8 0 0 2 0 
48 0 28 1 0 0 0 0 0 0 
0 0 18 0 369 0 0 0 0 0 
613 0 0 0 0 0 8 0 0 0 
15 0 0 7 1 0 0 0 71 16 
0 0 0 0 2 0 97 16 3 0 
0 0 0 0 0 52 115 0 0 0 
0 0 0 0 0 1 0 0 0 518 
0 0 0 0 0 0 0 0 21 566 
10 82 0 0 5 82 38 0 0 0 
24 0 0 42 95 4 0 0 2 26 
0 0 6 0 0 2 0 135 0 1 
0 0 0 0 1 0 0 0 182 1 
501 0 3 0 0 0 0 0 0 0 
0 0 19 0 336 0 0 0 0 4 
7 0 15 0 0 3 0 0 317 9 
3620 0 1 0 0 0 0 0 0 0 
0 0 0 0 0 269 0 0 0 0 
0 0 0 1 215 0 0 0 0 0 
196 0 0 0 0 0 2 0 0 0 
20 2878 97 0 0 2096 38 0 25 0 
133 0 0 0 0 0 0 0 0 0 
151 0 0 0 0 0 0 0 0 0 
