7601 198 0 0 1 0 1 14 0 0 
375 0 2 38 5880 1542 0 0 0 1 
0 0 0 7 0 143 2787 894 0 1 
0 0 0 0 0 53 622 22 0 0 
0 1 0 1012 0 0 0 0 0 0 
1923 0 0 0 0 0 0 0 0 0 
0 0 0 132 515 0 0 0 0 0 
1 0 17 9 31 0 809 684 534 1 
1635 0 0 0 0 0 0 0 1 0 
4160 53 0 2 299 0 12 0 202 0 
74 3 2 0 0 85 1298 0 0 0 
0 284 0 0 0 0 0 0 0 0 
1043 0 0 15 0 0 48 15 2 255 
180 0 9 0 0 0 0 8 0 0 
0 0 0 0 0 0 1461 0 0 0 
164 0 0 0 0 1345 3127 0 0 0 
55 1 0 0 2 624 5 0 2 0 
2047 3 0 0 0 0 0 88 0 1 
3661 0 0 0 0 1 0 0 1 0 
5 0 6 475 0 0 0 0 2 0 
0 0 0 0 0 340 21 0 0 0 
7 0 381 0 346 0 0 0 1 0 
0 0 0 0 0 0 0 0 106 0 
0 0 0 835 338 0 0 0 0 0 
10 141 0 2 0 388 0 0 0 0 
0 763 0 10 1 0 0 0 0 0 
0 0 0 0 47 0 0 0 0 0 
0 0 0 0 0 267 398 0 0 0 
0 0 0 0 0 0 223 0 0 0 
344 0 0 0 0 0 0 0 0 0 
0 0 2 41 0 0 6 0 2 386 
0 0 0 355 4 0 0 0 0 0 
0 0 304 709 0 0 0 0 0 2 
0 0 0 0 0 0 352 0 0 0 
5 3 0 0 0 1 168 0 4 0 
0 0 0 0 0 166 0 0 0 0 
0 0 1 3860 68 2 0 0 0 0 
0 179 0 0 0 0 0 0 0 0 
0 0 1 232 0 0 0 0 0 0 
0 0 0 0 0 167 0 0 0 0 
4 0 0 0 0 4 272 0 0 0 
0 2 195 0 1 0 0 2 3 0 
1797 2 0 10 0 3 0 0 0 0 
0 69 0 0 0 0 142 5 38 0 
0 0 0 4 542 0 0 0 2 0 
0 0 0 0 46 341 18 0 0 0 
0 0 1 14 200 1708 0 0 0 0 
0 36 39 13 147 33 0 6 0 0 
0 0 257 17 0 3 5 0 0 0 
0 0 0 1 615 0 0 0 0 0 
611 0 0 0 0 0 36 0 0 0 
1 0 0 0 0 112 253 0 0 0 
0 0 0 50 538 0 0 0 0 0 
5605 0 0 0 0 0 0 0 0 0 
0 0 1 0 0 0 703 0 0 0 
0 0 0 0 0 790 56 0 0 0 
7 3 0 0 0 547 54 0 0 2 
0 1 0 130 0 0 0 0 0 0 
0 0 126 0 0 0 0 0 0 0 
0 1 0 0 0 0 283 0 0 0 
642 0 0 1 2 16 0 0 0 0 
46 0 5 0 0 0 0 0 682 0 
0 514 0 0 1 0 0 0 0 0 
204 0 0 0 235 24 0 11 0 0 
13 113 0 0 0 1 0 0 238 2 
0 0 0 0 75 0 0 0 0 0 
0 3 0 0 389 0 0 0 0 0 
784 0 0 0 0 0 0 0 0 0 
0 0 0 0 0 0 0 0 107 0 
0 0 0 0 0 163 0 0 2 0 
0 0 10 0 0 0 2 0 164 0 
0 0 0 0 0 0 0 99 18 402 
0 0 0 0 0 0 0 0 0 588 
0 22 0 0 0 12 189 0 0 0 
0 183 0 17 0 0 0 0 4 4 
0 29 107 0 0 0 0 9 0 0 
0 0 0 0 0 6 0 0 0 175 
679 0 0 0 0 0 0 0 0 0 
0 0 0 0 362 0 0 0 0 0 
0 1 0 0 0 0 0 0 354 0 
3232 0 0 0 6 0 1 0 0 1 
0 17 0 0 2 237 0 16 1 1 
1 0 0 28 1 6 221 11 1 0 
0 0 0 0 9 282 0 0 0 0 
0 5093 0 0 0 2 0 0 0 0 
16 0 1 0 0 977 0 0 0 0 
152 0 0 0 0 0 0 0 0 0 
2025 37 0 2 0 0 0 0 0 0 
0 0 0 0 0 0 0 0 153 0 
0 0 0 0 0 59 29 0 0 0 
167 0 0 0 0 0 0 0 0 0 
0 0 0 1 0 0 268 2 0 0 
0 0 0 0 0 0 115 31 0 0 
330 0 0 0 27 0 0 0 0 0 
0 0 1 0 1 0 64 0 0 1 
2 0 0 0 0 89 0 0 4 0 
