1600 0 1 32 0 1288 4741 2 6 0 
7176 86 0 16 36 1 0 0 9 0 
0 1 0 1 0 0 3798 17 0 0 
7 0 0 0 0 203 468 0 0 0 
0 0 0 0 12 1021 0 0 0 0 
0 0 0 47 0 1860 47 0 0 0 
1 60 0 0 9 495 71 16 0 0 
0 0 0 0 0 0 2116 1 0 0 
38 0 3 0 0 0 0 0 1353 243 
0 3 0 3 13 4659 0 0 0 0 
1456 0 0 0 0 0 1 0 2 4 
0 3 0 0 312 0 0 0 7 0 
1038 0 0 0 0 254 22 0 0 0 
168 0 0 0 0 0 17 0 0 1 
1460 0 0 0 0 0 9 1 0 5 
4501 0 3 0 0 0 0 33 0 0 
0 0 0 404 290 0 0 0 0 0 
1 0 0 0 0 0 2113 0 1 1 
4 9 0 0 0 4 17 2 450 0 
0 5 0 0 2 348 0 0 3 0 
0 0 0 0 717 13 0 0 0 0 
0 0 0 0 0 0 0 0 106 0 
0 0 6 0 5 1155 0 0 0 0 
0 522 1 0 0 19 0 0 0 0 
0 8 0 75 3 681 0 0 0 0 
0 47 0 0 0 0 0 0 0 0 
0 0 507 0 0 1 69 0 0 84 
0 0 0 0 0 0 0 2 221 0 
0 0 0 0 0 0 339 0 0 0 
0 0 0 0 0 437 0 0 0 0 
0 0 0 6 354 4 0 0 0 0 
0 0 0 0 955 55 0 0 0 0 
0 0 138 2 200 0 0 0 18 0 
0 0 0 0 0 189 0 0 0 0 
165 0 0 0 0 0 0 1 0 0 
0 0 0 377 3459 85 0 1 0 0 
0 0 0 0 0 187 0 0 0 0 
0 0 0 234 0 0 0 0 0 0 
88 2 11 0 0 34 16 0 16 0 
0 1 5 0 114 0 172 1 0 0 
0 0 201 0 0 0 0 0 0 2 
7 0 0 1752 0 0 4 0 11 1 
247 0 0 0 0 0 5 0 0 0 
508 0 0 0 0 0 0 0 41 0 
0 0 0 0 0 200 210 0 0 0 
0 496 0 996 273 0 146 0 0 0 
84 0 0 0 0 0 0 105 81 0 
0 2 1 266 2 2 5 2 0 2 
720 0 0 1 0 0 0 0 0 0 
0 0 0 0 0 0 112 522 0 0 
3 0 0 55 0 0 311 0 0 0 
0 0 0 577 11 0 4 0 0 0 
3578 1 1334 281 393 0 0 0 0 0 
0 39 0 0 0 557 0 101 0 0 
7 11 0 75 113 651 0 1 0 0 
0 0 0 0 0 598 6 0 0 0 
0 0 0 0 0 0 0 83 0 49 
0 0 126 0 0 0 0 0 0 0 
0 0 0 0 0 26 260 0 0 2 
0 6 0 0 0 664 0 0 0 0 
715 0 12 0 0 0 4 0 0 5 
0 499 0 0 0 0 0 0 0 1 
472 0 0 1 0 0 0 4 0 9 
0 0 1 0 353 0 0 10 1 2 
14 6 0 0 0 0 0 51 0 4 
0 0 0 0 390 0 0 0 0 0 
805 0 0 0 0 0 0 0 0 0 
22 61 17 0 3 0 3 0 0 0 
89 0 0 0 0 0 84 30 0 0 
0 0 22 0 0 65 93 1 0 0 
0 0 0 1 3 0 0 0 0 516 
1 0 0 0 0 0 0 1 14 571 
4 11 0 95 0 107 3 0 0 0 
44 228 0 5 0 0 0 0 1 0 
0 0 6 2 2 0 0 136 0 0 
0 0 0 0 1 0 0 0 175 7 
684 0 0 0 0 3 0 1 1 0 
0 0 0 1 344 0 0 16 0 0 
0 2 0 0 4 0 0 0 348 0 
3263 0 0 0 0 0 0 0 0 0 
0 0 0 0 0 274 0 0 0 0 
0 0 0 0 231 0 0 0 0 0 
1 0 0 0 0 289 0 4 0 0 
0 3091 105 0 0 1797 64 0 0 0 
182 0 0 0 0 0 0 0 0 0 
150 0 0 0 0 0 0 0 0 0 
2162 0 0 0 0 1 0 2 0 0 
1 0 0 0 0 32 0 0 121 0 
0 0 0 0 36 0 0 0 3 47 
0 94 70 8 0 0 0 0 0 0 
0 1 0 0 0 226 43 0 0 1 
0 0 0 0 0 0 146 0 0 0 
310 0 1 75 0 0 0 0 0 2 
71 0 0 0 0 0 0 0 0 0 
5 81 0 0 1 0 1 0 0 0 
824 0 0 0 0 0 0 2 0 0 
1398 0 0 0 0 1 2429 0 0 0 
356 0 0 0 0 0 0 0 2 0 
