1667 7 0 30 0 1387 4292 0 0 0 
7136 73 0 23 47 8 2 0 1 0 
0 0 12 0 0 1 3793 24 0 3 
0 0 1 0 0 184 489 0 0 0 
0 0 0 0 14 1031 0 0 0 0 
0 0 1 37 0 1819 64 0 0 0 
0 0 0 2 2 633 21 0 0 0 
0 0 0 0 0 0 2114 0 0 0 
71 0 0 0 0 0 0 0 1273 285 
0 1 0 3 8 4664 0 0 0 0 
1431 0 1 0 3 11 0 5 0 12 
0 0 0 2 320 0 0 0 0 0 
1088 0 0 122 0 84 0 10 0 24 
166 0 0 0 0 0 27 0 1 0 
1528 0 0 0 0 21 0 0 0 0 
4426 0 0 0 0 0 0 28 0 0 
0 0 1 300 383 0 0 0 0 0 
0 0 0 1 0 3 2121 0 0 1 
0 6 0 0 44 0 1 0 437 0 
0 0 0 0 0 358 0 0 0 0 
0 0 1 0 717 14 0 1 0 0 
0 0 0 0 0 0 0 0 106 0 
0 0 14 0 15 1127 0 0 0 0 
0 539 0 0 7 2 0 0 0 0 
0 13 0 64 1 687 0 0 0 0 
0 47 0 0 0 0 0 0 0 0 
0 0 497 0 1 52 111 0 0 0 
1 0 1 0 0 0 0 0 221 0 
0 0 0 0 0 0 338 0 0 0 
0 0 0 0 0 435 0 0 2 0 
0 0 0 4 356 4 0 0 0 0 
0 0 0 0 973 42 0 0 0 0 
0 6 132 0 0 0 0 24 195 2 
0 1 0 0 1 191 0 0 0 0 
166 0 0 0 0 0 0 0 0 0 
0 0 0 380 3445 81 0 0 0 0 
0 0 0 0 0 179 0 0 0 0 
0 0 0 229 0 2 2 0 0 1 
12 0 138 0 0 0 6 0 8 0 
1 0 0 0 145 9 155 0 0 0 
0 9 194 0 0 0 0 0 0 0 
14 0 0 1735 0 0 0 0 0 0 
239 0 0 0 0 0 0 0 7 0 
520 0 0 0 0 0 0 9 1 0 
0 2 0 0 0 178 245 0 0 0 
0 498 0 1116 210 0 29 2 1 0 
0 0 0 131 33 0 7 79 0 13 
0 0 0 271 0 2 7 0 0 0 
746 0 0 1 0 0 0 0 0 2 
3 0 2 0 1 1 94 510 0 0 
0 0 0 179 1 3 183 0 0 0 
0 0 0 587 3 0 0 0 1 0 
3792 0 1123 279 383 0 4 0 29 0 
7 0 9 0 2 691 0 0 0 0 
0 0 0 141 104 646 0 0 2 0 
0 0 2 0 0 596 2 0 0 0 
61 0 17 0 7 0 0 44 8 0 
0 0 125 0 0 0 0 0 0 0 
0 0 0 0 0 33 251 2 0 0 
0 2 1 0 0 723 0 0 0 0 
737 0 0 5 0 1 0 0 0 0 
0 490 1 0 0 1 0 0 0 0 
488 1 0 0 0 0 0 0 0 0 
0 0 0 0 367 4 0 0 0 0 
71 0 0 0 0 0 0 0 0 0 
0 0 0 0 390 0 0 4 0 0 
841 0 0 0 0 0 0 0 0 0 
0 13 0 0 4 0 14 56 0 20 
0 4 0 0 0 0 202 0 0 0 
0 0 33 0 0 83 67 0 0 0 
0 0 0 0 0 0 0 0 0 522 
0 0 0 0 0 1 0 0 16 570 
2 0 4 0 0 134 4 0 2 71 
14 263 0 0 0 0 0 0 8 0 
0 0 1 1 0 0 7 122 15 0 
0 0 1 0 0 0 0 0 183 0 
691 0 0 0 0 0 1 0 0 1 
0 0 0 0 343 11 1 0 0 0 
0 0 0 21 15 0 0 0 308 10 
3211 0 0 0 0 0 0 0 0 1 
0 0 0 0 0 323 0 0 0 0 
1 1 0 0 220 1 1 0 0 0 
0 0 0 0 1 261 24 10 0 0 
0 3434 120 0 21 1487 8 8 0 1 
182 0 0 0 0 0 0 0 0 0 
152 0 0 0 0 0 0 0 0 0 
2180 0 2 0 0 0 0 0 1 0 
1 0 0 0 0 0 0 0 153 0 
1 0 0 0 0 7 5 0 16 60 
0 9 0 66 0 2 0 92 0 2 
0 0 0 0 0 219 48 3 0 1 
0 0 0 0 0 0 146 0 0 0 
373 1 0 0 0 0 0 10 5 0 
60 0 0 0 0 0 0 0 0 0 
3 84 0 1 0 0 2 1 0 0 
828 0 0 0 0 0 0 0 0 0 
1391 4 0 11 3 1 2392 2 0 0 
356 0 0 0 0 6 0 0 0 0 
50 4 1 0 0 1 85 64 9 22 
