7865 167 1 0 0 0 0 4 0 0 
360 2 0 81 5994 1668 0 0 1 0 
0 16 0 0 1 61 2650 1184 0 0 
0 0 0 0 0 47 620 13 0 0 
0 0 0 991 0 0 4 0 0 2 
1909 0 0 0 0 0 0 0 0 0 
0 0 0 65 579 0 0 0 0 0 
19 56 1 9 0 15 1002 598 495 0 
1643 4 0 0 0 0 0 0 0 0 
3845 715 0 3 96 17 7 0 75 0 
73 0 0 0 19 55 1336 0 0 0 
0 284 0 0 0 0 0 0 0 0 
1344 0 0 0 0 0 1 0 50 144 
193 0 0 0 0 0 0 0 0 0 
0 0 0 0 0 0 1423 0 2 0 
179 0 0 0 0 1435 3170 0 0 0 
51 0 0 0 0 624 0 4 2 0 
2022 1 0 7 0 0 0 60 6 0 
3702 0 1 1 0 1 0 0 0 0 
0 0 0 482 0 3 0 1 0 0 
0 1 1 0 0 342 15 0 0 0 
0 0 246 0 470 0 0 0 0 13 
0 0 0 0 0 0 0 0 106 0 
2 0 0 728 458 0 9 0 0 0 
3 171 0 0 0 380 0 0 0 0 
0 766 0 10 2 0 0 0 0 0 
0 0 0 0 47 0 0 0 0 0 
2 0 0 0 0 304 378 0 0 0 
0 0 0 0 0 0 223 0 0 0 
321 0 4 0 0 0 2 0 3 0 
14 3 0 0 0 822 0 0 0 0 
0 0 0 1 0 2 0 0 264 170 
0 0 0 357 4 0 0 0 0 0 
1 0 260 735 0 0 4 0 1 0 
0 0 0 0 0 0 352 0 0 0 
1 0 0 0 0 1 449 0 0 0 
0 0 0 0 0 167 0 0 0 0 
0 0 0 3878 92 2 0 0 0 1 
0 161 0 0 0 0 0 0 0 0 
0 0 0 228 0 4 2 0 0 0 
0 0 0 0 0 183 0 0 0 0 
0 0 0 0 0 10 283 1 0 0 
0 0 203 0 0 0 0 0 1 0 
2105 2 0 27 0 0 0 0 0 0 
25 0 38 25 3 0 55 109 0 0 
0 0 25 0 479 0 46 0 1 0 
0 0 0 0 48 348 16 0 0 0 
0 0 0 12 230 1754 0 0 0 0 
1 16 0 0 0 116 138 0 0 4 
0 0 261 20 0 0 0 0 0 0 
0 0 0 0 633 1 0 0 0 0 
588 0 0 0 0 0 40 0 5 0 
0 0 0 0 0 155 219 0 0 0 
0 0 0 44 540 0 0 0 0 0 
5663 0 1 0 0 0 0 1 0 0 
0 0 0 0 0 0 706 0 0 0 
0 0 0 0 0 782 65 0 0 0 
0 0 1 0 0 592 17 0 0 0 
0 0 0 134 0 0 0 0 1 0 
0 0 125 0 0 0 1 0 0 0 
0 0 0 0 0 0 276 0 0 0 
604 0 0 0 31 0 2 1 4 4 
106 0 0 0 2 0 1 0 616 0 
0 486 0 0 0 0 1 1 0 0 
97 2 0 127 0 0 0 2 2 0 
0 45 6 190 0 12 1 0 114 0 
0 0 0 0 78 0 0 0 0 0 
0 0 0 2 372 4 1 0 0 0 
748 0 0 0 0 0 0 0 0 0 
0 0 0 0 0 0 0 0 106 0 
0 0 0 0 0 117 0 0 1 1 
0 0 9 0 0 0 0 0 162 0 
0 0 35 32 22 0 0 8 423 0 
0 0 0 1 0 0 0 0 0 585 
0 0 0 0 0 0 0 209 13 0 
10 185 0 1 1 0 0 12 0 0 
18 0 3 0 2 0 69 10 42 0 
0 1 2 0 0 0 0 0 0 180 
635 0 0 0 0 0 0 0 0 0 
0 0 0 0 375 0 0 0 0 0 
0 1 0 0 0 0 0 0 352 0 
3200 0 0 0 0 1 5 0 0 2 
0 0 0 0 0 249 0 20 2 0 
0 2 22 0 1 0 0 0 154 50 
0 0 1 0 12 258 1 0 0 0 
0 5121 0 1 0 0 0 0 0 0 
15 0 13 0 0 113 0 0 15 6 
151 0 0 0 0 0 0 0 0 0 
1840 41 0 0 0 0 0 1 0 0 
0 0 0 0 0 3 1 0 149 0 
0 0 0 0 0 62 24 0 0 0 
