7635 213 0 0 0 0 0 10 0 0 
276 0 0 172 5916 1700 0 0 0 0 
0 0 0 0 0 161 2380 1364 1 1 
0 0 0 0 0 48 623 13 0 0 
0 0 0 1010 0 0 0 0 0 0 
1915 0 0 0 0 0 0 0 0 0 
0 2 0 69 571 0 0 0 1 0 
2 0 3 0 0 0 769 575 833 0 
1624 0 0 0 0 0 0 0 0 13 
3843 434 14 0 451 0 0 0 0 0 
104 3 0 3 0 131 1233 0 1 0 
0 284 0 0 0 0 0 0 0 0 
1492 1 2 0 0 4 0 0 0 16 
184 0 0 0 0 0 0 0 0 15 
0 0 0 0 0 0 1443 0 0 0 
139 0 0 1 0 1289 3319 0 0 0 
102 0 0 0 0 580 0 0 0 0 
2015 0 5 1 1 4 0 58 0 0 
3691 0 0 1 0 0 0 0 0 0 
0 0 0 484 0 0 0 0 1 2 
0 0 0 0 0 344 17 0 0 0 
2 0 298 0 415 0 0 14 0 0 
0 0 0 0 0 1 0 0 105 0 
0 2 0 892 293 5 0 7 0 2 
2 165 0 0 0 382 0 0 0 0 
0 781 0 8 1 0 0 0 1 0 
0 0 0 0 47 0 0 0 0 0 
0 1 0 1 0 315 367 0 0 0 
0 0 1 0 0 0 222 0 0 0 
324 0 0 0 14 0 0 0 1 0 
0 41 0 100 0 0 0 6 140 150 
0 0 0 362 4 0 0 0 0 0 
0 0 326 656 0 0 3 0 0 0 
0 0 1 0 0 0 346 0 0 0 
5 0 0 3 0 0 174 0 0 0 
0 0 0 0 0 166 0 0 0 0 
0 8 0 3880 74 2 5 0 0 0 
0 161 0 0 0 0 0 0 0 0 
0 0 0 229 3 2 0 0 0 0 
0 0 0 0 0 167 0 0 0 0 
0 0 0 0 0 11 273 0 0 0 
0 0 200 3 0 0 0 0 0 0 
2126 0 1 21 0 0 0 0 0 0 
0 0 37 0 17 30 0 169 0 0 
14 0 0 0 529 0 0 4 0 0 
0 0 0 0 48 334 18 0 0 0 
0 0 0 10 264 1732 0 0 0 0 
0 81 1 0 0 0 192 0 0 0 
0 0 269 12 0 0 0 0 0 0 
0 0 0 1 646 0 0 0 0 0 
600 0 15 0 0 0 25 0 0 0 
0 0 0 0 0 153 227 0 0 0 
0 0 0 45 539 0 0 0 0 0 
5627 0 3 0 1 0 6 0 0 0 
0 0 0 1 0 0 701 1 0 0 
0 0 0 0 0 770 74 0 0 1 
1 1 0 0 0 590 22 0 0 0 
0 0 0 135 0 0 0 0 0 0 
0 0 126 0 0 0 0 0 0 0 
0 0 0 0 0 0 283 0 0 0 
621 0 0 17 0 10 0 0 8 0 
70 0 0 0 0 1 0 0 659 0 
0 476 0 0 0 0 0 0 0 0 
134 1 0 0 135 0 1 0 0 0 
0 0 23 220 0 1 1 0 123 1 
0 0 0 0 78 0 0 0 0 0 
0 0 0 0 375 1 0 0 0 0 
770 0 0 0 0 0 2 1 0 0 
0 0 0 0 0 0 0 0 106 0 
0 0 0 0 0 167 0 0 0 0 
0 2 5 0 0 0 0 0 167 0 
0 0 0 0 0 9 10 6 485 11 
1 0 0 4 1 0 0 0 0 581 
5 0 7 60 0 1 0 141 2 7 
0 195 0 0 9 0 1 0 0 0 
0 0 0 9 0 0 1 0 136 0 
0 0 0 1 1 0 0 0 3 178 
607 0 0 0 0 0 0 0 0 0 
0 0 0 0 375 0 0 0 0 0 
0 0 0 0 0 0 0 0 354 0 
3204 0 0 9 0 0 0 0 0 0 
4 0 4 0 3 260 0 2 0 0 
1 0 12 0 1 24 152 3 36 0 
0 0 0 0 6 267 0 0 0 0 
0 5120 0 0 0 0 2 0 0 0 
26 0 0 0 0 973 0 0 0 0 
164 0 0 0 0 0 0 0 0 0 
1871 43 17 0 0 1 0 0 0 0 
0 0 0 0 0 0 0 1 152 0 
0 0 0 1 0 69 15 0 0 1 
162 0 1 0 0 0 0 0 0 0 
0 0 0 0 0 0 271 0 0 0 
