1678 0 0 59 0 1188 4506 0 1 0 
7167 73 2 20 19 0 0 7 0 0 
0 0 0 0 0 1 3741 80 0 0 
0 1 0 1 0 165 500 0 0 2 
0 0 0 0 13 1022 0 0 0 0 
0 0 0 68 0 1816 63 0 0 0 
0 6 0 0 0 587 2 38 20 0 
0 0 0 0 0 0 2130 0 0 0 
45 2 0 1 0 0 0 0 1288 296 
0 0 0 2 13 4667 0 0 0 0 
1410 0 22 0 0 27 0 0 0 0 
0 0 0 3 318 0 0 1 0 0 
1196 0 1 0 4 94 11 0 0 0 
168 0 0 0 0 0 19 0 0 0 
1538 0 3 4 0 0 0 0 2 0 
4431 0 0 0 2 0 0 22 9 2 
0 0 5 470 217 0 0 1 0 1 
0 0 0 2 0 0 2142 1 0 4 
0 14 0 0 65 0 0 0 406 0 
0 0 0 0 0 359 0 0 0 0 
0 1 0 0 703 25 0 0 0 1 
0 0 0 0 0 0 0 0 106 0 
0 0 10 0 19 1135 3 0 0 0 
0 522 0 1 0 25 0 1 0 0 
0 16 0 55 1 706 0 0 0 0 
0 47 0 0 0 0 0 0 0 0 
0 0 395 0 14 5 249 0 0 0 
0 0 0 0 0 0 0 0 223 0 
0 0 0 0 0 1 339 0 0 0 
1 0 0 0 0 436 0 0 0 0 
0 0 0 8 343 10 0 0 0 0 
0 1 0 0 982 46 0 0 0 0 
13 39 24 3 17 0 0 0 261 0 
1 0 0 0 0 195 0 0 0 0 
165 2 0 0 0 0 0 0 0 0 
0 0 0 385 3428 84 0 0 0 0 
0 0 0 0 0 181 0 0 0 0 
0 0 0 231 0 0 0 0 1 0 
3 0 127 0 6 28 0 0 0 0 
3 5 0 0 110 0 171 6 0 0 
0 0 193 0 10 0 0 0 0 0 
1 0 0 1765 0 0 0 4 0 0 
239 0 2 0 0 1 0 3 0 0 
520 33 0 0 5 0 0 0 0 0 
0 0 0 0 0 165 238 0 0 0 
0 558 0 1079 159 0 91 0 0 0 
0 0 19 101 0 16 0 72 56 0 
0 13 1 257 0 1 6 2 0 2 
719 0 0 0 1 0 0 0 1 11 
0 0 0 0 0 0 120 495 0 1 
9 0 37 81 0 0 235 0 0 2 
0 0 0 583 7 0 0 0 0 0 
3526 0 1268 317 447 0 5 1 0 31 
0 0 0 0 0 699 0 0 1 3 
1 0 10 72 168 633 0 0 0 0 
0 0 0 0 0 601 2 0 0 0 
8 0 0 7 66 0 0 53 0 0 
0 0 125 0 0 0 0 0 0 0 
0 1 0 0 0 22 265 0 0 0 
0 0 0 0 0 718 3 0 0 0 
739 0 0 0 0 0 0 0 0 0 
0 500 0 0 0 0 0 0 0 0 
470 0 0 0 3 0 0 0 0 0 
0 0 0 0 321 5 0 32 8 0 
42 5 0 1 4 0 0 22 1 0 
0 0 0 4 384 0 3 0 0 0 
822 0 0 0 0 0 0 0 0 0 
0 43 0 3 2 0 40 18 0 0 
16 2 16 36 0 0 133 0 0 0 
3 0 25 0 0 45 103 4 0 1 
1 0 0 0 0 0 1 0 0 518 
0 0 0 0 0 0 0 0 21 566 
11 0 0 52 0 153 0 0 0 1 
57 225 0 0 0 0 0 0 0 0 
0 0 0 49 0 1 4 93 0 0 
0 0 0 1 0 0 0 0 183 0 
672 3 0 0 0 0 1 0 0 0 
0 3 0 0 340 0 0 14 0 0 
0 0 0 11 0 0 0 0 343 0 
3295 0 0 0 0 0 0 0 0 0 
0 0 0 0 0 274 0 0 0 0 
0 0 0 0 230 0 0 0 0 0 
0 1 0 0 1 250 2 39 0 0 
0 2783 58 1 1 2116 75 0 0 1 
183 0 0 0 0 0 0 0 0 0 
161 0 0 0 0 0 0 0 0 0 
2163 0 0 1 0 0 1 0 2 2 
0 0 3 0 0 0 0 0 151 0 
11 0 0 0 0 0 4 2 46 23 
2 0 0 111 4 46 0 3 3 0 
3 0 3 0 0 224 25 0 0 11 
0 0 0 0 0 0 143 0 0 0 
377 0 0 0 5 0 1 0 6 0 
68 0 0 0 0 0 0 0 0 0 
0 87 4 0 0 0 0 0 0 0 
824 0 0 0 0 0 0 0 0 0 
1632 0 0 1 0 0 2198 0 0 0 
359 0 0 0 0 0 1 0 0 3 
51 0 6 0 0 8 102 18 1 0 
