1665 17 0 31 2 1557 4605 0 0 0 
7957 48 0 13 45 19 0 0 1 0 
0 0 6 0 0 0 3880 28 0 0 
1 0 0 0 4 147 533 1 0 0 
0 0 0 0 13 988 0 0 0 0 
9 0 2 44 5 1815 31 0 1 0 
2 9 0 35 6 577 0 0 0 14 
0 0 0 0 0 1 2172 0 0 0 
75 0 0 0 3 0 0 0 1345 215 
0 0 1 1 13 4736 0 0 0 0 
1472 0 0 0 0 0 0 2 4 0 
0 0 0 3 281 0 0 0 0 0 
1447 0 0 0 0 0 9 0 18 0 
179 0 0 0 0 0 18 0 0 0 
1399 0 0 0 0 0 0 5 25 7 
4701 0 0 4 0 0 0 43 1 0 
0 32 0 317 332 0 0 0 1 0 
0 0 0 0 0 0 2097 0 0 0 
1834 1 4 0 0 1 1826 0 0 0 
0 54 0 0 0 0 2 0 431 0 
0 0 9 1 0 347 0 0 4 0 
0 0 0 0 715 14 0 0 0 0 
0 0 0 0 0 0 0 0 106 0 
0 0 14 0 4 1185 0 1 0 3 
0 553 0 1 0 1 0 0 0 0 
0 40 0 77 7 665 0 0 0 0 
0 47 0 0 0 0 0 0 0 0 
16 6 547 23 0 26 23 0 4 38 
1 0 0 0 0 0 0 0 222 0 
0 2 1 0 0 0 336 2 0 0 
0 0 0 0 0 437 0 0 0 0 
0 0 0 8 345 8 0 0 0 0 
0 0 0 0 944 52 0 0 0 0 
95 8 0 2 22 0 0 38 185 0 
0 0 0 0 0 169 0 0 0 0 
164 0 0 0 0 0 0 0 2 0 
0 0 0 454 3437 77 0 0 0 0 
0 0 0 0 0 161 0 0 0 0 
0 0 0 231 0 2 0 0 0 1 
0 0 0 0 0 0 166 1 0 0 
0 0 0 0 148 0 134 0 0 0 
0 0 203 0 0 0 0 0 0 0 
2 8 1 2124 1 0 10 0 1 0 
244 0 0 0 2 0 0 0 0 6 
439 0 0 0 0 7 0 104 1 1 
0 0 0 0 0 191 210 0 0 1 
0 494 0 1097 263 1 150 1 0 0 
0 0 0 2 124 9 1 86 0 52 
0 4 0 267 0 0 0 0 10 0 
637 0 0 1 0 0 0 0 1 0 
24 0 0 0 0 0 126 489 0 0 
7 0 0 106 0 0 265 0 0 0 
0 0 0 575 8 0 0 0 0 0 
4065 0 936 255 395 4 0 0 0 0 
0 1 0 8 19 527 0 146 0 0 
0 2 6 131 123 582 0 0 0 1 
0 0 0 0 0 611 1 0 0 0 
0 0 0 0 0 0 2 120 0 13 
0 0 123 0 0 0 0 0 0 3 
0 0 0 0 0 29 255 0 0 0 
8 6 0 0 3 516 1 0 43 78 
723 0 0 0 1 0 0 0 0 0 
0 458 0 0 0 0 0 0 0 0 
263 0 0 0 0 2 6 0 0 1 
0 18 1 0 348 2 0 0 0 0 
37 1 0 18 0 0 0 1 0 21 
8 1 2 1 364 0 0 1 0 0 
758 0 0 0 0 0 0 0 0 0 
61 19 3 0 1 0 0 9 13 0 
19 0 16 0 0 0 126 4 0 0 
0 5 27 0 1 52 90 0 0 0 
0 0 0 0 0 0 0 0 0 521 
7 7 0 0 1 1 0 0 21 549 
0 0 0 0 1 0 210 0 0 10 
70 53 0 5 9 0 0 68 0 1 
0 0 0 0 1 0 0 135 1 8 
0 0 0 0 1 0 0 0 182 0 
613 0 0 0 0 0 0 2 0 0 
0 0 0 0 374 0 2 0 0 0 
0 0 0 0 0 0 26 0 327 1 
3185 0 0 0 0 0 0 0 0 0 
0 0 0 0 0 273 0 0 0 0 
0 3 0 0 219 0 0 7 0 0 
6 0 0 31 0 237 0 0 0 0 
32 3473 140 8 0 1392 88 0 0 0 
995 0 0 0 0 0 0 0 1 0 
160 0 0 0 0 0 0 1 0 0 
1984 0 0 0 0 0 0 0 0 0 
11 0 1 0 0 0 0 0 141 0 
1 0 3 0 62 0 12 9 0 0 
72 19 0 0 1 0 75 0 0 1 
0 0 0 1 0 274 9 0 0 0 
