1819 0 0 37 0 1218 4622 0 0 0 
7425 68 0 53 21 0 0 0 0 0 
0 0 5 0 0 0 3774 50 0 0 
24 12 0 0 0 220 411 0 3 5 
0 0 0 0 15 1012 0 0 0 0 
1 5 0 20 0 1871 33 0 2 0 
0 98 0 3 0 487 41 0 23 0 
0 1 0 0 0 0 2108 0 0 0 
44 0 1 0 0 0 0 0 1390 199 
0 0 0 6 12 4685 0 0 0 0 
1462 0 0 0 0 4 7 0 0 0 
0 5 2 0 307 0 8 0 0 0 
1198 0 10 0 5 115 0 0 4 1 
161 0 1 0 0 0 21 1 0 1 
1457 0 0 0 0 0 0 1 0 3 
4569 1 0 0 0 0 0 20 0 0 
0 0 0 313 341 0 0 0 0 26 
0 4 1 0 0 1 2131 0 0 0 
25 17 0 0 0 0 152 0 290 0 
0 0 0 0 0 348 2 0 0 10 
1 0 0 0 708 20 0 1 0 0 
0 0 0 0 0 0 0 0 106 0 
0 1 8 0 13 1150 0 0 0 0 
0 520 0 0 0 16 0 0 0 0 
0 8 0 75 3 670 0 3 0 0 
0 47 0 0 0 0 0 0 0 0 
0 0 447 4 0 9 86 0 6 110 
0 0 0 0 0 0 0 1 222 0 
0 0 0 0 0 0 336 0 0 0 
0 0 0 0 0 437 0 0 0 0 
0 0 0 5 356 5 0 0 0 0 
0 0 0 0 958 57 0 0 1 0 
0 0 69 0 267 0 0 6 10 7 
0 0 0 0 0 186 0 0 2 0 
160 0 3 0 0 2 0 0 0 1 
0 0 0 414 3431 66 0 0 0 0 
0 0 0 0 0 185 0 0 0 0 
0 0 0 236 0 0 0 0 0 0 
83 16 1 3 0 2 8 0 54 0 
0 0 0 5 86 0 206 0 0 0 
0 0 198 0 0 0 0 0 0 5 
0 0 4 1766 0 0 0 3 0 0 
251 0 0 0 0 0 0 2 0 0 
555 0 0 0 0 0 2 0 0 0 
0 1 0 0 12 191 199 0 3 0 
0 548 0 1004 243 0 121 0 0 0 
109 0 0 5 0 1 0 8 148 0 
0 37 0 228 0 0 0 2 0 15 
648 2 0 0 2 0 0 0 1 0 
0 0 0 0 0 0 115 520 0 0 
0 0 0 59 0 0 303 0 0 0 
0 0 0 581 11 0 0 0 0 0 
3689 0 1100 392 410 0 0 0 4 0 
0 1 0 0 0 518 0 181 0 0 
0 2 0 97 151 612 0 0 0 1 
0 0 3 0 0 595 2 0 0 0 
0 0 0 1 0 0 7 30 0 94 
0 0 121 4 0 0 1 0 0 0 
0 4 1 1 0 59 217 0 0 0 
0 0 2 0 0 650 0 9 16 0 
729 0 0 0 0 2 0 0 2 0 
0 518 0 0 0 0 0 0 0 2 
479 0 0 0 0 4 0 0 0 0 
0 0 0 0 346 0 0 1 3 17 
34 0 1 9 0 0 10 0 0 21 
0 0 0 3 377 0 0 5 6 0 
827 0 0 0 0 0 0 0 0 0 
51 50 0 0 0 5 0 0 0 0 
0 0 0 0 0 14 150 0 0 0 
4 1 29 2 0 56 89 0 0 0 
0 0 0 0 0 1 0 0 0 519 
0 1 0 0 6 0 1 1 13 566 
1 32 2 103 3 41 0 36 2 0 
6 208 1 0 0 0 0 31 33 0 
0 0 0 0 0 0 18 128 0 0 
0 0 0 0 0 0 0 0 184 0 
672 0 0 0 0 0 0 0 1 0 
4 0 12 0 344 0 0 0 0 0 
0 0 2 0 1 0 0 71 281 0 
3214 0 0 0 0 0 0 0 0 1 
0 0 0 0 0 274 0 0 0 0 
0 0 0 0 225 0 0 0 0 6 
0 3 3 0 0 281 0 0 0 6 
6 3059 177 0 0 1779 28 0 0 0 
183 0 0 0 0 0 0 0 0 0 
168 0 0 0 0 0 0 0 0 0 
2133 0 2 0 0 0 0 0 0 0 
0 0 0 0 0 0 0 0 153 0 
0 0 8 0 45 0 0 14 0 18 
0 85 61 0 2 3 1 0 18 1 
0 1 0 0 1 211 58 0 0 0 
0 0 0 0 0 0 151 0 0 0 
191 0 0 162 0 0 0 30 0 0 
73 0 0 0 0 0 0 0 0 0 
0 58 0 0 39 0 0 2 0 1 
822 0 1 0 0 0 0 0 0 0 
1376 0 11 0 0 0 2405 0 0 0 
190 0 0 2 0 0 0 0 0 0 
