9005 291 0 2 1 0 0 12 0 1 
401 0 0 75 6315 1551 14 0 0 0 
1 0 0 2 0 138 2906 987 0 0 
0 5153 0 0 0 0 0 0 0 2 
0 0 0 0 0 43 624 20 0 0 
0 0 0 868 0 0 0 1 0 0 
1711 0 0 0 0 0 0 0 0 0 
0 0 0 85 571 0 0 0 0 0 
9 30 5 0 0 3 1057 304 623 39 
1717 0 0 0 0 0 0 0 0 0 
2766 422 2 0 409 510 482 0 0 327 
54 1 0 0 0 42 1038 0 482 0 
0 283 0 0 0 0 0 0 0 0 
347 0 45 0 1 101 0 54 1180 143 
104 0 0 0 0 0 1 0 0 0 
0 0 0 0 0 0 1621 1 0 0 
128 0 0 0 0 2055 2658 1 0 0 
24 0 0 0 0 634 100 6 0 0 
1991 0 16 0 0 0 0 106 0 0 
3787 0 0 0 0 0 0 0 0 0 
0 0 0 475 10 0 0 0 0 0 
0 0 0 0 0 349 21 0 0 0 
0 0 17 0 526 188 0 0 0 0 
0 0 0 0 0 0 0 0 106 0 
0 0 6 823 430 0 12 0 33 0 
2 140 0 0 0 405 0 0 0 0 
0 767 0 11 1 0 0 0 0 0 
0 0 0 0 47 0 0 0 0 0 
0 1 0 0 10 430 341 0 0 0 
0 0 0 0 0 0 223 0 0 0 
322 1 0 2 0 0 0 0 0 0 
22 0 0 0 0 841 0 0 0 0 
95 0 0 0 0 0 0 107 79 155 
0 0 0 361 3 0 0 0 0 0 
0 0 269 694 0 0 2 0 0 2 
0 0 0 0 0 0 364 0 0 0 
2 0 0 0 1 0 450 0 0 0 
0 0 0 0 0 168 0 0 0 0 
0 4 0 3949 76 1 0 0 0 0 
0 161 0 0 0 0 0 0 0 0 
0 0 0 233 1 0 0 0 0 0 
0 0 0 0 0 183 0 0 0 0 
0 0 0 0 0 8 285 0 0 0 
0 0 200 0 0 0 0 0 0 3 
2110 0 1 23 0 0 0 0 0 0 
0 0 0 0 235 0 16 9 2 4 
0 0 133 18 415 0 0 0 0 0 
0 0 0 0 43 362 4 0 0 0 
0 0 0 24 277 1666 0 2 0 0 
0 0 0 0 0 0 196 77 1 0 
1 0 234 43 0 1 0 0 2 0 
0 0 0 0 551 1 0 0 0 0 
579 0 0 0 0 0 40 0 0 0 
1 1 0 0 0 168 211 0 0 0 
0 0 0 42 541 0 0 0 0 0 
5678 0 0 0 0 0 0 0 0 0 
0 0 0 0 0 0 688 0 0 0 
0 0 1 0 0 789 56 0 0 0 
0 0 0 3 0 603 10 0 0 1 
0 0 0 138 0 0 0 0 0 0 
1 0 124 0 0 0 0 0 1 0 
0 1 0 0 0 0 0 1 77 0 
0 0 1 0 0 0 276 0 0 1 
583 14 0 0 0 2 16 0 0 0 
282 4 0 0 1 14 0 0 399 0 
0 455 0 0 0 0 0 1 0 0 
171 0 0 4 0 14 0 0 0 52 
1 40 0 1 4 0 9 0 0 330 
0 0 0 0 78 0 0 0 0 0 
0 1 1 4 374 0 0 0 0 5 
465 3 0 0 0 0 0 2 0 0 
0 0 0 0 0 0 0 0 106 0 
0 0 0 0 0 115 2 0 0 0 
0 0 0 1 0 0 0 0 162 0 
75 0 0 0 0 0 0 4 440 0 
1 0 0 0 244 0 0 0 0 0 
0 0 0 0 0 1 0 0 0 585 
86 1 0 0 0 103 0 33 0 0 
2 189 0 0 0 1 0 0 0 0 
0 0 107 0 32 0 0 3 0 0 
26 0 0 11 0 0 70 23 49 4 
418 0 1 0 0 0 0 0 0 0 
0 0 5 0 107 0 1 0 0 0 
0 0 0 0 0 0 0 0 350 0 
3971 0 0 0 0 3 0 0 0 0 
0 0 0 71 0 96 1 50 53 0 
176 0 0 2 0 32 0 0 0 6 
