1759 29 0 61 1 1309 4269 0 0 0 
6707 37 0 15 30 11 0 0 0 0 
0 0 0 0 1 13 3747 35 0 7 
3 0 29 0 0 113 528 1 0 9 
0 0 0 0 9 1022 0 0 0 0 
0 0 0 35 0 1862 29 1 0 0 
0 0 0 25 25 608 0 0 0 0 
0 0 0 0 0 0 2120 0 0 0 
56 6 4 0 0 0 0 5 1310 251 
0 0 0 1 5 4599 0 0 0 0 
1436 0 16 0 0 8 1 0 0 0 
0 0 0 0 322 0 0 0 0 0 
1083 2 0 0 0 0 0 0 0 223 
206 0 0 0 0 0 12 0 0 0 
1514 0 0 4 1 7 0 0 0 0 
4457 0 0 0 0 0 0 13 0 0 
0 0 0 359 313 0 0 0 1 13 
5 0 0 0 0 0 2171 0 0 0 
0 0 0 0 0 0 0 0 486 0 
0 0 1 0 0 356 0 0 0 0 
0 0 0 0 710 17 0 0 0 0 
0 0 0 0 0 0 0 0 106 0 
0 0 5 0 13 1147 1 0 0 0 
0 535 0 0 2 2 0 0 0 0 
4 6 0 63 1 707 0 0 0 0 
0 47 0 0 0 0 0 0 0 0 
0 0 646 6 0 9 1 0 0 0 
0 0 0 0 0 0 0 0 223 0 
0 2 0 0 0 0 335 0 0 2 
0 0 0 0 0 437 0 0 0 0 
0 0 0 4 355 8 0 0 0 0 
0 0 0 0 979 49 0 0 0 0 
0 31 179 13 0 0 54 55 21 0 
0 0 1 0 0 185 0 0 1 0 
164 1 0 0 0 0 2 0 0 0 
0 0 0 389 3428 73 4 0 0 0 
0 0 0 0 0 179 0 0 0 0 
1 0 0 224 3 1 0 0 4 0 
0 0 148 2 0 0 13 0 0 0 
0 0 0 0 152 22 132 0 1 0 
0 0 203 0 0 0 0 0 0 0 
0 0 0 1706 1 28 0 3 0 21 
242 2 0 0 1 0 0 0 0 3 
486 66 0 0 0 1 0 0 1 0 
0 0 0 0 0 210 199 0 0 0 
0 512 0 1186 169 0 3 1 0 1 
30 3 11 0 0 0 1 210 0 8 
0 8 0 248 7 0 0 0 17 0 
0 0 0 10 82 11 0 0 0 40 
0 0 2 0 12 0 130 462 7 0 
0 1 1 138 34 0 192 0 0 0 
0 0 0 581 8 0 0 0 0 0 
3833 0 1057 414 306 0 0 0 0 0 
0 0 3 0 0 692 0 2 4 21 
0 0 0 98 166 613 0 0 0 0 
0 0 0 0 0 610 1 0 0 0 
70 0 0 0 0 2 52 0 0 13 
0 0 125 0 0 0 0 0 0 0 
0 0 0 1 0 37 225 0 0 0 
0 0 0 0 1 748 0 0 1 0 
696 23 0 0 2 6 3 0 3 0 
0 508 0 0 0 0 0 0 0 1 
481 0 0 10 0 0 0 0 0 0 
0 0 0 0 305 6 1 13 0 40 
50 0 15 0 0 0 0 2 0 0 
0 2 0 0 364 2 2 1 0 0 
835 0 0 0 0 0 0 0 0 0 
0 0 0 0 0 0 8 0 100 0 
0 0 0 0 5 0 193 1 0 0 
2 0 5 0 0 106 67 0 0 0 
0 0 0 0 0 0 0 0 0 515 
0 0 0 0 0 0 0 0 11 581 
14 11 122 0 0 0 74 0 1 0 
42 208 26 0 0 0 0 0 0 3 
12 0 28 0 0 5 0 101 0 1 
0 0 0 0 0 0 0 0 184 0 
685 0 0 0 0 0 0 1 0 0 
0 0 0 1 360 0 5 0 0 0 
0 8 0 0 0 0 0 0 346 0 
3259 0 1 0 0 0 0 0 0 0 
0 0 0 0 0 321 0 0 0 0 
0 5 0 0 220 0 0 0 0 0 
1 0 0 0 0 292 7 0 0 0 
0 3225 80 0 0 1647 66 0 0 15 
183 0 0 0 0 0 0 0 0 0 
179 0 0 0 0 0 0 0 0 0 
2178 0 0 0 0 0 0 0 2 0 
0 0 0 0 0 0 0 0 155 0 
78 0 1 0 1 0 5 0 0 2 
13 12 0 0 25 0 25 48 0 46 
0 0 0 0 0 212 59 0 0 0 
383 0 0 0 1 0 1 4 1 0 
59 0 0 0 0 0 0 0 0 0 
0 88 0 0 0 1 1 1 12 1 
825 0 0 0 0 0 0 0 0 0 
1573 0 0 8 13 6 2142 0 0 0 
352 0 0 1 0 0 0 0 0 4 
1 0 243 0 0 0 0 0 0 0 
324 0 9 2 0 0 0 0 6 58 
657 0 6 0 0 2 0 2 0 0 
0 0 0 0 0 0 191 0 0 0 
