1418 0 5 47 0 1443 4528 0 0 0 
6705 53 0 39 66 17 0 0 0 0 
0 0 0 4 0 0 3757 69 2 0 
20 11 0 0 0 56 581 0 2 0 
0 0 0 0 14 1013 0 0 0 0 
5 4 0 47 0 1823 43 7 0 1 
0 0 0 16 4 567 0 36 0 32 
0 0 0 0 0 0 2116 0 0 0 
59 0 0 4 0 0 0 0 1336 216 
0 0 0 3 9 4613 0 0 0 0 
1437 2 0 0 0 0 0 6 0 0 
0 0 0 0 322 0 0 0 0 0 
1081 6 0 192 13 0 0 0 0 0 
167 0 0 0 0 0 18 0 0 0 
1551 0 0 0 0 0 0 7 0 0 
4423 0 0 0 5 0 0 28 0 0 
3 0 4 336 345 0 0 0 0 0 
0 0 0 0 0 0 2155 0 0 0 
5 0 0 0 5 0 0 0 477 1 
0 0 2 0 0 355 0 0 0 3 
0 0 0 0 713 17 0 0 0 0 
0 0 0 0 0 0 0 0 106 0 
0 1 8 0 9 1164 0 0 0 1 
6 493 0 0 21 0 0 13 0 9 
0 31 0 56 6 683 0 0 3 0 
0 47 0 0 0 0 0 0 0 0 
1 0 511 0 15 118 14 3 0 1 
0 0 0 0 0 0 0 0 223 0 
1 0 0 0 0 0 335 0 0 0 
0 0 0 0 0 437 0 0 0 0 
0 0 0 7 362 5 0 0 0 0 
0 0 0 0 959 54 0 0 0 0 
35 1 134 0 0 1 2 68 119 0 
0 0 0 0 0 187 0 0 0 0 
164 0 0 0 0 0 0 2 1 0 
0 0 0 376 3438 87 0 0 0 0 
0 0 0 0 0 179 0 0 0 0 
0 2 0 232 0 0 0 0 0 0 
3 15 133 0 0 0 0 8 0 5 
0 0 0 0 133 0 161 0 0 0 
0 0 200 1 2 0 0 0 0 0 
24 0 5 1735 0 0 0 0 1 0 
237 0 0 0 0 0 3 0 6 0 
542 0 0 0 0 5 0 0 0 7 
0 0 0 0 0 171 246 0 0 0 
0 527 0 1105 237 0 4 1 0 2 
0 1 13 1 0 0 0 233 0 14 
0 0 0 187 0 0 0 93 0 0 
91 5 0 1 0 0 0 0 3 32 
0 0 0 0 0 0 103 507 0 0 
2 0 0 168 4 0 205 0 0 0 
0 0 0 578 10 0 0 0 0 1 
3969 0 929 340 344 0 2 0 0 0 
0 113 1 7 0 572 18 0 0 0 
0 0 2 162 123 598 0 0 0 0 
0 0 0 0 2 596 1 1 0 0 
46 1 0 0 0 10 0 0 79 0 
0 0 125 0 0 0 0 0 0 0 
0 0 0 0 0 34 247 0 0 0 
0 0 0 0 0 744 0 0 4 16 
709 0 18 0 0 11 0 0 2 2 
0 500 0 0 0 0 0 0 0 0 
473 0 0 0 0 0 0 0 1 1 
0 4 0 98 253 0 12 0 0 0 
65 0 0 0 0 1 0 0 0 3 
0 1 0 0 368 0 1 0 0 0 
803 0 0 0 0 0 0 0 0 0 
48 0 0 0 0 1 57 1 0 0 
19 0 0 0 0 0 188 0 0 0 
0 0 46 0 0 48 87 0 2 0 
0 0 11 0 0 0 1 0 0 504 
0 0 0 2 0 0 0 0 22 568 
0 2 176 0 0 0 8 34 0 0 
22 262 0 0 0 0 0 0 0 0 
0 4 0 0 1 6 0 135 0 0 
0 0 0 0 0 0 0 0 182 2 
691 0 1 0 0 0 0 0 0 0 
0 1 0 0 365 0 0 0 0 0 
0 0 70 0 1 0 0 0 196 85 
3274 1 0 0 0 0 0 0 0 0 
0 0 0 0 0 323 0 0 0 0 
1 0 0 0 222 0 0 0 0 0 
1 0 0 0 0 290 0 0 0 5 
1 3368 94 0 20 1560 9 0 1 0 
182 0 0 0 0 0 0 0 0 0 
176 0 0 0 0 0 0 0 0 0 
2200 0 0 0 0 0 0 0 1 0 
0 0 0 0 0 0 0 0 154 0 
69 0 6 0 0 5 0 0 9 0 
0 0 0 0 1 0 0 171 0 1 
0 19 0 0 3 218 31 0 0 0 
0 0 0 0 0 0 150 0 0 0 
357 0 0 0 30 1 0 1 0 0 
60 0 0 0 0 0 0 0 0 0 
0 88 0 2 0 3 0 0 4 0 
830 1 0 0 0 0 0 0 0 0 
1613 3 0 0 0 0 2136 0 0 2 
359 0 0 0 1 0 0 0 0 0 
29 5 20 154 29 0 2 4 0 0 
326 0 0 0 31 0 0 0 0 0 
643 0 4 1 0 0 2 0 0 0 
