1648 0 0 40 0 1090 4663 0 2 0 
6708 48 1 23 53 7 0 1 0 0 
0 0 0 0 0 16 3805 23 0 0 
0 0 0 0 0 135 532 0 0 4 
0 0 0 0 11 1019 0 0 0 0 
0 0 2 47 0 1809 55 4 0 0 
0 0 0 16 2 618 4 10 0 6 
0 0 0 0 0 0 2120 0 0 0 
101 0 0 4 0 0 0 0 1287 240 
0 0 1 2 12 4595 0 0 0 0 
1450 0 0 7 0 0 0 0 0 0 
0 0 0 0 322 0 0 0 0 0 
1213 0 0 78 0 0 10 0 0 2 
180 0 0 0 0 0 39 0 0 0 
1548 1 0 2 0 0 0 1 0 3 
4424 6 0 0 0 0 0 27 0 0 
0 0 1 410 270 0 2 5 0 0 
0 0 0 0 1 0 2130 0 0 0 
65 0 5 3 0 0 0 0 415 0 
0 0 0 0 0 359 0 0 0 0 
0 0 0 0 717 12 0 0 0 1 
0 0 0 0 0 0 0 0 106 0 
0 0 5 0 14 1158 0 0 1 0 
0 540 0 0 1 0 0 0 0 0 
0 8 0 57 4 715 0 0 0 1 
0 47 0 0 0 0 0 0 0 0 
0 0 579 0 0 54 10 0 19 0 
0 0 0 0 0 0 0 0 223 0 
0 0 0 0 0 0 336 0 0 0 
0 0 0 0 0 435 2 0 0 0 
0 0 0 4 365 6 0 0 0 0 
0 0 0 0 965 55 0 0 0 0 
0 0 173 0 3 0 10 157 13 0 
2 0 0 0 1 185 0 0 0 0 
165 0 1 0 0 0 0 0 0 0 
0 0 0 396 3442 47 0 2 0 0 
0 0 0 1 0 181 0 0 0 0 
0 0 0 232 0 0 0 0 0 2 
5 0 150 3 5 0 0 0 0 0 
0 1 0 0 102 1 175 15 1 0 
0 0 201 2 0 0 0 0 0 0 
0 0 5 1759 0 0 0 0 0 0 
234 0 0 0 0 0 1 9 0 0 
507 21 0 0 8 0 9 9 0 0 
8 0 0 0 0 151 262 0 2 0 
0 537 2 1083 247 0 1 0 0 0 
0 0 3 0 0 58 0 202 0 0 
2 0 0 214 64 0 0 0 0 0 
6 0 0 1 0 0 0 18 1 106 
0 0 1 0 0 0 61 546 0 0 
0 0 0 124 18 0 230 10 0 0 
0 0 0 582 5 0 0 2 0 0 
3755 0 1019 370 450 0 5 0 5 0 
14 19 0 0 0 628 0 0 55 0 
6 27 0 104 115 625 0 1 0 0 
0 0 0 0 0 603 2 0 0 0 
88 12 0 0 36 0 0 0 0 1 
0 0 125 0 0 0 0 0 0 0 
0 6 0 0 0 22 258 0 0 0 
20 0 0 0 3 734 7 0 0 0 
694 13 3 6 0 1 1 0 18 0 
0 503 0 0 0 0 0 1 0 0 
504 0 0 0 0 0 0 0 0 0 
9 0 0 56 289 0 0 0 0 12 
35 0 3 0 21 2 6 0 0 0 
0 0 0 0 376 1 0 0 1 1 
837 0 0 0 0 0 0 0 0 0 
32 2 0 0 0 0 7 66 0 0 
0 0 0 0 0 0 207 0 0 0 
0 0 0 0 2 86 92 0 0 0 
0 0 0 0 0 6 0 0 0 510 
0 0 0 0 0 0 0 0 21 571 
0 0 13 5 0 0 199 1 0 0 
26 226 0 0 0 0 23 0 1 0 
0 0 0 3 0 0 0 142 1 0 
0 0 0 0 0 2 1 0 180 0 
679 0 0 11 0 0 0 0 0 0 
0 0 0 0 362 0 0 0 0 3 
14 7 0 1 0 0 0 0 173 159 
3220 0 0 0 0 0 0 2 0 0 
0 0 0 0 0 321 0 0 0 0 
0 0 0 0 226 0 0 0 0 0 
60 0 0 0 0 232 0 0 7 0 
3 3236 163 0 21 1616 3 0 0 0 
182 0 0 0 0 0 0 0 0 0 
183 0 0 0 0 0 0 0 0 0 
2174 0 4 0 2 0 0 0 0 0 
0 0 0 1 0 0 0 0 153 0 
65 0 0 0 20 0 0 2 0 0 
6 0 0 0 0 0 0 116 1 51 
1 0 0 14 0 232 17 0 0 7 
0 0 0 0 0 0 147 0 0 0 
360 7 0 12 5 0 0 1 0 0 
59 0 0 0 0 0 0 0 0 0 
0 92 0 0 0 1 4 0 5 0 
826 1 0 0 0 0 0 0 0 0 
1476 4 0 0 0 0 2260 1 6 0 
359 0 0 0 0 0 0 0 1 0 
47 0 145 0 0 15 32 0 0 11 
345 16 0 0 0 0 1 8 0 1 
638 0 0 0 4 0 1 0 0 0 
