8915 458 0 0 0 23 1 14 0 0 
454 0 0 60 6171 1739 1 0 0 0 
0 0 10 0 0 84 2946 950 0 0 
2 5226 0 0 0 1 0 0 0 1 
0 0 0 0 0 50 626 27 0 0 
0 0 0 1007 0 16 0 0 0 0 
1667 0 0 1 0 0 0 0 0 0 
0 0 0 84 541 0 0 0 16 5 
20 75 0 1 9 18 908 498 591 0 
1716 0 0 0 2 1 0 0 0 0 
1371 75 270 142 611 1255 714 255 0 289 
111 0 2 0 0 69 937 2 499 0 
0 284 0 0 0 0 0 0 0 0 
72 2 2 0 2 0 2 0 2116 16 
0 0 0 0 481 0 2 0 0 0 
40 4 4 0 1 0 0 3 0 1 
0 0 0 0 0 0 1547 0 0 0 
158 0 2 0 0 1907 2877 3 0 0 
54 3 0 0 0 570 146 0 0 0 
2056 0 0 0 0 0 0 63 0 0 
3807 0 0 0 0 2 0 0 0 0 
0 0 0 483 0 0 2 0 0 0 
0 0 0 0 0 344 21 0 0 0 
0 103 0 1 407 14 206 1 0 0 
0 0 1 0 0 0 0 0 105 0 
0 1 11 934 449 0 1 0 0 0 
3 140 0 0 0 397 0 0 0 1 
0 750 0 9 6 0 0 0 0 0 
0 0 0 0 47 0 0 0 0 0 
0 0 0 0 6 421 354 0 0 0 
0 0 0 0 0 0 223 0 0 0 
303 2 0 0 0 0 0 0 0 0 
24 0 0 2 0 840 0 0 0 0 
187 0 34 138 5 3 0 0 28 52 
0 1 0 357 7 0 0 0 0 0 
0 0 283 692 0 0 0 0 0 0 
0 0 0 0 0 0 366 0 0 0 
1 0 0 0 0 0 453 0 0 0 
0 0 0 0 0 167 0 0 0 0 
0 0 0 3950 73 3 0 0 0 0 
0 161 0 0 0 0 0 0 0 0 
0 5 0 235 2 0 0 0 0 0 
0 0 0 0 0 183 0 0 0 0 
0 0 0 0 0 13 285 0 0 0 
0 0 188 14 0 0 1 0 0 0 
2110 0 0 23 1 0 0 0 3 0 
0 16 0 5 226 17 0 4 0 0 
1 0 0 0 587 0 0 0 0 4 
0 0 0 0 56 349 14 0 1 0 
2 0 0 15 233 1719 0 0 0 0 
12 0 23 0 2 5 221 0 1 11 
7 0 225 27 0 0 1 12 7 2 
4067 0 0 0 33 0 0 0 0 0 
509 0 37 0 0 4 58 0 0 0 
0 0 0 0 0 153 223 0 0 0 
0 0 0 54 517 0 0 0 0 1 
5914 0 0 0 0 0 0 0 0 0 
0 0 0 0 0 0 687 0 0 0 
0 0 0 0 0 767 67 0 0 0 
0 0 7 0 0 560 23 24 1 0 
0 0 0 138 0 0 0 0 0 0 
0 0 123 0 0 0 0 0 0 0 
0 0 0 0 0 0 0 0 80 0 
0 0 0 0 0 0 267 0 0 0 
546 0 15 0 0 0 0 7 0 0 
181 0 0 0 0 0 0 0 513 0 
0 408 0 0 0 0 0 0 0 0 
139 1 0 72 0 7 0 0 2 20 
0 0 0 2 8 0 1 30 1 343 
0 1 1 0 78 0 0 0 0 0 
0 0 0 0 52 0 0 0 0 0 
0 0 1 0 421 0 0 0 0 4 
391 0 0 0 0 0 0 0 4 0 
0 0 0 0 0 0 0 0 108 0 
0 0 2 0 7 100 0 0 0 0 
0 0 0 0 0 0 0 0 161 0 
30 0 0 0 27 0 12 0 449 0 
0 0 0 0 236 0 0 0 0 0 
0 0 0 0 0 0 0 2 0 584 
175 1 27 0 0 2 13 2 0 0 
0 195 0 0 0 0 0 0 0 0 
5 38 77 19 0 0 3 0 0 0 
0 0 1 0 0 0 173 0 11 0 
312 0 0 0 0 0 0 0 0 0 
