3549 5 0 27 0 1359 4329 0 1 0 
8095 67 2 52 49 42 0 1 0 0 
0 0 0 1 1 0 3932 110 0 1 
27 3391 97 0 11 1603 21 0 7 0 
0 0 0 0 0 204 464 19 0 0 
0 0 0 0 9 865 0 0 0 1 
0 0 6 39 0 1582 75 0 0 0 
0 67 0 40 0 511 0 3 0 30 
0 0 0 0 0 0 2057 0 0 0 
241 0 0 0 0 1 0 0 1293 182 
0 3 0 1 14 4921 0 0 1 0 
1604 0 0 6 0 0 0 2 0 8 
0 0 0 0 284 0 0 0 0 0 
1176 0 0 0 0 0 0 0 674 7 
101 0 0 0 0 0 0 0 0 0 
1607 0 0 1 0 0 1 0 0 0 
4641 0 0 0 0 0 1 32 0 3 
0 2 0 272 486 0 4 2 0 0 
0 0 0 0 0 0 2119 0 0 4 
1624 0 0 0 1 5 2162 0 0 0 
0 45 0 0 1 0 6 0 433 0 
1 0 0 0 0 372 0 0 0 0 
0 0 0 1 718 11 0 0 0 0 
0 0 0 0 0 0 0 0 106 0 
0 0 16 0 10 1277 0 0 0 0 
0 535 0 0 14 0 0 0 0 0 
0 12 0 61 2 699 0 0 0 0 
0 47 0 0 0 0 0 0 0 0 
36 0 316 0 1 338 89 0 0 0 
0 0 0 0 0 0 0 0 223 0 
0 0 0 0 0 0 322 0 2 0 
864 0 0 0 0 0 0 0 0 0 
0 0 0 0 0 436 0 0 0 0 
0 0 1 4 353 7 0 0 0 0 
0 0 0 0 934 40 1 0 0 0 
39 3 0 7 297 0 0 2 0 7 
0 0 0 0 0 441 9 0 0 0 
163 0 1 0 0 0 2 0 0 2 
0 0 0 358 3562 89 0 0 2 0 
0 0 0 0 0 160 0 1 0 0 
0 0 0 236 0 0 0 0 0 0 
169 0 0 0 0 1 11 0 0 2 
0 57 0 0 122 0 115 0 0 0 
0 0 197 0 0 0 0 0 0 7 
0 2 0 2119 0 0 0 6 0 0 
263 0 0 0 0 0 3 0 0 0 
491 2 13 0 0 39 0 0 18 26 
0 0 6 0 0 208 203 0 0 0 
0 520 0 1060 287 16 93 2 0 2 
0 0 0 0 0 0 0 169 0 105 
0 0 3 275 0 0 0 1 0 2 
550 0 0 0 3 0 0 15 0 0 
0 0 0 0 0 0 99 515 0 7 
3 0 0 228 0 0 144 0 0 0 
0 0 0 565 19 0 0 0 0 0 
4337 0 738 185 374 0 58 3 0 0 
0 0 0 0 0 698 0 0 0 0 
0 0 0 112 175 555 0 7 0 0 
0 0 1 0 4 605 1 0 0 0 
0 0 3 18 7 8 91 0 7 3 
0 0 125 0 0 0 0 0 0 1 
56 0 21 0 0 0 0 0 0 0 
0 0 0 0 0 21 256 1 0 0 
0 107 0 0 34 446 0 10 17 1 
707 0 0 0 0 0 0 0 0 0 
0 463 0 0 0 0 0 0 0 0 
215 0 1 0 0 19 0 0 0 0 
18 0 3 0 364 0 0 0 0 0 
53 0 17 0 0 0 0 0 8 0 
0 0 0 0 368 0 0 4 15 0 
520 0 0 0 0 0 9 0 0 0 
0 0 2 0 90 14 0 0 0 1 
0 0 0 0 0 22 94 0 0 0 
7 0 0 0 2 71 83 0 0 0 
0 0 0 4 0 0 3 1 0 511 
0 0 6 0 0 0 0 0 8 572 
0 101 61 1 2 19 35 0 0 0 
0 0 0 0 184 0 0 0 1 6 
0 0 0 0 0 0 0 142 0 0 
0 3 0 0 0 0 0 0 180 0 
508 0 0 2 5 0 0 1 0 0 
0 0 29 0 322 0 5 0 2 0 
22 0 0 0 2 0 6 0 324 0 
3828 0 0 0 1 0 1 0 0 0 
0 0 0 0 0 271 0 0 0 0 
0 0 0 0 215 0 0 1 0 0 
176 0 4 0 1 0 0 0 0 2 
