9301 427 0 0 0 0 2 20 0 5 
570 1 0 173 6507 1258 0 0 4 4 
393 0 0 5 0 161 2690 854 6 0 
2 5244 0 0 0 3 0 2 0 0 
0 0 0 0 1 42 616 21 0 0 
0 0 0 966 0 32 0 0 6 0 
1986 0 0 0 0 0 0 0 0 0 
0 0 0 74 572 0 0 0 4 0 
6 0 4 3 1 1 675 121 1281 0 
1706 0 0 0 0 0 0 6 0 0 
716 785 664 483 436 648 407 180 167 486 
59 0 0 0 2 144 970 2 446 0 
0 283 0 0 0 0 0 0 0 0 
212 0 0 0 0 3 0 0 2035 24 
0 0 0 0 386 0 0 0 0 0 
0 4 2 0 1 2 3 2 36 0 
0 0 0 0 0 1 1542 0 0 0 
205 0 0 1 0 1810 2959 0 0 0 
8 0 2 0 0 655 111 0 0 1 
1994 2 0 0 31 0 0 81 0 0 
3802 0 0 0 0 0 0 0 0 0 
0 0 2 638 0 0 0 4 0 3 
0 0 0 0 0 341 24 0 0 0 
4 59 108 0 293 87 155 0 26 0 
0 0 0 0 0 0 0 0 106 0 
0 0 0 1077 259 2 20 2 5 44 
2 112 0 3 0 424 4 0 0 0 
0 736 0 10 1 0 0 0 0 0 
0 0 0 0 47 0 0 0 0 0 
0 0 0 0 23 406 352 0 0 0 
0 0 0 0 0 0 223 0 0 0 
298 0 0 1 0 0 0 2 0 0 
16 0 0 0 0 836 0 0 1 0 
109 0 0 113 4 0 155 65 1 0 
0 0 0 360 3 0 0 0 0 0 
0 0 262 711 0 0 0 0 0 0 
0 0 0 0 0 0 363 0 0 0 
1 0 0 2 0 0 451 0 0 0 
0 0 0 0 0 168 0 0 0 0 
0 0 0 3969 90 1 0 0 0 0 
0 0 0 0 0 0 0 0 0 517 
0 161 0 0 0 0 0 0 0 0 
0 0 12 228 0 1 0 1 0 0 
0 0 0 0 0 183 0 0 0 0 
0 0 0 0 0 5 285 0 0 1 
0 0 298 0 0 0 0 0 0 3 
2109 2 0 25 0 1 1 0 0 0 
17 3 0 0 227 0 0 11 0 9 
0 0 0 9 520 0 33 18 2 15 
0 0 0 0 64 346 17 0 0 1 
0 0 0 24 214 1777 0 0 0 0 
0 0 0 54 0 0 124 97 0 0 
0 2 259 20 0 0 0 0 0 0 
4016 0 0 0 23 1 0 0 0 0 
303 2 65 22 0 0 135 47 0 0 
0 0 0 0 0 147 219 0 0 0 
0 0 0 43 533 0 0 0 0 0 
5938 0 1 0 1 0 0 0 1 1 
0 0 0 0 0 0 695 0 0 0 
0 0 0 0 0 745 53 4 0 0 
39 0 0 0 0 540 20 0 0 0 
0 0 0 128 0 0 0 0 0 0 
0 0 158 0 0 3 5 0 0 0 
0 0 0 0 0 0 0 0 76 0 
0 0 0 0 0 1 263 0 0 0 
528 17 8 0 1 0 5 0 0 0 
115 0 0 0 19 0 209 1 343 0 
0 408 0 0 0 0 0 0 0 0 
62 0 3 0 112 17 4 0 0 43 
0 0 0 0 2 1 0 0 0 382 
0 1 0 0 79 0 0 0 0 0 
0 136 0 0 0 0 0 1 0 0 
0 0 0 0 52 0 0 0 0 0 
0 0 0 0 406 0 0 0 0 1 
252 0 0 3 0 1 0 0 10 0 
0 0 0 1 0 0 0 0 106 0 
4 0 0 0 3 100 0 0 0 0 
0 0 0 0 0 0 0 0 100 0 
0 0 2 0 0 7 0 0 509 2 
0 0 0 0 207 0 0 0 0 0 
0 7 4 0 0 0 1 0 2 48 
154 4 0 0 0 0 0 0 0 0 
