8947 390 0 0 0 0 0 12 0 0 
433 0 10 56 6129 1712 9 0 0 0 
0 0 0 29 0 111 2846 1041 11 0 
0 5177 0 0 0 0 0 0 1 0 
0 0 0 0 0 57 613 20 0 0 
0 0 0 804 0 0 0 0 2 0 
1720 0 0 0 0 0 0 0 0 1 
0 1 0 61 579 0 2 0 2 1 
19 2 0 0 23 0 1177 366 415 50 
1719 0 0 0 0 0 0 0 0 0 
2828 276 0 5 451 458 569 0 0 351 
58 0 0 0 0 43 1119 0 382 11 
0 284 0 0 0 0 0 0 0 0 
218 0 106 0 0 49 1 72 1356 49 
103 0 1 0 0 0 0 0 0 0 
0 0 0 0 0 2 1604 0 0 3 
203 0 1 0 0 1964 2711 0 0 0 
10 2 0 0 0 674 75 0 5 0 
1992 0 0 0 0 0 0 119 0 3 
3798 0 0 0 0 0 0 0 0 0 
0 0 2 484 0 0 0 0 0 0 
0 0 0 0 0 348 17 0 0 0 
0 7 10 0 533 176 3 0 0 2 
0 0 0 0 0 0 0 0 106 0 
0 0 0 931 420 0 0 3 0 0 
4 152 0 0 0 387 0 0 0 0 
0 766 0 9 1 0 0 0 1 0 
0 0 0 0 47 0 0 0 0 0 
0 0 0 0 9 397 376 0 0 0 
0 0 0 0 0 0 223 0 0 0 
325 0 0 1 0 6 1 0 0 0 
18 0 0 0 0 843 0 0 0 0 
62 0 0 9 0 1 36 77 86 165 
0 0 0 356 4 0 0 0 0 0 
1 0 238 720 0 0 0 2 3 0 
1 0 0 0 0 0 355 0 0 0 
5 0 0 0 0 0 447 0 0 0 
0 0 0 0 0 167 0 0 0 0 
0 2 0 3984 64 1 0 0 0 0 
0 161 0 0 0 0 0 0 0 0 
0 0 0 229 0 5 0 0 0 0 
0 0 0 0 0 183 0 0 0 0 
0 0 0 0 0 4 290 0 0 0 
0 0 194 0 1 2 0 0 6 0 
2116 0 0 9 0 0 0 0 6 0 
0 0 0 0 221 0 24 23 0 0 
0 1 90 2 479 0 0 0 4 0 
0 0 0 0 57 356 10 0 0 0 
0 0 0 10 261 1690 0 0 0 0 
0 1 0 1 0 2 253 17 0 0 
0 0 257 21 2 1 0 0 0 0 
0 0 0 0 549 0 0 0 0 0 
595 6 1 0 0 0 15 0 0 0 
0 0 0 0 0 162 222 0 0 0 
0 0 0 54 529 0 0 0 0 0 
5681 0 0 0 0 0 0 0 0 0 
0 0 0 0 0 0 691 1 0 0 
0 0 0 0 0 811 43 0 0 0 
0 0 14 0 0 596 6 0 0 0 
0 0 0 138 0 0 0 0 0 0 
0 0 126 0 0 0 0 0 0 0 
0 0 0 1 0 0 0 0 78 0 
0 0 0 0 0 0 279 0 0 0 
510 19 0 0 8 0 25 0 0 11 
174 0 3 0 0 0 0 0 495 31 
0 444 0 0 0 0 0 0 0 0 
128 0 5 0 19 49 0 21 1 15 
6 33 0 1 0 0 0 0 0 345 
0 1 0 0 75 0 0 0 0 0 
0 0 0 2 382 0 0 0 0 0 
456 0 0 0 0 0 0 0 0 1 
0 0 0 0 0 0 0 1 105 0 
1 0 3 0 0 111 0 0 0 0 
0 0 0 0 0 0 0 0 160 0 
43 0 2 7 12 0 0 0 455 0 
0 0 0 0 242 0 0 0 0 0 
0 0 0 0 0 0 0 0 0 586 
159 0 0 3 2 43 1 15 0 0 
0 192 0 0 0 0 0 0 0 0 
0 0 132 0 10 0 0 0 0 0 
33 0 0 0 28 0 106 2 7 6 
412 0 0 0 1 0 0 0 0 0 
0 0 6 1 106 0 0 0 0 0 
0 0 0 0 0 0 0 0 353 0 
3965 0 0 0 0 0 0 0 1 0 
2 0 1 77 0 42 0 48 101 0 
179 0 0 5 3 0 0 0 0 25 
