8395 760 238 145 327 242 204 329 182 233 
514 85 104 179 6400 1553 213 131 69 125 
682 256 193 174 158 239 1043 1052 169 191 
0 5298 0 0 0 0 0 0 10 0 
0 0 0 0 0 53 614 23 0 0 
0 0 17 935 0 29 0 0 0 0 
1876 0 0 0 0 0 0 0 0 0 
0 0 0 69 568 0 0 0 0 0 
83 32 109 26 39 34 237 227 1285 49 
1699 0 0 1 0 0 0 0 0 0 
388 508 416 660 700 606 443 479 396 442 
105 4 0 1 9 67 953 0 504 0 
0 283 0 0 0 0 0 0 0 0 
220 2 54 3 5 58 28 9 1909 112 
0 0 0 0 395 0 0 0 0 0 
13 17 0 0 39 38 1 9 545 15 
0 0 0 0 0 0 1549 0 0 0 
312 15 5 0 212 1832 2678 1 56 12 
20 0 1 47 0 520 151 4 10 16 
1341 16 129 28 82 40 15 192 14 32 
4074 0 0 0 0 0 0 0 0 0 
20 11 0 599 0 0 0 1 15 0 
0 0 0 1 0 340 22 0 0 0 
79 71 91 16 239 26 100 19 61 28 
0 0 0 0 0 0 0 0 106 0 
86 26 28 683 383 21 92 59 36 35 
2 146 3 0 0 391 0 0 2 0 
0 734 0 8 2 0 0 0 0 0 
0 0 0 0 47 0 0 0 0 0 
0 0 0 0 9 426 344 0 1 0 
0 0 0 0 0 0 223 0 0 0 
262 0 0 1 0 0 0 0 0 1 
16 0 0 1 0 838 0 0 0 0 
153 29 0 59 0 5 62 55 84 0 
0 0 0 361 4 0 0 0 0 0 
0 2 294 699 0 0 0 0 0 0 
0 0 0 0 0 0 371 0 0 0 
3 0 0 0 0 0 450 0 0 0 
0 0 0 0 0 166 0 0 0 0 
0 0 0 3911 190 7 0 0 0 0 
0 0 0 0 0 0 7 2 2 897 
0 155 0 0 0 0 0 0 0 0 
0 257 0 5 0 0 0 0 0 1 
0 0 0 235 0 0 0 0 2 2 
0 0 0 0 0 184 0 0 0 0 
0 0 0 0 0 6 284 0 0 0 
0 0 304 0 1 0 0 0 0 0 
2048 0 0 18 124 0 0 0 0 0 
0 27 14 6 122 15 32 29 16 13 
76 47 14 19 335 62 0 41 0 7 
0 0 0 1 44 351 16 0 0 0 
1 7 0 8 230 1870 2 1 0 0 
21 69 0 40 0 41 14 92 0 0 
0 0 253 25 0 0 0 0 0 4 
3353 0 0 0 29 0 0 2 3 0 
115 0 33 35 4 1 67 221 29 41 
0 0 0 0 0 159 209 0 0 0 
0 0 1 48 515 0 0 0 0 0 
6025 0 0 0 0 0 0 0 0 0 
0 0 0 0 0 0 652 0 0 0 
0 0 0 0 0 700 69 0 21 38 
18 7 77 8 72 173 55 48 57 14 
0 0 0 100 0 0 0 0 1 0 
21 1 81 22 20 0 0 4 10 0 
0 0 0 0 0 0 0 0 67 0 
0 0 0 0 0 0 263 0 0 0 
242 32 10 17 10 22 44 24 3 0 
38 0 0 0 27 224 277 0 82 4 
0 17 0 9 28 48 0 0 0 0 
