7064 330 0 0 0 0 0 9 0 0 
294 0 0 103 5533 1357 0 0 0 0 
0 0 0 0 0 108 2859 852 13 0 
0 0 0 0 0 41 623 10 0 0 
0 0 4 1051 0 0 2 0 0 0 
1918 0 0 0 0 0 0 0 0 0 
0 1 0 89 565 1 0 2 0 0 
0 1 1 0 3 2 652 729 727 0 
1622 0 4 0 0 0 0 0 6 1 
4091 210 0 0 7 0 0 18 124 232 
126 0 0 4 0 59 1267 0 0 0 
0 322 0 0 0 0 0 0 0 0 
1091 0 0 0 0 0 18 0 26 185 
186 0 0 0 0 9 0 0 2 0 
0 0 1 0 0 0 1550 0 0 0 
159 0 0 0 1 1136 3148 1 9 0 
107 0 0 0 0 579 0 0 0 0 
2050 4 0 0 0 0 5 66 0 5 
0 0 0 486 0 0 1 0 0 0 
0 2 0 0 0 337 17 0 4 0 
0 13 143 2 529 43 0 0 0 0 
0 0 0 0 0 0 0 0 106 0 
1 0 10 738 399 0 0 0 0 0 
2 132 2 0 0 412 0 0 0 0 
0 764 0 12 2 0 0 0 0 0 
0 0 0 0 47 0 0 0 0 0 
0 0 0 0 0 279 377 4 0 2 
0 0 0 0 0 0 223 0 0 0 
341 0 0 0 0 0 0 0 0 1 
0 0 0 380 3 1 18 3 0 32 
0 0 0 362 5 0 0 0 0 0 
0 0 292 716 0 0 0 0 1 0 
0 1 0 0 0 0 357 0 0 0 
24 0 0 0 0 0 168 0 0 0 
0 0 0 0 0 166 0 0 0 0 
0 0 0 3854 42 4 4 1 0 0 
0 179 0 0 0 0 0 0 0 0 
0 0 0 234 0 0 0 0 0 0 
0 0 0 0 0 164 0 0 0 0 
0 0 0 0 0 6 302 0 0 0 
0 0 203 0 0 0 0 0 0 0 
1742 4 0 20 0 0 2 0 0 0 
0 0 0 0 0 0 233 0 13 0 
2 14 0 1 506 0 1 8 0 0 
0 0 0 0 43 366 11 0 0 0 
0 2 0 20 193 1638 0 0 0 0 
0 0 36 0 98 3 0 0 96 29 
0 0 257 19 0 4 0 0 0 0 
0 0 0 0 759 0 0 0 0 0 
559 1 0 0 0 0 47 4 0 0 
0 0 0 0 0 132 237 0 0 0 
0 0 0 52 539 0 0 0 0 0 
5601 0 0 0 0 0 0 0 0 0 
0 0 0 0 0 0 708 0 0 0 
0 0 0 0 2 835 57 0 0 0 
0 0 0 0 2 571 14 12 0 0 
0 0 0 137 0 0 0 0 0 0 
0 0 124 0 1 0 0 0 0 0 
0 0 0 0 0 0 286 0 0 0 
714 0 0 0 2 1 0 0 0 6 
37 0 0 5 0 0 0 0 702 0 
0 479 0 2 0 0 0 0 0 0 
348 0 66 4 0 0 0 0 10 61 
102 168 0 0 82 11 9 0 0 0 
0 0 0 0 73 0 0 0 0 0 
0 4 0 0 390 0 0 0 0 0 
817 0 0 0 1 0 0 0 0 0 
0 0 0 0 0 0 0 0 107 0 
0 0 0 0 0 206 0 0 0 0 
1 0 11 0 2 1 0 0 167 0 
72 0 0 0 0 5 3 15 5 422 
0 0 1 0 0 0 0 0 2 584 
0 0 0 28 0 18 148 0 1 21 
0 285 0 0 0 0 0 0 0 0 
0 0 33 0 0 0 0 4 109 0 
0 0 0 0 33 17 0 20 1 113 
670 0 0 0 0 0 0 0 0 0 
0 0 0 0 356 0 0 0 0 0 
0 0 1 0 0 0 0 0 353 0 
3268 0 0 0 1 0 0 0 0 0 
157 0 0 1 3 138 0 0 7 7 
66 0 144 1 0 0 3 2 11 0 
0 0 0 0 11 282 0 0 0 1 
0 5068 0 0 1 0 0 1 1 0 
0 0 0 0 0 182 0 0 0 0 
154 0 0 0 0 0 0 0 0 0 
2141 29 0 0 0 0 3 4 0 8 
0 0 0 0 0 1 0 0 153 0 
0 0 0 0 0 63 24 0 0 0 
170 1 0 0 0 0 0 0 0 0 
0 0 1 0 0 0 270 0 0 0 
0 0 0 0 4 0 141 0 0 1 
387 1 0 0 0 0 0 3 0 0 
22 0 0 0 0 1 22 2 8 6 
0 0 0 0 0 91 0 0 0 0 
22 0 0 0 0 807 0 0 0 0 
3771 0 0 0 0 2 0 0 0 0 
47 227 0 0 0 0 0 0 86 0 
192 0 0 0 0 1 33 1 0 6 
