1895 0 0 33 0 1243 4532 0 0 0 
7188 75 0 55 46 0 0 0 7 0 
0 8 1 0 3 0 3790 31 0 0 
47 1 0 0 0 101 525 0 0 0 
0 0 0 0 11 1011 0 0 0 0 
0 0 0 60 0 1831 40 0 0 0 
0 90 0 0 1 498 57 0 3 0 
0 0 0 0 0 0 2108 0 0 0 
15 0 1 0 0 0 0 0 1405 214 
0 2 0 6 6 4669 0 0 0 0 
1464 3 0 0 0 0 0 0 1 5 
0 0 0 0 322 0 0 0 0 0 
1098 0 10 0 0 216 0 0 0 0 
170 0 0 0 0 0 16 0 0 0 
1457 0 0 0 0 0 0 5 0 8 
4545 0 0 0 0 0 0 25 0 0 
0 0 0 409 272 0 0 0 1 0 
0 0 0 0 0 0 2121 0 0 0 
43 39 0 0 0 0 85 0 320 0 
1 0 0 0 0 358 0 0 0 0 
0 0 0 0 714 16 0 1 0 0 
0 0 0 0 0 0 0 0 106 0 
0 1 10 0 13 1158 0 0 0 1 
0 510 11 0 0 19 1 0 2 0 
0 8 0 86 7 670 0 0 0 0 
0 47 0 0 0 0 0 0 0 0 
0 0 385 0 0 0 159 0 0 117 
0 0 0 0 0 0 0 0 223 0 
0 0 0 3 0 0 334 0 0 0 
0 0 0 0 0 437 0 0 0 0 
0 0 0 4 350 4 0 0 0 0 
0 0 0 0 970 47 0 0 0 0 
0 2 106 0 206 0 0 34 8 0 
0 0 0 0 0 183 4 0 1 0 
164 0 0 0 0 1 1 1 0 0 
0 0 0 368 3476 75 0 0 0 0 
0 0 0 0 0 185 0 0 0 0 
0 5 0 229 0 0 0 0 0 0 
68 0 3 0 0 0 57 0 39 0 
0 0 0 0 113 0 184 0 0 0 
0 0 183 17 0 0 1 2 0 0 
0 0 0 1761 0 0 0 1 2 0 
229 0 0 9 0 0 4 0 0 10 
514 1 14 0 0 0 0 0 21 0 
0 0 0 0 0 257 151 0 0 0 
0 489 0 1051 278 0 113 0 0 0 
115 0 0 0 1 0 0 52 102 0 
0 0 4 229 1 0 26 3 0 19 
731 0 4 0 4 0 2 3 0 0 
0 0 0 0 0 3 132 499 0 0 
0 0 0 46 2 0 312 0 3 2 
0 0 0 585 7 0 0 0 0 0 
3743 0 1168 285 384 0 0 15 0 0 
0 0 0 0 0 546 0 151 4 0 
0 0 0 105 135 620 0 0 0 0 
0 0 0 0 0 600 1 0 0 0 
0 6 0 0 0 0 0 39 0 87 
0 0 124 0 0 2 0 0 0 0 
0 0 0 0 0 35 246 0 2 0 
0 0 0 0 0 691 0 0 0 0 
733 0 0 0 0 0 0 0 0 1 
0 494 0 1 0 0 0 0 0 0 
487 0 0 0 0 1 0 0 0 1 
1 0 0 3 357 0 0 0 0 6 
16 0 0 14 0 6 11 12 0 16 
0 0 0 0 375 0 0 0 0 10 
819 0 0 0 0 0 0 0 0 0 
47 58 0 1 0 0 0 0 0 0 
18 0 0 0 0 2 128 11 2 0 
0 1 29 0 0 51 100 0 0 0 
0 0 0 0 0 1 0 0 0 519 
1 0 0 0 0 1 0 0 9 577 
1 27 0 66 0 59 0 66 0 0 
15 225 0 0 0 0 2 15 9 16 
5 0 0 0 0 0 2 139 0 0 
0 0 0 0 0 0 0 0 183 0 
694 0 0 0 0 0 0 0 0 0 
0 0 8 0 353 0 0 0 0 0 
0 0 2 0 0 0 2 12 339 0 
3254 0 0 0 0 0 0 0 0 0 
0 0 0 0 0 274 0 0 0 0 
0 0 0 0 224 0 3 4 0 0 
3 0 0 0 0 279 10 2 0 0 
8 3078 215 0 0 1730 24 0 0 0 
182 0 0 0 0 0 0 0 0 0 
153 0 0 0 0 0 0 0 0 0 
2140 0 0 0 0 0 3 0 1 0 
3 0 0 0 0 0 0 0 151 0 
0 0 0 0 26 0 0 0 0 60 
0 92 74 3 1 0 0 1 0 0 
0 0 0 0 0 225 44 1 0 1 
0 0 0 2 0 0 147 0 0 1 
285 0 1 105 0 0 0 2 0 0 
73 0 0 0 0 0 0 0 0 0 
0 82 0 0 8 0 0 0 0 0 
823 0 0 0 0 0 0 0 0 0 
1363 0 0 0 0 13 2412 1 0 0 
271 0 0 0 0 0 0 6 2 0 
