1865 0 0 47 0 1502 4400 0 3 0 
7703 46 0 11 73 0 0 0 0 1 
4 0 0 0 0 0 3796 28 1 0 
15 0 1 0 0 204 465 0 0 0 
2 0 0 0 17 982 0 0 0 0 
0 0 0 46 0 1841 35 0 0 1 
0 14 0 0 0 628 1 0 1 0 
0 0 0 0 0 0 2100 0 0 0 
66 0 0 0 2 0 0 0 1339 230 
0 0 0 4 6 4733 0 0 0 0 
1434 2 2 0 0 0 4 0 0 0 
0 0 0 0 278 5 0 0 1 0 
1303 0 0 0 0 35 28 0 2 0 
172 0 0 0 0 0 21 0 0 0 
1400 2 0 0 3 35 3 3 0 0 
4600 0 0 0 0 0 0 67 0 0 
0 1 0 425 265 0 0 0 0 0 
0 0 1 5 0 0 2141 0 0 3 
1394 0 0 0 5 0 2246 0 1 0 
13 0 73 0 0 0 31 16 356 0 
0 0 0 0 0 357 0 0 5 0 
0 1 0 0 715 16 0 0 0 0 
0 0 0 0 0 0 0 0 106 0 
0 0 10 0 10 1171 1 0 0 0 
0 525 0 0 0 13 0 2 1 0 
0 57 4 70 5 635 4 0 0 0 
0 47 0 0 0 0 0 0 0 0 
0 0 596 0 5 0 59 0 1 5 
0 0 0 0 0 0 0 0 223 0 
0 0 0 1 0 1 342 0 0 0 
0 0 0 0 0 437 0 0 0 0 
0 0 0 3 361 7 0 0 0 0 
0 0 0 0 957 49 0 0 1 0 
61 0 226 0 0 2 0 5 41 15 
0 2 0 0 0 179 1 0 0 0 
167 0 0 0 0 0 0 0 0 0 
0 0 0 359 3489 81 0 0 0 0 
0 0 0 0 0 179 0 0 0 0 
0 13 0 219 0 0 2 0 0 0 
10 3 0 1 150 0 0 2 1 0 
0 0 0 0 131 0 152 0 0 1 
0 0 203 0 0 0 0 0 0 0 
100 0 9 1687 2 0 0 0 3 0 
223 0 0 0 4 13 16 0 0 0 
535 1 0 9 0 0 0 0 5 8 
0 0 0 0 0 145 261 0 0 0 
0 404 1 1147 249 0 115 0 0 0 
80 0 0 0 0 0 2 72 120 0 
0 7 0 178 0 0 96 0 0 1 
629 0 0 1 0 0 0 1 0 0 
0 0 0 1 1 0 104 539 0 0 
16 0 3 118 0 0 219 0 4 3 
2 1 0 574 11 0 0 0 0 0 
4101 0 822 390 298 0 5 0 13 0 
3 0 29 0 37 635 0 0 0 0 
0 0 2 118 162 566 0 0 0 0 
0 0 0 0 0 608 1 0 0 1 
77 33 0 3 9 4 0 0 1 4 
0 0 126 0 0 0 0 0 0 0 
0 0 0 1 0 27 258 0 0 0 
0 10 0 21 0 622 0 0 0 0 
703 0 0 0 0 4 27 0 0 0 
0 513 0 0 0 0 0 0 0 0 
438 0 4 0 2 0 0 3 0 0 
0 10 0 0 357 0 0 0 0 0 
54 12 1 0 0 0 0 0 8 0 
1 1 0 0 386 0 0 0 0 0 
773 0 0 0 0 0 0 0 0 0 
65 0 0 0 0 37 0 5 0 0 
0 0 1 13 0 2 146 0 0 4 
0 0 39 0 0 54 83 0 0 0 
0 0 0 0 0 10 0 0 0 509 
0 0 0 0 0 0 0 3 12 573 
50 0 0 6 35 0 131 1 0 0 
107 1 0 0 4 94 0 0 0 1 
2 0 0 0 0 0 1 143 0 0 
0 0 0 0 0 0 0 6 174 0 
664 3 0 0 0 0 0 0 0 0 
0 0 0 0 356 2 0 0 0 4 
0 0 0 0 50 15 0 21 269 0 
3206 0 0 0 0 0 0 0 0 1 
0 0 0 0 1 273 0 0 0 0 
0 0 0 0 268 0 3 0 0 0 
0 0 0 0 2 288 1 0 0 0 
42 3173 33 0 0 1773 63 3 10 0 
994 0 0 0 0 0 0 0 0 0 
161 0 0 0 0 0 0 0 0 0 
2105 0 0 0 0 0 0 0 0 0 
0 0 0 3 0 0 0 0 150 0 
0 0 0 6 0 3 0 0 0 78 
0 80 0 63 0 0 23 0 0 0 
0 0 0 0 6 235 30 0 0 0 
0 0 0 0 0 3 143 0 0 0 
0 0 2 266 35 28 0 29 0 0 
74 0 0 0 0 0 0 0 0 0 
0 96 0 0 0 0 0 0 0 0 
