9143 328 0 0 0 8 0 6 0 0 
562 0 0 109 6024 1716 0 0 4 0 
0 0 0 29 0 107 2668 1202 0 0 
0 5228 0 0 0 0 0 0 0 2 
0 0 0 0 0 57 627 17 0 0 
0 3 0 984 2 27 0 0 0 1 
1971 1 0 0 0 0 0 0 0 0 
0 0 0 128 519 0 0 0 1 0 
16 0 1 1 0 19 999 418 653 0 
1700 8 0 0 4 0 0 0 0 0 
1027 305 260 327 735 1280 344 100 12 559 
57 0 1 0 0 83 1079 0 402 2 
0 285 0 0 0 0 0 0 0 0 
159 0 1 0 2 1 0 0 2030 26 
0 0 0 0 483 0 0 0 0 1 
11 0 0 0 0 0 0 0 38 2 
0 0 0 0 0 0 1557 0 0 0 
133 0 0 0 0 1900 2905 3 0 1 
36 0 0 0 0 631 107 0 0 0 
2036 0 0 0 0 0 0 86 0 1 
3824 0 0 0 0 0 0 0 0 0 
0 0 0 494 0 0 0 0 0 0 
0 0 0 0 0 348 18 0 0 0 
14 4 0 0 422 42 252 0 0 0 
0 0 0 0 0 0 0 0 106 0 
0 0 3 1009 375 0 0 0 0 7 
6 101 2 0 0 436 0 0 0 0 
0 757 0 11 1 0 1 0 0 0 
0 0 0 0 47 0 0 0 0 0 
0 0 0 0 10 402 366 3 0 0 
0 0 0 0 0 0 223 0 0 0 
295 0 1 0 0 0 0 3 0 1 
21 0 0 0 0 841 0 0 0 0 
111 0 43 139 0 0 0 143 0 11 
0 0 0 361 4 0 0 0 0 0 
0 0 310 662 0 0 2 0 0 0 
0 0 0 0 0 0 363 0 0 0 
1 0 0 0 0 0 453 0 0 0 
0 0 0 0 0 166 0 0 0 0 
0 0 0 3972 72 2 0 0 0 0 
0 161 0 0 0 0 0 0 0 0 
0 1 0 234 0 0 4 0 0 3 
0 0 0 0 0 183 0 0 0 0 
0 0 0 0 0 6 293 0 0 0 
0 0 190 0 0 0 0 10 1 2 
2114 0 0 20 0 0 0 0 0 0 
0 37 8 0 224 0 0 0 0 0 
0 11 0 0 585 0 0 0 0 0 
0 0 0 0 50 357 12 0 0 0 
0 0 0 23 283 1704 0 0 0 0 
2 35 8 13 1 0 216 0 0 0 
0 2 255 24 0 0 0 0 0 0 
4106 0 0 0 22 0 0 0 0 0 
480 0 89 0 0 0 35 0 0 0 
0 0 0 0 1 141 228 0 0 0 
0 0 0 44 527 0 0 1 0 0 
5923 0 0 0 0 0 0 0 0 0 
0 0 0 0 0 0 694 0 0 0 
0 0 0 0 0 749 52 0 0 0 
0 0 27 0 0 545 32 0 0 6 
0 0 0 138 0 0 0 0 0 0 
0 0 123 0 0 0 0 0 0 0 
0 3 0 0 0 0 0 0 77 0 
0 0 0 0 0 0 264 0 0 0 
488 0 29 0 1 0 0 6 0 40 
181 0 0 0 0 0 0 14 498 1 
0 408 0 0 0 0 0 6 0 0 
96 0 0 80 0 0 1 0 43 15 
0 3 0 0 10 3 0 98 0 271 
0 0 0 0 80 0 0 0 0 0 
2 130 1 0 0 0 2 0 2 0 
0 0 0 0 52 0 0 0 0 0 
0 0 1 0 421 3 0 0 0 0 
314 0 0 0 0 12 0 0 0 0 
0 0 0 0 0 0 0 0 106 0 
7 0 0 0 0 98 3 0 0 0 
0 0 0 0 1 0 0 0 160 0 
7 31 6 0 0 1 7 0 468 0 
0 0 0 0 240 0 0 0 0 0 
0 0 0 0 0 0 0 0 0 587 
191 0 0 0 1 0 0 1 2 20 
9 5 1 9 0 0 0 0 11 21 
2 0 137 1 0 0 0 1 0 0 
6 16 0 84 0 2 44 0 1 0 
