1906 1 0 36 0 1329 4458 0 0 0 
7483 74 0 29 36 1 0 0 0 0 
0 0 2 0 0 0 3786 40 0 1 
16 3 1 0 2 199 456 1 0 3 
0 0 0 0 21 988 0 0 0 0 
3 0 3 20 1 1878 22 0 0 0 
0 127 0 10 0 478 26 0 11 0 
0 0 0 0 0 0 2107 0 0 0 
24 0 0 6 0 0 0 0 1356 248 
1 0 0 10 14 4668 0 0 1 0 
1448 1 0 0 4 2 9 0 0 0 
0 0 0 0 313 0 8 0 0 1 
1166 0 2 0 0 153 0 1 0 0 
167 0 1 0 0 0 18 0 0 0 
1455 0 0 0 2 0 0 3 0 2 
4570 0 0 0 0 0 1 28 0 0 
0 0 0 332 332 0 0 1 0 17 
0 1 0 0 0 0 2127 0 0 5 
16 14 0 4 0 0 164 0 286 0 
0 0 4 0 0 346 0 0 0 10 
0 0 0 0 720 11 0 0 0 0 
0 0 0 0 0 1 0 0 105 0 
0 2 9 0 6 1169 0 0 0 0 
0 521 0 0 0 18 2 0 0 0 
0 7 0 81 1 667 0 0 1 1 
0 47 0 0 0 0 0 0 0 0 
0 0 459 0 1 3 102 3 3 91 
0 0 0 0 0 0 0 0 223 0 
0 0 0 0 0 0 340 0 0 0 
0 0 0 0 0 437 0 0 0 0 
0 0 0 6 355 5 1 0 0 0 
0 0 0 0 975 48 0 0 0 0 
0 0 83 0 258 0 3 0 15 0 
0 0 0 0 0 188 0 0 0 0 
165 0 0 0 0 1 0 0 0 0 
0 0 0 394 3435 76 1 0 0 1 
0 0 0 0 0 185 0 0 0 0 
0 0 0 233 0 0 1 2 0 0 
43 14 0 4 0 8 4 1 93 0 
0 0 0 6 91 0 194 0 0 0 
0 0 199 0 0 0 0 0 0 4 
0 0 0 1768 0 0 0 0 0 0 
254 0 0 0 0 0 0 0 0 0 
557 0 0 0 0 0 0 0 0 0 
0 1 0 0 4 235 158 0 9 0 
1 504 0 986 235 0 191 0 0 0 
85 0 0 7 0 9 0 10 159 1 
0 23 1 228 0 0 0 0 0 30 
640 0 0 0 0 0 0 5 0 0 
0 0 0 0 0 0 140 494 0 0 
0 0 0 38 0 0 324 0 0 0 
0 0 0 583 8 0 0 0 0 0 
3804 2 1039 351 392 3 0 3 1 3 
0 0 0 0 0 589 0 111 0 0 
0 0 0 96 146 622 0 0 0 0 
0 0 0 0 0 601 1 0 0 0 
0 0 0 0 0 3 0 31 0 98 
0 0 126 0 0 0 0 0 0 0 
2 0 0 0 0 43 239 0 2 0 
0 4 0 0 0 662 1 5 15 0 
728 0 0 0 0 5 0 0 1 0 
0 510 0 0 0 0 0 0 0 0 
474 0 4 0 0 0 0 0 6 0 
1 0 0 0 348 0 0 0 0 18 
20 0 0 0 0 0 9 0 0 46 
0 1 0 0 386 0 3 0 1 0 
808 0 0 0 0 0 0 0 0 0 
50 49 2 0 0 4 1 0 0 0 
0 0 1 0 0 9 155 0 0 0 
6 1 40 0 0 46 87 0 0 0 
0 0 0 0 0 0 0 0 0 520 
0 1 0 0 6 0 2 0 22 557 
0 30 4 125 0 24 0 36 0 0 
5 242 0 0 0 0 0 20 15 0 
0 0 0 0 0 0 10 136 0 0 
1 0 0 0 0 0 0 1 182 0 
673 0 0 0 0 2 0 0 0 3 
0 0 8 0 353 0 0 0 0 0 
1 1 5 0 0 0 0 83 263 2 
3231 0 0 0 0 0 0 0 0 0 
0 0 0 0 0 274 0 0 0 0 
0 0 0 2 220 0 0 0 0 9 
0 5 0 0 2 285 0 0 0 0 
0 3228 109 0 0 1693 22 0 0 1 
183 0 0 0 0 0 0 0 0 0 
165 1 0 0 0 0 0 0 0 0 
2128 0 0 0 0 0 0 0 0 2 
0 0 0 0 0 0 0 0 153 0 
0 0 5 0 65 0 0 16 0 0 
0 70 66 0 1 6 5 3 20 0 
0 0 0 0 5 186 80 0 0 0 
0 1 0 0 0 0 145 0 1 0 
227 0 0 139 0 0 0 25 0 0 
73 0 0 0 0 0 0 0 0 0 
0 63 0 0 33 0 0 2 0 1 
821 0 3 0 0 0 0 0 0 0 
1444 0 3 0 0 0 2314 0 0 0 
143 0 0 0 0 0 0 0 0 2 
