9194 430 0 0 0 4 0 17 0 0 
486 0 0 49 6487 1472 0 0 31 0 
374 1 0 1 0 82 2676 992 0 0 
5 5249 1 0 0 0 0 0 0 0 
0 0 0 0 1 53 612 15 1 0 
3 0 0 974 0 28 0 0 0 0 
1985 0 0 0 0 0 0 0 0 0 
0 0 0 81 558 0 0 0 0 8 
13 1 22 0 0 0 776 170 1098 0 
1710 0 0 0 0 0 0 0 0 2 
776 657 662 487 394 650 443 231 221 441 
73 0 3 0 0 107 911 1 539 0 
0 283 0 0 0 0 0 0 0 0 
71 0 0 0 0 1 0 0 2135 8 
0 0 0 0 388 0 0 0 0 0 
0 1 0 9 0 0 0 0 37 4 
0 0 0 0 0 0 1539 0 1 0 
187 0 0 0 0 1845 2930 0 0 1 
6 6 0 3 0 641 117 0 0 0 
2082 0 0 0 0 0 0 39 1 1 
3796 0 0 0 0 3 0 0 0 0 
2 0 0 626 0 0 0 12 7 0 
0 0 0 0 1 342 20 0 1 0 
2 18 25 0 359 19 263 0 47 0 
0 0 0 0 0 0 0 0 106 0 
0 0 0 1010 376 0 14 0 0 9 
1 137 0 0 0 409 1 0 0 0 
0 741 0 7 2 0 0 0 0 0 
0 0 0 0 47 0 0 0 0 0 
0 0 0 0 10 404 367 0 0 0 
0 0 0 0 0 0 223 0 0 0 
296 0 1 0 0 0 0 0 0 0 
20 0 0 0 0 835 0 0 2 0 
170 0 6 69 0 0 127 75 0 0 
0 0 0 361 5 0 0 0 0 0 
2 0 296 668 0 0 0 0 0 0 
0 0 1 0 0 0 361 0 0 0 
2 0 0 0 0 0 447 0 0 5 
0 0 0 0 0 167 0 0 0 0 
0 0 0 3977 92 4 0 0 0 0 
0 0 0 0 0 0 0 0 0 517 
0 161 0 0 0 0 0 0 0 0 
0 0 0 238 0 1 0 0 2 0 
0 0 0 0 0 183 0 0 0 0 
0 0 0 0 0 3 289 0 0 0 
0 0 289 0 0 0 0 0 0 0 
2125 0 0 15 0 0 0 0 0 0 
9 0 1 0 245 0 0 3 1 9 
0 0 0 0 550 0 33 5 0 14 
0 0 0 0 60 353 12 0 0 0 
0 0 0 6 209 1815 0 0 0 0 
0 1 0 94 0 0 122 58 0 0 
0 0 260 18 0 0 3 0 0 0 
4048 0 0 0 22 0 0 0 0 0 
328 2 76 0 0 0 69 89 0 0 
0 0 0 1 0 149 214 0 0 0 
0 0 0 39 537 0 0 0 0 0 
5942 0 0 0 0 0 0 0 0 0 
0 0 0 0 0 0 695 0 0 0 
0 0 0 0 2 714 80 0 0 0 
40 1 0 0 0 527 26 0 0 0 
0 0 0 127 0 0 0 0 0 0 
0 1 164 13 0 0 0 0 0 0 
0 0 0 0 0 0 0 0 76 0 
0 0 0 0 0 0 263 0 0 0 
538 0 0 0 0 17 0 0 0 0 
70 0 0 0 0 3 99 6 510 0 
0 408 0 0 0 0 3 0 0 0 
61 0 9 1 139 0 0 0 0 29 
2 0 0 2 0 0 0 1 0 380 
0 0 0 0 80 0 0 0 0 0 
0 137 0 0 0 0 0 0 0 0 
0 0 0 0 52 0 0 0 0 0 
0 0 0 0 405 1 0 0 0 0 
267 0 15 3 0 0 0 0 0 0 
0 0 0 0 0 0 0 0 106 0 
1 0 0 0 0 97 0 6 0 1 
0 0 0 0 0 1 0 0 106 0 
0 0 0 0 0 0 0 0 512 8 
0 0 0 0 207 0 0 0 0 0 
2 0 0 1 3 0 1 0 0 55 
204 0 0 0 0 0 0 0 0 0 
0 0 0 0 0 1 0 0 39 12 
