3239 0 0 53 0 1392 4615 1 0 0 
8115 129 0 25 32 38 0 0 0 0 
3 10 0 0 1 2 3963 54 0 0 
1 3623 71 0 15 1379 38 1 7 0 
0 6 0 0 0 136 550 0 0 0 
0 0 0 0 9 866 0 0 0 0 
0 0 0 53 0 1592 57 0 0 1 
0 73 0 65 4 495 0 11 0 8 
0 0 0 0 0 0 2063 0 0 1 
210 0 0 0 0 0 0 0 1316 187 
0 5 0 13 10 4901 0 0 2 0 
1567 0 0 44 0 0 0 3 0 0 
0 0 0 0 283 0 0 0 0 0 
1162 0 0 0 0 45 0 0 656 0 
100 0 0 0 0 0 0 0 0 0 
1595 0 0 26 3 1 2 1 2 0 
4813 0 0 0 1 0 0 22 0 0 
0 0 0 348 402 7 0 0 8 0 
0 0 0 0 0 0 2111 0 0 0 
1512 0 0 1 0 6 2254 0 9 0 
8 4 0 0 0 0 0 0 470 0 
0 0 2 0 2 365 0 0 0 0 
0 0 0 0 715 16 0 0 0 0 
0 0 0 0 0 0 0 0 106 0 
0 0 11 0 16 1270 0 0 0 0 
0 538 6 2 0 0 0 0 0 0 
0 20 0 35 14 716 0 0 0 0 
0 47 0 0 0 0 0 0 0 0 
0 0 497 0 0 257 25 0 0 3 
0 0 0 0 0 0 0 0 223 0 
0 0 0 0 0 0 329 0 0 0 
866 0 0 0 0 0 0 0 0 0 
0 0 0 0 0 436 0 0 0 0 
0 0 0 5 348 8 0 0 0 0 
0 0 0 0 932 55 0 0 0 0 
2 20 8 27 273 5 0 0 18 5 
0 0 0 0 0 435 17 0 0 0 
163 0 1 0 0 0 3 0 0 0 
0 3 0 400 3540 67 0 0 0 0 
0 0 0 0 0 161 0 0 0 0 
0 0 0 234 1 0 0 0 0 0 
122 41 0 0 0 0 0 19 0 1 
0 0 14 0 87 1 193 0 0 0 
7 0 186 0 0 0 10 0 0 0 
0 0 1 2136 1 0 0 0 0 0 
253 0 0 0 0 0 5 8 0 0 
515 0 0 0 0 49 0 10 0 0 
0 0 2 0 0 202 206 0 0 4 
0 561 0 1071 219 12 101 8 0 0 
0 6 0 0 0 0 16 208 0 44 
0 0 0 254 23 0 0 4 0 0 
558 0 0 0 0 0 0 0 0 0 
0 0 0 0 0 0 90 529 0 0 
1 8 3 169 0 21 179 0 0 0 
0 0 0 577 6 0 0 0 0 0 
4077 0 884 319 403 0 0 0 0 0 
0 0 10 0 58 620 0 0 5 1 
0 0 0 94 167 585 0 0 0 0 
2 0 1 0 0 612 1 0 0 0 
2 0 0 22 7 0 66 0 3 38 
0 0 123 0 0 3 0 0 0 0 
0 1 76 0 0 0 1 0 0 0 
0 0 0 0 0 27 251 0 0 0 
0 54 0 1 5 554 0 1 0 0 
702 0 0 0 0 0 3 2 0 0 
0 475 0 0 0 0 0 0 0 0 
191 0 0 0 0 32 0 15 0 1 
0 19 0 0 365 0 0 0 1 0 
76 0 2 0 0 0 0 0 0 0 
0 4 0 0 379 0 2 0 0 0 
447 0 0 0 0 1 11 0 0 0 
0 0 0 0 54 0 18 35 0 0 
0 0 0 0 0 0 116 0 0 1 
0 0 4 0 0 40 119 0 0 0 
0 2 0 0 0 0 0 0 0 517 
0 0 0 0 157 0 38 2 0 49 
0 0 0 1 4 0 0 0 20 561 
0 13 92 0 0 39 66 2 1 11 
15 0 0 0 177 0 0 0 0 0 
0 3 3 0 0 0 0 136 0 0 
0 1 0 0 0 0 0 0 184 0 
463 0 0 1 0 0 0 1 0 0 
0 0 12 0 100 0 0 1 0 0 
49 0 0 0 0 0 1 0 306 0 
3940 0 0 0 0 0 0 0 0 0 
0 0 0 0 0 271 0 0 0 0 
0 0 0 0 214 0 0 0 1 1 
