8913 452 0 0 0 27 6 17 0 0 
424 0 0 70 6258 1676 0 0 0 2 
0 1 10 0 0 53 2972 962 0 0 
1 5217 0 0 0 0 0 0 0 0 
0 0 0 0 0 43 635 26 0 0 
0 1 0 1006 0 11 1 0 0 0 
1666 0 0 0 0 0 0 0 0 0 
0 0 0 103 523 0 0 0 21 0 
11 60 1 0 18 41 922 530 528 0 
1720 0 0 2 0 3 0 0 0 0 
1307 58 317 149 718 1144 724 242 0 328 
129 0 0 0 0 59 996 0 433 0 
0 284 0 0 0 0 0 0 0 0 
81 1 4 0 0 0 0 0 2114 15 
0 0 0 0 478 0 0 0 0 0 
35 8 10 0 0 0 0 0 0 0 
0 0 0 0 0 0 1577 0 0 0 
172 0 0 0 3 1813 2949 0 0 1 
67 0 0 0 0 568 139 0 0 0 
2059 3 0 0 0 0 0 56 2 0 
3813 0 0 0 0 1 0 0 0 0 
0 0 1 483 0 0 0 0 0 1 
0 0 0 0 0 346 18 0 0 0 
0 85 0 0 460 3 184 1 0 0 
0 0 0 0 0 0 0 0 106 0 
0 0 22 966 410 0 0 0 0 0 
4 98 0 0 2 440 0 0 0 0 
0 761 0 11 1 0 0 0 0 0 
0 0 0 0 47 0 0 0 0 0 
0 0 0 2 11 410 355 0 0 3 
0 0 0 0 0 0 223 0 0 0 
300 0 0 0 0 2 0 0 0 0 
27 0 0 0 0 840 0 0 1 0 
169 0 62 118 3 25 0 0 19 51 
0 0 0 365 4 0 0 0 0 0 
0 0 275 705 0 0 0 0 1 0 
0 0 0 0 2 0 363 0 0 0 
3 0 0 0 0 0 451 0 0 0 
0 0 0 0 0 166 0 0 0 0 
0 0 0 3941 74 1 0 0 0 0 
0 161 0 0 0 0 0 0 0 0 
1 0 0 237 0 2 0 0 0 2 
0 0 0 0 0 182 1 0 0 0 
0 0 0 0 0 6 290 0 0 0 
0 0 193 5 5 0 0 0 0 0 
2124 0 0 12 0 0 0 0 1 0 
2 15 0 3 213 27 0 3 3 2 
0 0 0 0 589 0 0 0 5 1 
0 0 0 0 60 346 16 0 0 0 
0 0 0 31 220 1726 0 0 0 0 
5 1 13 0 2 7 244 0 0 3 
4 0 229 21 0 0 0 14 12 1 
4058 0 0 0 34 0 0 0 0 0 
524 0 32 0 2 5 44 0 0 0 
0 0 0 0 0 151 224 0 0 0 
0 0 0 47 525 0 0 0 0 0 
5915 0 0 0 0 0 0 0 0 0 
0 0 0 0 0 0 687 0 0 0 
0 0 0 0 0 769 62 0 0 0 
0 0 3 5 0 547 21 27 9 0 
0 0 0 138 0 0 0 0 0 0 
0 0 123 0 0 0 0 0 0 0 
0 0 0 0 0 0 0 2 77 1 
0 0 0 0 0 0 265 0 0 0 
548 0 14 0 0 0 0 7 0 0 
292 0 0 0 0 0 0 0 399 1 
0 409 0 0 0 0 0 0 0 0 
145 1 0 44 11 17 0 0 12 10 
0 0 0 0 6 1 0 38 0 340 
0 0 0 0 80 0 0 0 0 0 
0 0 0 0 52 0 0 0 0 0 
0 0 0 0 412 0 0 0 1 12 
390 0 0 0 0 0 0 0 0 0 
0 0 0 0 0 0 0 1 105 0 
0 0 0 1 0 105 0 3 0 0 
0 0 0 1 0 0 2 0 158 0 
41 0 0 0 39 0 11 0 429 0 
0 0 0 0 237 0 0 0 0 0 
0 0 0 0 0 0 0 0 0 586 
190 0 18 0 3 4 0 5 0 0 
0 194 0 0 0 0 0 0 1 0 
1 27 81 26 0 0 2 1 3 0 
1 0 0 0 0 4 126 0 30 1 
311 0 1 0 0 0 0 0 0 0 
