7070 281 0 0 0 8 0 8 0 3 
278 0 0 114 5433 1432 4 0 2 0 
1 0 0 0 2 77 2758 968 7 15 
0 0 0 0 0 42 626 12 0 0 
0 0 1 1039 0 1 0 0 0 0 
1937 0 0 0 0 0 0 0 0 0 
0 0 0 77 579 0 0 0 0 0 
5 1 20 0 1 0 541 921 621 0 
1621 0 0 1 0 0 0 0 3 0 
4618 0 0 0 0 2 4 5 0 8 
80 3 0 0 1 143 1236 0 0 0 
0 323 0 0 0 0 0 0 0 0 
1212 0 0 0 0 0 0 25 0 89 
166 3 20 0 0 0 0 0 0 0 
0 0 0 0 0 0 1560 0 0 0 
151 0 0 0 0 1100 3192 0 0 0 
128 0 0 15 0 551 0 0 0 1 
2005 0 22 0 0 0 0 113 0 3 
2 0 0 487 0 0 0 0 1 0 
0 0 0 0 0 342 17 0 1 0 
0 0 173 0 373 156 0 0 0 30 
0 0 1 0 0 0 0 0 105 0 
0 0 0 765 400 0 0 0 0 0 
5 145 0 0 0 395 0 2 0 0 
0 761 0 7 1 1 0 0 0 0 
0 0 0 0 47 0 0 0 0 0 
2 0 0 0 0 299 359 0 0 0 
0 0 0 0 0 0 223 0 0 0 
327 0 0 4 4 0 0 0 1 0 
0 0 0 423 7 0 0 0 6 1 
0 0 0 362 4 0 0 0 0 0 
0 0 303 696 0 0 0 0 0 0 
0 0 0 0 0 0 357 1 0 0 
89 0 0 0 0 0 105 0 0 0 
0 0 0 0 0 166 0 0 0 0 
0 0 0 3877 42 1 0 3 0 0 
0 181 0 0 0 0 0 0 0 0 
0 0 0 232 0 0 0 0 0 3 
0 0 0 0 0 164 0 0 0 0 
0 0 0 0 0 10 296 0 0 0 
0 2 178 23 0 0 0 0 0 0 
1734 1 0 19 0 0 0 0 0 0 
0 1 8 19 24 0 195 0 0 0 
0 0 1 0 493 0 0 49 0 0 
0 0 0 0 49 362 11 0 0 0 
0 0 0 6 178 1670 0 0 0 1 
0 0 0 0 114 0 0 0 148 0 
0 3 247 22 5 3 0 0 0 0 
0 0 0 0 754 0 0 0 0 0 
558 0 0 0 0 0 28 0 0 20 
0 0 0 0 1 137 231 0 0 0 
0 0 0 46 543 0 0 0 0 0 
5599 0 1 1 0 0 0 0 0 0 
0 0 0 0 0 0 712 0 0 0 
0 0 0 0 0 835 56 0 0 0 
0 3 0 0 39 464 86 1 6 0 
0 0 0 137 0 0 0 0 0 0 
0 0 125 0 0 0 0 0 0 0 
0 0 0 0 0 1 282 0 0 0 
740 3 5 0 0 0 0 0 3 1 
57 0 1 1 0 0 0 0 681 4 
0 467 0 0 0 0 0 0 0 0 
339 1 7 0 11 123 0 0 0 6 
59 262 0 1 29 0 1 3 3 10 
0 0 0 0 71 1 0 0 0 0 
0 0 0 0 391 0 0 0 0 0 
841 0 4 1 0 0 0 0 3 0 
0 0 0 0 0 0 0 0 107 0 
0 0 0 0 0 203 1 0 0 0 
0 0 11 0 0 0 0 0 172 0 
0 0 70 0 0 0 3 0 11 432 
0 0 0 0 0 0 0 0 1 591 
84 0 0 3 0 71 64 0 0 0 
0 279 0 1 0 1 0 0 0 0 
41 0 0 0 0 1 0 4 100 0 
0 0 0 10 6 0 0 110 0 56 
683 0 0 0 0 0 0 0 0 1 
0 0 0 0 356 0 0 0 0 0 
0 0 0 0 0 0 0 0 352 0 
3232 0 3 0 0 0 0 0 2 0 
67 0 0 0 1 227 0 0 0 30 
1 0 220 0 0 0 3 0 0 0 
0 0 0 0 17 281 0 0 0 0 
0 5096 0 0 1 0 0 0 1 0 
0 1 0 0 2 175 0 1 3 0 
154 0 0 0 0 0 0 0 0 1 
2158 18 0 0 0 5 0 2 0 0 
0 0 0 0 0 0 0 0 154 0 
0 0 0 0 1 64 21 0 0 0 
167 0 0 0 1 0 1 3 0 0 
0 0 0 0 0 0 271 0 0 0 
0 0 1 16 0 0 132 0 0 1 
366 0 8 4 0 0 7 0 0 4 
0 29 3 0 0 0 0 0 27 1 
0 0 1 0 0 76 13 0 2 0 
30 0 0 0 0 794 0 0 0 0 
3798 0 0 0 0 0 0 0 0 0 
6 266 0 6 5 0 39 0 41 0 
122 0 0 0 11 0 105 0 0 0 
