4723 51 122 231 98 1619 4011 61 123 55 
7706 174 99 146 444 208 125 178 121 156 
99 108 244 165 145 59 2851 166 165 165 
260 2161 343 160 234 1169 285 282 253 175 
5 28 2 22 37 96 502 0 0 0 
0 0 5 0 14 962 0 0 0 0 
65 0 24 25 0 1421 68 263 0 6 
50 10 39 32 44 120 63 160 42 78 
0 0 0 0 0 0 2124 0 0 0 
155 11 6 0 21 32 10 6 1218 239 
0 0 0 1 11 5029 1 0 0 0 
1152 75 19 37 61 64 104 30 51 58 
0 0 1 0 280 2 0 0 0 0 
395 110 402 158 206 194 98 64 538 229 
399 0 0 0 0 0 0 0 2 0 
57 2 0 1 3 0 0 0 0 614 
939 11 17 46 59 46 1 52 327 25 
5284 12 23 4 11 4 8 34 14 12 
29 37 4 324 225 109 8 8 20 8 
0 0 0 0 0 0 1889 1 0 0 
1288 49 57 12 92 34 2388 57 46 55 
4 18 3 66 73 60 27 8 388 0 
0 0 0 2 2 344 0 0 14 1 
0 0 1 0 714 15 0 0 0 0 
0 0 0 0 0 0 0 0 106 0 
0 0 16 6 13 1417 0 1 0 2 
1 524 0 0 11 0 4 0 4 0 
0 30 0 56 1 636 0 7 0 3 
0 47 0 0 0 0 0 0 0 0 
6 36 202 171 57 170 59 53 6 19 
0 0 0 0 0 0 0 0 223 0 
0 0 0 0 0 0 261 0 0 0 
854 1 0 0 0 0 0 0 0 0 
0 0 0 0 0 447 0 0 0 0 
0 0 0 4 354 6 0 0 0 0 
0 0 0 0 935 60 0 0 0 0 
0 45 6 46 20 63 5 106 79 0 
0 0 0 0 0 432 21 0 0 0 
166 0 0 0 0 0 0 0 1 0 
0 0 0 369 3656 81 8 0 0 0 
0 0 0 3 161 0 0 1 31 712 
0 0 0 0 0 155 0 0 0 0 
0 257 1 0 0 0 0 0 0 0 
0 0 0 239 0 0 0 0 0 0 
4 1 49 0 0 1 57 32 1 38 
0 0 0 0 70 11 193 0 16 1 
0 0 301 0 4 0 0 0 0 0 
38 34 30 1793 45 55 11 90 33 63 
272 0 0 0 0 0 0 0 0 2 
211 21 70 11 0 47 52 61 96 36 
16 0 0 0 0 172 207 2 13 0 
3 583 0 818 278 321 130 0 0 0 
14 1 5 0 58 1 32 104 1 60 
18 37 0 116 19 0 30 18 0 44 
3375 0 0 0 0 0 3 0 0 0 
16 0 0 0 54 0 165 302 7 0 
24 9 37 102 0 13 121 14 49 0 
0 0 1 530 29 2 0 0 4 0 
2743 310 723 520 754 133 185 219 204 221 
146 37 44 11 81 158 10 131 31 26 
37 48 0 113 142 254 186 0 0 49 
0 0 0 0 0 512 1 0 3 0 
0 0 0 1 25 14 1 0 59 0 
1 4 107 0 0 0 3 44 0 0 
57 0 1 0 0 1 1 1 6 0 
0 0 0 0 0 54 208 0 0 0 
148 5 0 0 0 103 113 0 10 11 
0 77 0 0 0 2 0 0 0 0 
353 9 0 0 0 0 0 6 0 0 
