799 0 0 418 9645 10 0 0 
2 1 45 1611 5183 758 29 2 
0 7 0 0 0 0 3420 859 
0 10 5 0 0 0 446 0 
0 585 0 0 0 0 174 27 
717 0 5 5 0 0 2134 2126 
0 0 0 491 11 34 3482 0 
5 0 0 0 0 3958 0 0 
0 0 0 0 10232 0 5 0 
0 1037 222 0 0 0 0 0 
0 0 0 3 0 0 4145 0 
849 0 0 0 0 2 0 2445 
414 0 0 0 0 10 0 1782 
0 0 0 0 90 2046 112 4 
0 0 0 0 0 1037 0 0 
2 0 0 857 11 30 0 0 
1469 3 0 1 0 0 2625 0 
2817 0 0 0 0 0 59 0 
0 2719 0 14 0 480 0 1 
0 0 0 0 0 28 287 2454 
0 0 0 10 9922 0 0 0 
0 666 0 0 4 1 0 0 
0 0 0 0 0 0 2037 38 
0 0 0 0 0 2014 2 0 
0 3 0 0 7 1924 39 0 
0 2 0 1 0 1 6315 0 
0 0 0 0 0 3213 0 0 
1 0 1 13 203 8 685 222 
0 0 0 0 0 0 2324 0 
