1663 0 0 0 818 957 7480 0 
5 1524 3107 2748 81 152 11 0 
2655 923 0 0 22 399 12 273 
1 226 0 1 230 1 0 0 
0 0 0 0 0 777 0 0 
0 0 0 0 0 0 4961 40 
1 1 0 3626 0 378 14 12 
3831 0 0 0 0 0 141 0 
0 0 3 0 0 66 10141 0 
270 180 686 16 0 1 0 107 
0 3 0 229 0 0 3926 0 
0 0 0 0 0 0 3293 0 
365 0 2 8 4 10 2 1818 
0 0 0 0 0 3 2263 0 
0 0 0 1070 0 0 0 0 
0 0 0 0 0 891 2 1 
0 0 0 0 0 0 4079 0 
416 2 0 0 0 2464 0 0 
2 2168 1025 0 0 13 9 0 
0 0 1 8 0 1532 521 706 
0 0 0 0 0 9903 4 0 
1 0 122 51 0 0 497 0 
1 0 0 0 0 2 736 1335 
0 0 0 0 0 1983 0 0 
0 0 0 0 0 2012 1 0 
6 0 1392 4736 0 6 176 0 
0 0 2202 914 0 48 0 0 
0 0 7 0 0 64 1055 0 
1377 674 0 2 0 185 83 0 
