1642 0 0 0 784 858 7373 0 
52 1620 3564 2066 35 208 7 0 
2644 980 0 0 15 384 9 268 
0 0 0 0 0 0 657 0 
0 0 0 0 0 814 0 0 
0 0 0 0 0 0 4742 35 
0 0 24 1587 0 164 0 0 
3812 0 1 0 0 0 127 0 
0 0 0 0 0 83 10106 3 
304 204 628 17 0 0 0 108 
0 21 0 24 27 0 4039 0 
0 0 0 0 0 0 2514 0 
425 0 1 0 0 0 0 1779 
0 0 0 0 0 1 2292 1 
0 1 0 1027 0 1 0 1 
0 1 0 0 0 905 2 0 
0 0 0 0 0 0 4001 0 
521 0 0 0 0 2367 0 4 
0 2097 1099 0 0 16 11 1 
0 0 0 0 0 1752 196 736 
0 0 0 0 0 7472 1 0 
3 204 0 0 0 449 0 0 
0 0 0 0 0 0 695 1314 
0 0 0 0 0 1974 0 0 
0 0 0 0 0 2014 1 0 
24 4 1094 4723 0 0 269 21 
1 0 2299 877 1 42 0 0 
0 0 0 0 0 38 1211 0 
38 2211 56 5 10 0 1 2 
0 0 0 2417 0 143 9 0 
0 0 0 0 0 0 949 0 
0 0 0 0 0 2592 0 0 
