868 0 0 503 9488 41 0 1 
0 7 73 1431 5161 962 35 3 
3 3 0 0 0 0 3462 810 
0 0 2 4 0 0 417 9 
11 335 0 0 224 0 204 4 
743 0 0 0 2 0 2058 2211 
0 0 1 436 28 47 3499 0 
2 0 0 0 0 3970 0 2 
0 0 0 0 10237 0 2 0 
0 957 296 0 7 0 0 0 
0 0 0 1 0 0 4150 0 
746 0 0 1 0 0 3 2518 
473 2 1 0 1 2 0 1731 
47 0 0 0 58 2069 83 4 
0 0 0 0 0 1073 0 0 
13 0 0 848 0 31 0 1 
1704 8 0 0 0 0 2376 0 
2865 6 0 1 0 2 15 0 
38 2650 1 1 0 517 0 0 
8 0 1 0 0 29 236 2497 
0 0 0 1 9896 0 0 0 
0 574 86 1 0 0 10 0 
0 0 0 0 0 0 2041 37 
0 6 0 1 0 1470 1 0 
0 33 9 53 4 2403 5 0 
0 1 0 0 0 1 6343 0 
0 0 0 0 0 3162 0 0 
14 12 29 153 0 91 825 2 
0 0 0 0 0 0 2318 0 
