0 13 0 0 0 0 19013 57 
0 0 0 0 0 0 479 19784 
0 0 9577 0 22 48 0 80 
0 0 0 0 221 0 2507 10 
0 0 9469 11 0 13 3 0 
0 8501 0 2 0 3 0 0 
0 1 0 0 0 0 8710 0 
0 2 0 1 0 3 2087 0 
0 0 0 0 0 0 28713 23 
0 1 3592 80 11 1 0 0 
1 0 5502 1 2 4 0 98 
0 18270 14 0 0 577 226 1703 
0 0 0 0 0 0 0 5012 
0 0 0 0 2467 0 0 0 
0 0 3336 0 0 0 0 0 
0 1298 0 0 7 0 2 0 
3075 0 0 0 0 0 0 0 
1 1 6 1 1 0 653 4 
0 0 13 71 94 7 9066 0 
0 0 0 0 0 0 14643 0 
0 6000 0 0 0 0 0 0 
0 0 45 2 0 0 1021 301 
0 0 1 0 1 0 108 12447 
0 0 0 4 0 0 9880 33 
1 2241 0 0 0 0 0 0 
0 1 0 1153 51 0 0 0 
1 625 16 0 9 1 0 0 
0 2 0 0 41 0 1240 73 
0 4204 0 0 9 0 120 0 
0 0 0 0 0 0 23 6754 
0 0 0 0 2328 0 0 0 
0 0 0 0 0 0 3302 0 
0 0 1515 0 36 0 1 0 
0 0 0 1222 579 0 2624 677 
0 1 0 39 746 0 0 0 
0 3904 0 0 1 0 10 24 
0 0 59 420 0 0 0 182 
0 0 0 0 461 0 0 0 
0 0 0 0 0 0 0 8282 
0 113 0 0 58 0 676 62 
0 0 0 0 0 1 6677 0 
0 0 0 0 575 0 0 0 
2 795 0 2 0 28 637 61 
0 3 1 0 0 0 4237 0 
0 0 7295 12 0 0 13 0 
29 5517 2536 0 2 6 3516 561 
0 13 0 0 0 0 5009 0 
2 5 231 0 4 5 158 65 
1 1 0 0 0 28 427 4421 
0 1 2217 0 0 0 0 0 
0 0 0 0 0 0 19 2778 
0 0 0 0 0 0 0 5480 
1 0 0 0 0 0 0 1052 
0 0 0 0 0 0 173 277 
0 0 0 0 0 0 0 385 
3 0 0 1 0 11 6267 0 
3 0 1 0 0 3 171 1676 
2 1571 0 0 5 0 226 0 
0 0 0 0 2 0 0 2505 
0 0 0 0 10 0 2715 0 
348 0 0 0 0 2 0 1150 
186 628 0 1 0 6 21 1149 
0 2 0 5 0 0 1095 0 
0 1 339 0 0 8 0 0 
0 0 2711 0 0 0 0 16 
0 1157 0 0 0 0 0 0 
0 0 0 0 0 0 390 3 
622 0 0 0 5 0 0 2 
0 0 0 0 0 0 1201 138 
0 0 0 0 0 0 0 1665 
20 847 993 31 1 4 6 42 
34 0 0 0 0 0 372 409 
0 283 0 0 0 0 0 252 
2 965 223 0 0 5 17 661 
742 0 0 1 0 0 0 1 
0 0 1 0 0 0 0 960 
0 1153 0 0 0 0 183 0 
0 0 0 0 0 1 0 934 
2 0 2587 0 0 3 0 0 
100 1932 2 0 0 3 6 0 
0 3 1375 4 0 86 148 0 
0 0 0 0 0 0 168 474 
0 0 388 0 0 0 0 11 
0 0 0 0 9 0 9101 29 
0 14 10 0 5 0 183 278 
0 0 0 0 0 0 15021 117 
0 0 617 7 1 0 0 0 
0 0 0 0 0 312 16 0 
0 0 145 58 13 10 0 1 
0 0 0 0 0 0 786 39 
0 0 1068 2 0 0 2 0 
0 0 1 0 979 415 0 0 
0 2532 3 1 195 3 3 0 
0 0 92 0 113 503 0 250 
0 0 0 0 0 0 0 1344 
0 0 38 0 1 166 797 0 
0 0 0 0 0 0 0 358 
0 0 6043 253 570 0 3728 1298 
0 5 0 5 3 0 1740 4 
2 0 0 0 0 0 0 2361 
5 2061 3 0 2 1 0 13 
0 0 0 0 0 0 0 1012 
0 0 0 0 0 0 450 0 
0 0 1387 0 0 9 1601 0 
75 138 0 2 6 35 1390 2849 
0 0 0 0 0 0 984 0 
0 0 0 7 0 0 670 1 
0 0 1 0 0 1 1455 0 
224 0 0 0 11 0 0 228 
6 0 1838 0 150 0 2 0 
0 0 0 0 0 0 15 840 
0 0 0 0 0 0 217 820 
2 0 0 0 0 367 0 3 
0 0 1 0 1 0 0 1504 
0 0 2 0 0 0 3115 0 
0 0 0 0 0 899 0 0 
0 0 0 1 1 0 6774 910 
0 0 0 0 0 7 2294 0 
0 8 2 1 0 0 0 14158 
0 0 0 1 0 1 6910 9 
0 0 0 0 0 0 4694 0 
0 0 0 0 0 0 414 520 
0 1 0 1 1 0 0 7171 
0 0 0 0 0 0 12995 481 
0 0 0 0 0 0 1349 0 
0 0 3653 0 1 0 0 0 
0 0 0 0 0 0 5781 1 
0 0 0 0 0 3 0 2600 
0 0 0 0 0 0 1610 0 
0 0 0 0 0 0 0 912 
66 5425 0 1 0 33 124 4258 
