0 160 49 0 77 0 5810 567 
3 72 17 0 2 6 1091 20600 
6 64 10767 0 13 0 8 12 
0 0 59 51 368 1 777 57 
0 41 8722 2 23 1 610 68 
0 9194 37 0 6 1 257 132 
2 20 17 0 7 0 10159 25 
0 51 55 2 19 0 15301 508 
7 41 88 1 8 0 54549 158 
0 47 2237 77 34 5 31 0 
35 179 5134 20 9 0 205 102 
462 14995 573 19 221 59 2115 2016 
1 0 0 0 8 0 9 5394 
0 0 0 11 2510 0 0 0 
0 0 2902 1 0 46 0 0 
11 437 26 18 1 0 3 3 
3024 11 22 0 0 0 25 4 
1 14 7 3 5 0 7004 12 
7 176 118 88 95 24 8957 191 
0 0 0 0 0 0 14309 2 
0 5854 4 0 0 0 8 16 
0 0 28 13 52 0 898 223 
5 24 1 0 0 0 271 11171 
18 147 98 0 78 23 10641 217 
0 6 15 0 69 0 5794 35 
0 1934 87 2 3 0 166 26 
0 0 0 1059 129 0 11 4 
11 517 62 0 0 0 30 16 
0 3 0 0 4 0 2658 25 
2 0 0 0 22 9 2695 19 
2 831 75 16 70 0 949 337 
8 8 6 0 0 0 34 9767 
0 0 10 0 1802 0 327 74 
0 0 0 0 0 0 5657 5 
0 97 690 52 207 6 608 51 
4 50 78 278 631 0 3448 460 
0 80 80 25 562 2 41 2 
0 4477 8 0 0 0 89 33 
2 138 17 173 5 0 174 120 
0 0 11 0 472 0 0 0 
2 0 34 0 23 0 49 7109 
0 111 94 0 158 1 380 146 
1 0 0 0 0 0 5323 0 
0 0 13 26 551 0 0 0 
27 419 181 0 77 0 729 143 
2 11 20 1 0 0 4608 79 
0 36 8109 5 89 0 207 11 
136 2558 1402 29 842 0 4963 2142 
8 92 156 5 27 0 4670 176 
13 0 6 0 5 0 83 4482 
0 42 88 0 0 0 268 72 
32 330 279 28 175 15 1710 2573 
12 144 3311 4 21 15 394 158 
0 19 84 0 19 0 288 111 
4 32 33 0 13 0 67 2869 
0 0 5 0 0 0 11 6177 
95 45 33 1 3 0 169 288 
5 0 0 0 0 0 276 168 
0 69 0 0 0 0 5 325 
0 14 8 0 0 0 6094 16 
0 0 36 0 0 212 97 88 
0 0 23 0 0 0 276 1373 
29 658 130 0 62 0 643 211 
0 0 0 0 0 0 23 2339 
0 0 0 0 6 0 3141 2 
292 95 64 0 159 0 568 362 
88 244 35 32 42 0 787 662 
0 1 4 14 10 0 571 172 
0 122 129 0 0 5 0 87 
0 119 704 1 249 0 1437 356 
0 1288 0 1 0 0 0 6 
0 10 1 0 52 0 304 38 
541 44 0 0 0 0 22 9 
0 0 0 0 0 0 536 300 
0 0 0 0 0 0 6 1695 
52 175 392 5 273 0 791 431 
11 0 2 0 0 0 563 636 
14 58 43 18 77 9 996 235 
32 497 0 1 0 0 10 24 
17 451 429 4 92 0 838 335 
766 4 0 0 0 0 24 0 
54 11 178 0 0 0 87 537 
0 123 0 0 0 0 37 133 
0 186 68 15 62 0 310 134 
0 3 1 0 0 0 5 820 
0 1 2343 0 29 34 1 0 
0 1774 14 0 0 0 161 29 
0 0 159 13 57 0 238 13 
63 207 741 4 19 0 406 66 
0 8 0 0 0 0 13 240 
0 1 22 0 24 0 190 420 
0 346 249 0 0 10 0 0 
9 151 148 9 10 0 52 15 
215 2886 1293 0 321 8 3063 1577 
0 0 0 26 0 0 871 60 
0 36 68 3 34 0 222 127 
2 35 3 2 22 0 9635 124 
1 4 414 63 9 4 35 45 
0 0 0 0 0 180 13 0 
0 22 112 0 0 0 62 19 
0 0 0 0 0 0 694 28 
0 4 839 0 9 0 227 54 
0 5 0 0 1045 283 0 0 
0 1873 156 5 122 0 431 157 
51 32 36 0 109 34 374 165 
0 14 63 0 37 0 90 997 
37 96 81 35 111 0 495 116 
0 3 0 0 0 0 0 875 
0 16 28 0 17 0 70 17329 
60 531 1413 194 1254 7 7402 1156 
0 34 0 11 16 1 1465 164 
0 0 19 1 0 0 24 2532 
0 0 7 0 26 0 107 116 
0 55 152 0 0 0 43 1 
2 7 98 0 0 0 32 0 
14 127 46 0 25 0 223 177 
0 1 0 0 0 1 0 996 
21 1992 0 0 0 0 32 82 
0 9 0 0 11 0 649 0 
0 15 83 0 107 0 184 127 
1 222 2053 66 187 0 39 17 
1 20 9 0 0 0 3252 34 
184 663 103 69 36 38 950 1548 
0 0 0 0 0 0 931 1 
0 2 2 30 19 0 352 238 
0 22 8 0 13 0 864 123 
58 62 0 0 6 0 217 126 
0 20 977 8 290 0 504 5 
0 2 0 0 5 0 21 779 
3 23 13 0 0 0 267 195 
0 387 0 0 0 0 193 63 
0 24 0 0 3 164 164 3 
0 70 3 0 25 0 63 127 
0 1 0 0 0 0 0 217 
0 97 201 0 68 0 1705 55 
2 230 195 0 51 7 52 63 
54 208 271 21 234 18 6135 1147 
0 0 0 1 0 1018 10 0 
0 35 0 0 21 46 0 33 
0 10 0 3 9 0 133 9 
0 0 0 0 31 1 55 27 
