0 14 0 0 0 0 12449 0 
0 0 0 0 0 0 500 19874 
7 0 9538 14 23 90 2 117 
7 0 0 0 206 0 2541 0 
0 10 9455 0 0 0 0 0 
0 8536 0 0 0 0 0 7 
0 0 0 0 0 0 8282 0 
0 0 0 0 3 0 2155 0 
0 0 0 0 0 0 21854 12 
0 0 3798 71 11 0 1 0 
5 0 5547 0 0 1 1 102 
2 1945 0 0 0 4 196 2 
3 0 1 1 2 0 0 1880 
0 0 2 0 2462 0 0 0 
1 0 3341 0 0 0 0 0 
0 1495 0 0 0 4 1 0 
3078 0 0 0 0 1 0 0 
0 0 0 0 0 2 2301 5 
1 0 10 74 58 4 9102 0 
0 0 0 0 0 0 14349 0 
0 6003 0 0 0 0 1 0 
0 0 0 3 1 1 1013 248 
0 0 3 0 0 1 111 12444 
3 0 0 0 0 0 9726 64 
0 2246 0 0 0 0 0 0 
3 0 0 1154 47 0 1 0 
1 645 0 0 1 5 0 0 
0 16 0 0 48 0 1231 41 
14 4156 0 0 1 0 133 0 
0 0 0 0 0 0 22 6933 
0 0 0 0 2328 0 0 0 
0 0 0 0 1 0 3923 0 
14 0 1479 0 51 4 0 0 
0 0 0 1369 657 8 1025 853 
8 0 0 0 773 0 0 5 
0 3799 0 0 0 1 23 29 
0 0 79 433 0 0 0 159 
0 0 0 0 478 0 0 0 
0 0 0 0 0 0 0 9136 
5 150 0 0 29 0 602 123 
0 0 0 0 0 0 5820 0 
0 0 0 0 579 0 0 0 
0 844 75 0 0 0 635 3 
0 0 0 0 0 0 4149 1 
0 5493 2618 11 0 1 3598 440 
12 0 0 0 0 0 5005 0 
0 0 233 1 1 0 183 52 
0 0 11 0 0 32 522 4299 
0 0 2313 0 0 0 0 0 
1 0 0 0 0 1 16 2771 
0 0 0 0 0 0 0 3440 
0 3 0 0 0 0 0 1050 
0 7 8 0 0 0 126 305 
0 0 0 0 0 0 0 372 
0 0 0 3 4 0 6237 0 
0 0 0 0 0 0 190 1676 
0 0 0 0 0 0 0 2503 
0 0 0 0 72 0 2641 0 
151 0 0 0 0 0 4 1359 
100 770 0 12 0 14 7 1088 
0 0 342 0 0 2 0 4 
1 1 2602 0 1 5 0 8 
0 1008 0 0 0 0 0 1 
0 0 1 1 0 0 414 0 
627 2 0 0 0 0 0 0 
1 0 3 0 0 0 1084 112 
0 0 0 0 0 0 0 1544 
1 781 1169 1 0 10 0 0 
28 0 0 1 0 0 261 525 
0 417 0 0 0 1 0 78 
4 915 280 0 0 6 0 662 
743 0 0 0 1 0 0 0 
0 0 0 0 0 0 0 961 
0 966 3 7 0 0 284 79 
0 0 0 0 0 0 0 1045 
0 0 2622 0 0 0 0 0 
0 2069 3 2 1 0 0 0 
1 0 1306 15 1 89 198 5 
0 2 0 1 0 0 178 461 
0 0 396 0 0 0 2 0 
1 0 0 2 0 0 21100 216 
0 5 0 0 0 5 336 144 
0 0 0 0 0 0 3078 0 
0 0 473 0 0 1 0 1 
0 0 218 0 8 0 1 0 
1 0 0 0 0 0 796 38 
0 0 1060 6 3 0 0 2 
0 0 2 0 975 416 0 0 
4 2537 1 0 155 0 0 0 
0 0 101 0 116 545 0 198 
0 0 0 0 0 79 886 3 
0 0 0 0 0 4 1 343 
0 1 5916 587 946 0 2905 1413 
9 2 16 0 0 0 1670 0 
0 0 0 0 0 0 0 1195 
0 2169 0 6 0 0 0 1 
0 0 0 0 0 0 0 1983 
0 0 0 1 0 0 340 0 
0 11 1400 13 35 0 1619 0 
126 167 0 0 41 61 1434 2621 
0 0 0 0 0 0 1004 0 
0 0 3 0 12 0 791 0 
150 1 0 0 0 0 0 312 
0 0 1 0 0 0 16 838 
0 2 0 0 0 0 230 934 
0 0 2 0 0 704 0 0 
0 0 0 0 0 0 0 1544 
0 0 0 0 0 0 3167 0 
0 0 0 2 1 884 3 0 
0 0 0 0 0 0 6034 970 
0 0 0 0 0 8 2296 1 
0 5 0 0 0 0 0 13836 
0 0 0 2 0 0 7012 12 
0 0 0 0 1 0 4900 0 
0 0 0 0 0 0 113 593 
0 0 0 0 0 0 0 8710 
0 0 0 0 0 0 12934 424 
0 0 0 0 0 0 1351 0 
7 0 3638 0 0 0 1 0 
0 1 0 0 0 0 4293 0 
0 0 0 0 0 0 0 2324 
0 0 0 0 0 0 1864 0 
0 0 0 0 0 0 0 658 
1 5247 0 0 17 0 233 4420 
0 20 2169 1 29 0 0 23 
0 0 0 0 0 0 0 4893 
0 0 0 0 0 0 13738 0 
0 0 7057 14 0 0 0 0 
1 3 0 0 0 0 3553 0 
0 18689 0 0 0 121 0 1671 
0 0 7 150 3 11 1025 1 
