1 0 0 0 0 16404 1 0 
0 0 18 0 0 20168 228 0 
1 0 0 16 329 4408 3913 1194 
423 1506 437 0 5 0 0 369 
1852 117 0 0 0 0 124 7456 
469 0 0 0 0 1 42 7931 
0 1633 777 3 214 1174 212 4151 
0 0 2103 0 2 0 0 0 
0 0 0 0 0 24233 15 0 
0 1 0 103 329 3069 112 304 
146 0 0 0 0 0 330 5114 
15 4 191 6 398 11246 7059 1805 
2 2 0 0 0 835 1042 0 
1 1 0 0 0 0 373 2081 
339 9 8 1328 36 1232 344 41 
0 0 0 0 0 0 1345 3 
0 1464 0 0 3 1594 0 14 
0 690 0 1 0 1 0 0 
0 0 8213 1 523 420 1 87 
0 0 0 2 55 14565 0 0 
0 14 0 0 3 5415 0 597 
0 0 290 0 98 328 462 91 
0 0 169 0 1329 10916 84 0 
0 9691 0 0 0 0 0 130 
2241 0 0 0 0 0 0 0 
1 0 1204 0 0 0 0 0 
204 0 0 0 344 0 36 68 
0 0 0 0 0 0 60 1281 
0 0 0 0 0 0 3980 369 
6852 0 0 0 0 0 0 5 
0 2205 0 0 97 0 27 0 
53 2 2359 43 0 1062 219 297 
1545 0 0 0 0 0 0 3 
1235 0 0 0 0 28 476 3387 
0 0 0 0 0 0 26 760 
0 4 0 0 0 1 2750 1202 
0 195 2 0 0 178 165 121 
0 0 0 0 0 2 0 470 
36 4591 3110 22 0 10 0 7 
23 0 0 0 0 3 17 887 
6 0 2704 75 0 3119 3 0 
0 0 574 0 0 1 0 0 
0 2 0 6 1 277 444 889 
0 0 4150 4 0 0 1 0 
0 0 0 0 52 6961 0 0 
0 0 97 0 28 11558 487 10 
4 829 4194 0 0 0 0 1 
245 4 221 0 0 0 0 0 
0 0 180 0 0 4684 0 0 
0 0 0 0 0 0 2225 0 
0 0 2780 12 0 0 0 0 
0 4901 0 0 0 0 0 0 
0 0 0 0 2 0 1051 0 
214 0 0 0 1 1 233 0 
0 0 0 1 0 0 0 384 
0 256 917 0 0 4066 360 622 
0 0 1806 47 0 0 6 0 
95 0 1 0 0 844 266 577 
0 12 0 6 0 240 2244 5 
0 0 0 0 0 2726 0 0 
1 0 0 0 0 1079 438 0 
282 0 1 0 0 0 0 1708 
0 1102 0 0 0 0 0 0 
0 348 0 0 0 0 0 0 
32 0 0 0 1 0 41 2655 
0 2 184 0 1 6 3 828 
0 15 0 0 0 0 144 234 
0 493 6 0 0 1 0 129 
0 0 0 85 3 1129 0 2 
2 7 0 1 0 0 1487 0 
0 0 0 0 0 0 73 1871 
0 0 1 0 0 0 285 529 
87 0 0 0 0 0 0 444 
1 0 59 6 0 1300 507 0 
0 1 2 0 0 652 0 89 
0 190 2 0 1 547 221 0 
0 0 0 0 0 2 97 1237 
2 562 0 0 0 384 2 8 
0 0 0 0 0 0 1537 1084 
0 0 0 0 0 2054 0 0 
0 0 0 0 1 109 1323 126 
477 0 165 0 0 0 0 0 
357 2 0 0 0 0 0 40 
0 0 0 0 0 13918 0 0 
0 1 79 0 17 9 11 373 
1 0 192 0 39 2307 0 1 
0 0 24 69 401 117 0 0 
0 0 319 7 0 0 2 0 
6 0 58 0 0 0 164 0 
459 0 0 0 1 0 369 1 
0 1067 0 3 0 0 2 0 
0 0 0 0 0 402 899 95 
0 0 0 0 1498 1204 31 0 
58 0 0 0 28 0 0 872 
0 0 0 0 0 786 216 0 
37 2 62 0 0 5 259 15 
150 95 1 0 0 0 120 11353 
6 2 0 0 0 0 83 1596 
0 1890 5 4 191 0 342 5 
0 0 0 1 0 0 0 2162 
335 315 711 0 0 116 638 0 
0 1 0 1 0 0 0 415 
0 0 1 0 0 57 80 2929 
0 0 0 0 0 4428 0 38 
0 0 962 0 0 21 1 0 
202 504 0 0 0 0 0 95 
0 1453 0 0 0 24 0 0 
0 0 0 0 0 206 257 0 
0 0 0 0 0 0 115 1887 
0 0 0 0 855 0 0 0 
0 409 0 645 0 0 27 0 
310 60 0 2 0 0 0 0 
1521 1 0 0 2 1 1 0 
2558 307 2 0 0 1 0 197 
1 0 0 0 0 0 340 558 
4 7382 2 0 0 0 1 48 
0 0 18 0 2239 42 0 2 
617 13598 24 0 2 0 4 4 
67 1933 2 0 0 2759 64 2217 
1338 3 0 0 0 0 0 3441 
191 0 104 0 0 0 1 365 
153 6807 0 0 0 0 0 0 
13001 0 0 5 5 0 0 451 
0 0 6 0 0 0 0 1520 
0 0 0 0 0 34 3480 73 
5 5171 2 17 0 38 0 1255 
2362 95 0 2 0 0 2 0 
89 136 1338 3 18 148 0 0 
0 0 0 0 0 0 657 1 
0 0 0 0 0 1025 6906 1948 
0 0 0 0 0 0 152 61 
0 0 0 0 1 103 4837 0 
0 0 0 2 0 15104 0 0 
