48 12 60 21 7 0 0 57 37 11 3 5 104 0 34 165 123 5 138 20 0 0 0 0 57 14 1 0 4 6 54 0 34 14 4 5 9 16 0 11 17 17 70 85 108 0 14 145 10 0 5 0 0 36 0 16 48 106 70 7 117 18 0 25 22 5 43 95 116 0 12 0 110 6 6 8 15 7 43 7 55 14 24 0 5 5 0 72 16 43 0 20 0 40 4 6 41 29 0 0 
52 22 0 0 0 64 21 2 0 0 126 99 0 91 0 2 0 1 0 5 38 42 57 103 0 0 24 78 73 0 0 24 0 0 0 52 0 121 71 0 0 0 0 0 32 62 0 2 0 5 0 16 52 4 27 0 2 0 0 29 0 0 5 0 0 14 0 28 24 29 0 18 0 0 103 0 53 14 3 0 0 54 0 45 66 60 0 0 0 0 49 0 0 4 80 15 0 0 31 79 
0 0 0 75 0 0 0 0 72 74 0 0 78 0 0 0 0 58 0 0 0 0 0 0 0 0 0 0 1 9 4 0 0 82 0 0 0 0 0 0 0 0 2 0 0 0 81 0 73 0 0 6 0 15 1 94 0 0 0 8 88 8 0 51 52 0 2 0 0 0 7 0 0 0 0 33 0 0 20 0 0 0 1 0 3 0 0 0 11 0 0 0 0 18 0 12 0 8 0 0 
0 0 0 0 0 0 0 49 0 1 0 0 4 0 1 4 0 0 0 37 0 0 0 0 0 0 0 5 0 16 0 0 0 0 8 3 0 0 0 0 7 36 7 0 1 0 0 0 0 0 0 0 0 0 0 0 0 0 0 0 2 0 0 0 10 0 0 0 9 18 45 0 5 0 0 0 0 0 57 0 0 0 56 0 0 0 1 26 0 0 0 0 0 1 0 0 0 0 0 0 
0 0 0 14 0 0 0 0 25 0 0 0 0 0 0 0 0 11 0 0 0 0 0 0 0 0 14 0 0 0 3 0 0 0 0 0 0 0 0 0 0 0 0 0 0 0 0 0 0 6 0 0 0 9 0 0 0 0 0 0 0 14 0 0 0 0 6 0 0 0 1 0 0 0 0 1 0 0 0 0 0 0 0 0 0 0 0 0 30 0 0 0 0 18 0 0 0 18 0 0 
0 75 0 0 0 0 0 0 0 0 0 0 0 0 0 0 0 0 0 0 3 0 1 0 0 0 0 0 0 0 0 0 0 0 0 13 0 0 0 0 0 0 0 0 0 0 0 0 0 0 0 0 0 0 0 0 0 0 0 0 0 0 47 0 0 46 0 0 0 0 0 0 0 0 0 0 41 0 0 0 0 32 0 0 0 0 0 0 0 0 0 0 0 0 5 0 0 0 0 0 
0 0 0 0 105 0 6 0 3 0 0 0 0 0 0 0 0 0 2 0 0 5 0 0 0 15 0 0 0 0 0 0 1 0 19 0 116 0 0 1 5 0 0 5 0 0 0 0 0 7 34 0 0 0 0 1 0 0 0 0 0 0 0 75 0 0 0 0 0 0 0 0 0 57 0 6 0 0 0 13 0 0 0 0 0 0 0 0 0 0 0 8 4 0 0 0 1 0 0 0 
0 0 0 0 0 0 0 0 0 1 0 0 0 0 37 0 0 0 0 0 0 0 0 0 4 46 0 0 0 0 0 0 0 0 34 3 0 0 0 12 6 0 0 15 0 0 0 0 0 0 38 40 0 0 0 0 0 0 0 0 2 0 0 0 0 0 0 0 0 0 0 0 0 30 0 0 0 6 0 27 0 0 0 0 0 0 53 2 0 1 0 52 0 0 0 0 0 0 0 0 
0 0 0 5 0 0 0 0 12 0 0 0 0 0 0 0 0 0 0 0 0 0 0 0 0 0 0 0 0 0 0 0 0 0 0 0 0 0 0 0 0 0 0 0 0 0 0 0 0 8 0 0 0 8 0 20 0 0 0 0 4 0 0 62 0 0 0 0 0 0 0 0 0 0 0 60 0 0 0 0 0 0 0 0 0 0 0 0 0 0 0 0 12 6 0 0 0 9 0 0 
0 0 0 0 18 8 0 0 0 0 0 0 0 0 16 0 0 0 0 0 0 0 0 0 19 26 0 0 0 0 19 0 0 0 32 0 15 0 0 58 28 0 0 4 2 0 0 0 0 0 11 0 0 0 0 0 0 0 0 0 0 0 0 10 0 0 12 0 0 0 0 0 0 23 0 0 0 34 0 0 0 0 0 0 0 0 4 0 0 28 0 14 0 0 0 0 17 0 0 0 
0 0 0 0 0 0 0 0 0 2 0 0 0 0 0 0 0 0 0 0 0 0 0 0 0 0 0 0 8 4 0 0 0 0 0 0 0 0 0 0 0 0 4 0 0 0 2 0 2 0 0 0 0 0 0 0 0 0 0 7 0 0 0 0 6 0 0 0 0 0 0 0 0 0 0 0 0 0 6 0 0 0 3 0 8 0 0 0 1 0 0 0 0 0 0 14 0 0 0 0 
