2 2 2035 0 5489 2139 0 23 
0 0 0 2 0 44436 185 0 
0 0 0 83 439 7319 4154 94 
2 3535 2840 0 0 0 0 53 
179 0 0 0 0 0 0 8612 
1630 205 0 0 0 0 105 7723 
0 1 0 0 55 15840 0 15 
10 81 1 8 2 0 0 1398 
115 0 0 0 0 230 492 10266 
7 0 101 0 579 8789 11254 2652 
0 0 13 0 0 0 1646 51 
0 0 0 0 0 510 1477 811 
0 2317 13 0 0 1359 0 349 
0 0 714 0 0 205 4700 2 
0 0 0 0 2333 9213 272 5 
0 9005 0 1 5 0 0 214 
14 3844 4123 0 32 270 106 1 
2530 0 0 0 0 1 0 337 
0 0 57 0 0 6193 2631 0 
0 0 9610 0 291 101 4 0 
1 0 0 0 0 0 0 2813 
0 0 0 0 0 0 118 2868 
2947 0 0 0 0 0 0 55 
472 0 1 0 0 0 304 17826 
40 0 2215 35 1 0 0 4214 
0 11360 172 0 0 0 0 0 
0 0 0 18 458 0 0 0 
539 1876 0 0 0 1 86 651 
0 0 1 3 192 7727 0 0 
0 0 0 0 0 0 2095 4 
500 1 220 0 7 4 164 542 
0 0 30 0 7 9289 832 2 
0 0 0 0 1 944 726 256 
0 0 0 0 0 3650 153 0 
0 0 0 0 15 0 419 815 
3678 5 1 0 0 1 0 2316 
0 0 184 0 0 4 57 1251 
0 0 0 0 1 7931 685 0 
0 0 4345 132 97 217 0 0 
0 4822 0 1 0 0 0 0 
0 147 3233 1 0 1227 0 0 
0 0 1 0 0 0 171 2335 
0 0 0 0 0 0 1 1237 
0 0 2 0 0 0 137 1211 
1 0 0 0 0 664 0 143 
0 0 684 0 0 0 0 0 
0 0 0 0 1 0 1108 2061 
0 1 0 0 0 1594 0 0 
0 0 0 0 0 0 493 280 
0 0 0 0 0 191 2593 87 
0 0 870 0 0 2 0 877 
1 0 4276 0 0 0 0 0 
0 7975 0 3 0 0 0 0 
0 8749 5103 0 1 0 0 778 
303 0 0 0 0 0 3471 2003 
6 0 7 0 0 0 5542 557 
0 0 1366 0 0 1 0 0 
0 1 0 0 0 0 0 854 
999 18 102 1 0 607 142 102 
0 0 0 0 0 0 0 1727 
0 0 0 26 0 0 0 733 
0 0 0 0 9 0 113 1266 
0 6439 0 0 0 0 0 0 
1 0 1 0 3 0 219 0 
0 70 0 0 76 139 1357 81 
1 935 0 0 1 0 0 126 
2 80 1 0 0 140 455 413 
0 0 142 0 1128 9420 0 0 
0 0 0 0 0 24414 0 0 
360 273 174 12 26 4 0 0 
1 1 0 0 0 0 352 308 
0 0 39 0 85 543 150 80 
0 0 0 0 0 0 21 1418 
1 557 0 6 0 1 0 798 
78 0 732 48 13 78 315 91 
0 0 0 0 0 0 821 0 
0 0 0 182 661 0 0 0 
8344 0 0 0 0 0 0 132 
0 37 583 0 14 2 0 0 
1 0 0 0 1 0 77 224 
5750 85 0 0 0 0 3 0 
55 3 0 0 5 0 0 508 
5 0 0 3 0 0 60 2232 
0 1752 110 1 0 6360 6 0 
11126 0 0 0 0 0 0 74 
0 0 0 0 0 21146 236 0 
400 14586 8 0 0 2 161 0 
0 0 0 0 0 0 3681 85 
