0 0 2833 1 2631 2841 32 793 
0 0 0 0 0 48181 147 0 
0 0 5 50 472 5672 6938 192 
0 3674 2284 2 0 8 0 360 
199 0 0 0 0 0 0 8626 
1423 212 0 1 0 0 177 7822 
0 0 23 0 64 22458 0 22 
14252 0 0 0 0 3 0 69 
95 0 0 0 0 169 488 10373 
34 0 120 3 598 9100 10892 2613 
465 15323 0 0 0 0 528 0 
0 0 0 0 2 523 1380 867 
0 2375 1 16 0 1344 0 331 
1 2 911 1 0 201 5901 0 
0 0 0 0 73 22811 229 0 
1 9700 5 0 0 0 1 244 
441 1763 1532 0 0 3140 741 188 
2463 0 0 0 0 1 0 396 
0 1 85 0 2 6311 2594 1 
1 0 9189 0 797 87 0 1 
8 0 0 0 0 0 5 3959 
0 0 0 0 0 0 114 2884 
2869 0 0 0 0 0 0 83 
590 0 1 0 0 0 268 17506 
0 0 0 0 2584 7289 229 0 
102 0 818 1 0 46 1678 4023 
0 12328 166 0 0 17 31 0 
28 119 0 0 110 83 57 77 
491 1647 0 0 0 0 628 506 
0 0 2 0 192 8633 0 0 
0 0 0 0 1 0 3263 5 
489 0 233 0 0 0 148 576 
0 0 19 0 7 9388 776 0 
0 0 0 0 0 950 751 249 
0 1 0 0 0 3552 135 0 
0 0 0 0 21 0 403 825 
2970 0 0 0 1 0 0 2999 
0 0 26 0 3 1 501 828 
0 0 1355 0 0 7998 576 91 
0 0 4459 121 99 158 1 0 
0 4784 0 0 0 0 0 1 
0 143 3675 0 0 1268 2 44 
0 1 1 0 0 0 88 2717 
0 0 0 1 0 0 0 1341 
0 0 0 0 0 1 152 1233 
0 4 0 0 5 659 0 151 
0 0 684 0 0 0 0 0 
0 0 3 0 0 0 1317 1816 
0 0 0 0 0 1589 0 0 
0 0 2 0 4 0 451 327 
0 0 0 0 0 195 3087 75 
0 0 809 0 0 3 22 619 
128 573 3233 0 0 12 0 448 
1 6409 0 0 0 0 0 0 
165 8853 4671 0 0 193 26 898 
329 0 0 0 1 0 3226 1941 
0 0 0 0 0 78 5663 595 
0 3 1366 0 0 0 0 1 
0 0 9 0 1 1 0 848 
343 1014 0 0 0 167 276 120 
0 0 0 0 0 0 0 1723 
31 0 5 0 0 4 0 708 
0 0 0 0 0 0 117 1252 
0 6628 0 0 0 1 0 0 
0 0 0 0 0 0 223 1 
0 63 0 0 228 105 1210 74 
0 899 0 2 0 0 0 114 
0 74 4 0 0 102 498 435 
1 0 118 0 1179 9199 0 0 
0 0 0 0 16 20974 25 0 
463 222 154 11 1 1 0 0 
2 0 0 0 0 1 388 271 
0 0 63 5 61 527 184 57 
0 0 0 0 0 0 25 1403 
1 619 0 0 3 0 0 714 
5 591 0 0 83 584 1 84 
0 0 0 0 0 0 523 0 
0 3 0 158 656 0 0 0 
8896 0 0 0 0 0 0 139 
0 0 294 0 1 10 11 320 
0 0 0 1 0 0 87 215 
2654 349 1 0 0 3 0 0 
0 0 6 0 20 0 0 457 
0 0 3 0 0 0 34 1549 
