94 184 0 0 0 139 665 299 392 0 0 0 
0 0 26 462 6 0 0 1 0 0 0 0 
437 0 0 0 106 0 3 0 0 0 4 0 
4 0 0 1 0 0 0 0 0 355 1 1 
374 0 0 0 0 0 0 0 3 5 0 0 
17 287 0 1 10 130 0 0 0 0 0 0 
0 2 0 0 0 293 0 0 1 0 0 0 
704 0 0 5 0 0 0 0 0 0 0 2 
0 0 75 0 0 0 0 0 0 0 0 0 
0 3 310 0 0 3 0 2 2 0 0 0 
0 0 0 0 0 0 264 0 0 1 0 0 
6 0 0 8 70 1 0 0 0 3 0 0 
0 0 61 3 0 0 0 0 0 2 0 0 
1161 0 4 0 0 0 0 0 0 0 0 0 
0 0 0 0 0 0 101 0 1 0 0 0 
282 0 0 0 0 0 0 0 0 0 0 0 
0 104 0 0 0 0 0 0 0 0 0 0 
0 0 80 0 1 0 0 0 0 2 0 0 
0 0 75 0 0 0 0 0 0 0 0 0 
0 0 0 0 84 69 0 0 0 0 0 0 
0 0 0 1 0 0 383 0 1 0 0 0 
0 0 0 0 1 0 326 0 19 0 19 0 
2 1 0 66 0 0 0 0 0 0 0 0 
0 0 5 0 0 0 0 0 2 0 35 0 
0 0 0 0 0 0 0 0 115 0 0 0 
0 0 0 0 3 242 0 2 3 2 0 0 
0 0 23 0 0 41 0 0 0 0 1 0 
0 0 0 1 0 57 0 0 0 0 0 0 
0 0 0 129 0 0 0 0 0 0 0 0 
36 0 0 22 0 0 0 0 0 0 0 0 
113 0 0 0 0 0 0 0 0 0 0 0 
0 0 103 0 0 0 0 0 0 0 0 1 
0 0 0 0 0 0 201 0 0 0 0 0 
153 0 5 0 0 0 0 0 0 0 0 0 
0 0 6 0 0 81 0 0 0 0 0 0 
0 0 63 0 0 99 0 0 11 0 0 0 
0 0 0 0 115 0 0 0 0 0 0 0 
0 0 0 0 0 136 62 0 0 0 0 0 
