486 346 3 0 0 0 382 177 0 0 4 0 
0 0 27 459 9 0 0 0 0 0 0 0 
469 0 0 0 51 12 0 20 0 0 0 0 
2 0 0 0 0 0 0 0 0 359 0 0 
381 0 0 0 0 0 0 0 1 1 0 0 
0 25 1 0 111 292 0 0 13 0 0 0 
0 0 0 0 0 296 0 0 0 0 0 0 
687 4 0 0 0 0 0 0 2 0 0 3 
0 0 76 0 0 0 0 0 0 0 0 0 
1 6 307 0 0 0 0 0 0 0 0 0 
0 0 0 0 0 0 242 0 0 0 0 0 
19 0 0 0 61 0 2 0 0 0 4 0 
0 0 66 0 0 0 0 0 0 0 0 0 
1161 0 1 0 0 0 0 0 0 0 0 0 
0 0 0 0 0 0 94 0 1 0 0 0 
296 0 0 0 0 0 0 0 0 0 0 0 
0 105 0 0 0 0 0 0 0 0 0 0 
0 0 83 0 0 0 0 0 0 0 0 0 
0 0 72 0 3 0 0 0 0 0 0 0 
0 0 0 1 76 76 0 0 0 0 0 0 
0 0 0 0 0 0 383 0 0 0 0 0 
0 0 0 17 0 2 338 0 0 11 1 0 
0 0 0 0 0 0 69 0 0 0 0 0 
0 1 5 0 0 2 0 7 0 20 0 7 
0 0 0 0 0 0 0 0 110 0 0 0 
0 0 2 0 0 246 0 0 0 0 0 0 
0 0 19 0 5 41 0 0 0 0 0 0 
1 11 0 0 44 0 0 0 0 0 0 0 
0 0 0 128 0 0 0 0 0 0 0 0 
34 0 0 22 0 0 1 0 0 0 0 0 
105 0 0 0 0 0 0 0 0 0 0 0 
0 0 104 0 0 0 0 0 0 0 0 0 
0 0 0 0 0 0 206 0 0 0 0 0 
157 0 0 0 0 0 0 0 1 0 0 0 
0 0 4 0 0 80 0 0 0 0 0 0 
32 0 0 0 0 118 0 0 0 0 1 27 
0 0 0 0 118 0 0 0 0 0 0 0 
0 0 0 0 0 145 61 0 0 0 0 0 
0 0 0 0 0 0 201 111 0 0 0 0 
0 0 0 0 0 0 0 0 105 0 0 0 
