209 81 0 0 0 521 851 208 407 0 0 3 
0 0 42 446 11 0 1 0 0 0 0 0 
99 10 490 13 4 0 0 0 0 2 0 0 
2 0 0 0 0 0 0 0 0 360 0 0 
384 0 0 0 0 0 0 1 0 1 0 0 
1 79 0 0 154 198 16 0 0 0 0 0 
17 0 11 0 1 5 2 11 0 0 0 0 
0 0 0 0 0 299 0 0 0 0 0 0 
698 0 2 0 0 11 1 0 0 10 0 0 
0 0 45 0 0 0 0 0 0 0 0 0 
4 0 299 0 0 0 0 0 0 0 16 0 
0 0 6 0 0 49 0 0 0 0 0 0 
0 0 0 1 0 0 261 0 0 0 0 0 
14 3 46 0 0 0 0 0 0 5 10 0 
0 0 91 0 0 0 0 0 0 2 0 0 
1174 0 20 0 0 0 0 0 0 0 0 0 
0 0 0 0 0 0 52 0 1 0 0 0 
0 0 0 0 0 1 67 0 0 0 0 0 
261 0 0 0 0 0 0 0 0 0 0 0 
0 104 0 0 0 0 0 0 0 0 0 0 
0 0 75 0 0 6 0 1 1 0 0 0 
0 0 47 0 0 0 0 0 0 0 0 0 
0 0 13 0 64 82 0 0 0 0 0 0 
0 0 0 3 0 0 450 0 0 0 0 0 
53 0 0 0 0 0 330 0 0 0 0 0 
0 0 0 0 84 0 0 0 0 0 0 0 
15 0 3 0 0 0 0 0 0 0 0 24 
0 0 0 0 0 0 0 0 102 0 0 1 
0 0 0 0 50 0 0 0 0 0 0 0 
0 0 13 0 0 237 0 0 0 0 0 0 
0 0 47 0 0 197 0 0 0 4 0 0 
0 0 0 0 0 78 2 0 2 0 0 0 
0 0 0 99 34 0 0 0 0 0 0 0 
46 0 0 17 0 0 0 6 0 0 0 0 
99 0 0 0 0 0 0 0 0 0 0 0 
