0 0 0 0 0 259 1687 0 0 10 0 0 
5 0 0 0 390 101 0 0 0 0 0 0 
194 4 0 0 0 0 5 335 0 0 0 0 
0 0 15 0 0 3 0 2 112 227 0 2 
0 0 0 0 0 0 0 0 376 6 0 0 
0 0 0 0 1 448 0 0 0 0 0 0 
24 0 1 0 0 239 0 0 24 0 0 8 
0 0 0 0 0 0 715 0 0 1 0 3 
0 0 0 0 74 0 0 0 0 0 0 0 
0 0 0 0 0 310 0 0 11 0 0 0 
0 8 1 0 16 5 0 157 1 0 77 0 
0 0 0 0 0 0 0 0 86 0 0 0 
1 2 0 0 2 47 0 0 0 3 0 16 
1054 0 82 0 23 0 2 0 0 0 0 6 
1 0 0 0 1 1 0 0 101 0 0 0 
1 0 212 0 0 0 57 0 5 0 0 2 
0 0 0 0 0 104 0 0 0 0 0 0 
0 0 83 0 0 0 0 0 0 0 0 0 
0 0 0 0 0 0 0 0 72 0 0 0 
40 114 0 0 0 5 0 0 0 0 0 0 
1 0 0 0 0 0 157 68 114 0 39 0 
0 0 0 0 0 363 0 0 0 0 0 1 
0 0 0 0 0 0 0 0 0 66 0 0 
0 0 0 0 0 42 0 0 0 0 0 0 
0 0 0 0 0 0 0 0 94 21 0 0 
0 64 0 8 92 76 0 0 0 1 8 0 
2 0 58 0 0 0 0 0 0 0 0 4 
0 20 10 0 1 0 38 0 0 0 2 0 
0 0 102 0 0 0 0 0 26 0 0 0 
72 0 0 0 0 0 0 0 0 0 0 0 
0 0 10 41 35 0 0 0 21 0 0 5 
50 0 41 0 4 0 0 0 2 0 6 2 
7 0 22 1 34 6 0 0 100 0 0 31 
0 0 4 0 4 86 0 0 0 62 0 0 
0 0 82 0 0 0 0 0 0 0 0 0 
137 0 1 1 0 4 0 0 15 0 17 0 
0 1 0 0 104 7 0 0 6 0 0 0 
