1 2 0 0 0 235 1590 0 0 1 0 14 
0 0 0 1 413 81 0 0 0 0 0 0 
241 0 3 0 0 0 0 306 0 0 0 0 
0 0 4 0 2 0 0 0 110 245 0 1 
0 0 0 0 0 0 0 0 380 4 0 0 
0 0 0 0 1 445 0 0 0 0 0 0 
95 22 0 0 0 148 0 0 31 0 0 0 
0 0 0 0 0 0 713 0 0 0 2 0 
0 0 0 2 73 0 0 0 0 0 0 0 
0 17 0 0 0 239 0 0 0 57 7 0 
0 1 0 0 92 18 0 151 0 0 3 0 
0 2 0 0 0 0 0 0 86 0 0 0 
0 8 0 0 0 57 0 0 0 0 1 0 
927 0 130 28 9 0 75 0 0 0 0 0 
0 0 0 0 0 0 0 0 101 0 2 0 
0 0 232 1 0 0 42 0 1 0 0 0 
0 0 1 0 0 103 0 0 0 0 0 0 
0 0 83 0 0 0 0 0 0 0 0 0 
0 0 0 0 0 0 0 0 75 0 0 0 
67 85 0 0 1 0 0 0 0 0 0 0 
0 4 3 0 0 5 128 113 124 0 1 6 
0 0 2 10 0 329 0 9 16 0 0 0 
0 0 0 0 0 0 0 0 0 69 0 0 
0 0 0 0 0 42 0 0 0 0 0 0 
0 0 0 0 0 0 0 2 105 0 8 0 
0 27 0 11 51 109 0 1 0 7 43 2 
0 0 65 0 0 0 0 0 0 0 0 0 
0 7 0 27 0 0 43 0 2 0 0 0 
2 0 88 0 0 0 0 0 39 0 0 0 
54 2 0 0 0 0 0 0 0 0 0 0 
42 58 0 0 13 0 0 0 0 0 0 0 
92 0 0 0 0 0 0 0 12 0 0 0 
12 1 0 126 55 0 0 2 0 2 0 0 
1 0 0 0 0 73 0 0 0 84 0 0 
0 0 86 0 0 0 0 0 0 0 1 0 
58 0 0 0 0 0 19 0 0 0 95 0 
0 28 0 0 63 7 0 6 0 11 0 0 
0 0 0 0 0 13 87 0 0 0 0 8 
