1996 0 2 0 0 0 0 21 0 4 
0 0 22 379 10 1 16 0 0 0 
393 0 0 0 2 0 0 0 0 2 
91 0 0 0 0 0 0 0 0 0 
346 1 0 0 0 0 0 0 0 132 
0 510 0 0 3 4 0 0 0 0 
1 0 0 0 7 0 0 0 0 193 
1 0 0 0 0 191 0 0 0 0 
0 1 46 1 0 0 0 0 0 0 
721 0 0 0 0 0 0 0 0 0 
0 0 80 90 0 0 0 0 0 1 
0 0 71 0 0 0 0 0 0 0 
0 0 265 0 0 5 0 0 0 0 
0 0 6 0 0 91 0 0 0 0 
1001 0 0 0 0 0 0 0 0 0 
34 0 17 0 0 0 0 0 0 0 
0 0 0 0 0 0 0 0 0 74 
0 0 344 0 0 0 0 0 0 0 
0 0 2 0 73 86 0 0 0 0 
0 0 80 0 0 1 21 0 0 0 
0 0 0 0 53 0 0 0 0 0 
0 0 0 0 64 0 0 0 0 0 
0 0 25 0 0 45 0 0 0 0 
0 0 0 64 0 0 0 0 0 0 
36 0 1 0 0 0 0 198 0 1 
0 0 0 0 0 6 0 0 70 0 
0 35 0 0 0 0 0 2 115 0 
0 18 0 0 4 0 211 0 0 0 
0 0 0 0 0 0 161 0 0 0 
0 0 0 21 3 0 0 20 9 28 
0 0 106 0 153 0 0 0 1 0 
0 3 0 13 0 12 0 0 1 60 
0 0 0 0 2 0 254 18 0 0 
0 1 0 0 1 41 507 0 0 0 
0 0 0 0 0 201 0 0 0 0 
0 0 0 0 0 0 0 0 0 60 
0 0 3 0 71 0 1 0 0 6 
0 0 0 0 1 0 0 0 199 0 
0 0 0 0 52 0 0 0 0 0 
0 1 0 0 0 82 0 0 0 0 
