0 0 0 0 3 421 1601 0 7 0 
0 0 0 0 367 62 0 0 0 0 
60 0 4 0 0 0 0 331 1 0 
7 0 85 0 0 0 0 0 0 0 
0 0 0 0 1 0 0 0 469 8 
0 0 0 0 1 516 0 0 0 0 
0 0 0 0 0 0 0 0 0 204 
0 14 7 0 0 171 0 0 0 1 
1 0 45 0 0 0 0 0 0 0 
0 0 0 0 0 0 701 0 1 0 
0 0 55 0 0 0 3 0 113 0 
0 0 0 0 71 0 0 0 0 0 
0 243 0 2 0 1 0 1 23 0 
1 0 96 0 0 0 0 0 0 0 
575 0 1 0 0 0 433 1 0 0 
35 15 0 1 0 0 0 0 0 0 
0 0 0 0 0 0 0 0 74 0 
0 0 344 0 2 0 0 0 0 0 
22 0 0 0 1 0 1 3 0 134 
0 0 0 0 0 103 0 0 0 0 
0 4 0 0 47 0 0 0 0 2 
0 0 0 0 0 8 0 0 0 56 
2 0 66 0 2 0 0 0 0 0 
0 0 0 0 58 0 0 4 1 0 
0 0 0 0 1 4 0 2 0 227 
0 2 21 0 0 0 4 0 0 49 
0 0 0 0 0 0 108 44 0 0 
0 0 0 42 0 0 0 0 191 0 
8 0 0 0 0 0 6 65 0 82 
0 2 0 0 72 0 2 0 0 5 
175 0 80 0 5 0 0 0 0 0 
0 0 14 0 0 1 0 1 73 0 
0 0 0 2 0 0 0 0 270 2 
0 2 0 0 0 0 547 0 0 0 
0 0 0 4 3 8 88 94 0 5 
28 0 0 31 0 0 0 0 1 0 
0 0 0 1 0 0 80 0 0 0 
0 13 0 10 0 4 0 0 172 1 
1 1 0 0 5 0 0 0 45 0 
0 0 19 28 0 30 0 5 0 0 
