533 242 0 0 0 0 453 168 0 0 0 0 
0 0 32 454 9 0 0 0 0 0 0 0 
346 17 0 0 85 0 1 0 0 89 0 0 
3 0 0 0 0 0 0 0 0 357 0 0 
381 0 0 0 0 0 0 0 0 1 0 0 
0 198 0 0 41 179 0 25 0 0 0 0 
0 0 0 0 0 296 0 0 0 0 0 0 
694 0 0 0 0 10 1 0 0 0 0 0 
0 0 68 0 0 5 0 3 0 0 1 0 
0 0 310 0 0 0 0 0 1 0 0 2 
0 3 0 0 0 0 235 1 0 0 0 0 
3 0 0 3 80 0 0 0 0 0 0 0 
0 0 64 0 0 0 0 2 0 0 0 0 
1159 0 2 0 0 0 0 0 0 0 0 0 
0 0 0 0 0 0 103 0 1 0 0 0 
288 0 0 0 0 0 0 0 0 0 0 0 
0 105 0 0 0 0 0 0 0 0 0 0 
0 2 81 0 0 0 0 0 0 0 0 0 
0 0 73 0 0 0 0 2 0 0 0 0 
0 0 0 0 74 75 2 0 1 0 0 1 
0 0 0 0 0 0 364 0 2 0 0 0 
0 0 0 0 0 0 368 0 0 0 0 0 
0 0 1 0 0 0 68 0 0 0 0 0 
0 0 0 0 6 0 32 0 4 0 0 0 
0 0 0 0 0 0 0 0 110 0 0 0 
1 0 0 0 0 249 0 0 0 0 0 0 
0 0 24 0 0 41 0 0 0 0 0 0 
3 0 15 0 0 0 0 38 0 0 0 0 
1 0 0 126 0 0 0 0 1 0 0 0 
31 0 1 40 0 0 0 0 0 0 0 0 
105 0 0 0 0 0 0 0 0 0 0 0 
0 0 104 0 0 0 0 0 0 0 0 0 
0 0 0 0 0 0 213 0 0 0 0 0 
123 0 1 0 0 0 0 32 0 4 0 0 
0 0 4 0 0 80 0 0 0 0 0 0 
55 0 0 0 0 42 65 13 0 2 0 1 
0 0 0 0 118 0 0 0 0 0 0 0 
0 0 0 0 0 153 52 0 0 0 0 0 
0 1 0 0 3 0 174 130 0 0 0 8 
0 0 0 0 0 0 0 0 105 0 0 0 
