310 141 0 0 0 0 378 174 489 0 0 3 
0 0 35 456 4 0 0 0 0 0 0 0 
491 0 0 0 41 0 0 11 0 0 7 1 
4 0 0 0 0 0 0 0 0 359 0 0 
379 0 0 0 0 0 0 0 0 2 0 0 
0 131 0 0 71 240 0 0 0 0 0 0 
1 0 0 0 0 295 0 0 0 0 0 0 
711 0 0 4 0 0 0 0 0 0 0 0 
0 0 74 0 0 0 0 0 2 0 0 0 
1 0 309 0 0 0 0 0 0 3 0 0 
0 0 0 0 0 0 249 0 0 0 0 0 
1 0 2 0 81 0 1 0 1 0 0 0 
0 0 66 0 0 0 0 0 0 0 0 0 
1163 0 3 0 0 0 0 0 0 0 0 0 
0 0 0 0 0 0 97 0 1 0 0 0 
288 0 0 0 0 0 1 0 0 0 0 0 
0 102 0 0 0 0 0 0 0 0 0 0 
0 0 83 0 0 0 0 0 0 0 0 0 
0 0 75 0 0 0 0 0 0 0 0 0 
0 0 1 0 63 89 0 0 0 0 0 0 
0 0 0 0 0 0 379 0 0 0 0 0 
0 0 0 0 0 0 348 0 0 18 0 0 
7 0 0 16 0 0 41 0 5 0 0 0 
2 0 0 0 0 1 1 0 9 0 28 1 
0 0 0 0 0 0 0 0 114 0 0 0 
0 0 0 1 0 250 0 0 0 0 0 0 
0 0 36 0 0 28 0 0 0 1 0 0 
0 0 1 0 0 32 3 0 20 0 0 0 
0 0 0 128 0 0 0 0 0 1 0 0 
23 0 0 29 1 2 0 0 0 3 0 0 
106 0 0 0 0 0 0 0 0 0 0 0 
0 0 102 0 0 0 0 0 0 0 0 0 
0 0 0 0 1 0 205 0 0 0 0 0 
157 0 0 0 1 0 0 0 0 0 0 0 
0 0 4 0 0 79 0 0 0 0 0 0 
1 0 0 0 0 136 0 30 1 0 1 4 
0 0 1 0 117 0 0 0 0 0 0 0 
0 0 0 0 0 154 50 0 0 0 0 2 
0 0 0 0 0 0 191 107 0 1 5 0 
