0 0 0 2 12 500 1550 0 0 0 
0 0 0 0 377 75 0 0 0 0 
98 0 0 0 0 0 0 299 8 0 
6 0 86 0 0 0 0 0 0 0 
0 0 0 0 0 0 0 0 496 16 
0 0 0 0 2 515 0 0 0 0 
2 0 2 0 0 0 0 0 0 190 
0 11 10 2 0 169 61 0 34 0 
0 0 84 0 0 0 0 0 0 0 
0 0 0 0 0 0 822 0 0 0 
0 0 66 0 0 1 1 0 108 0 
0 0 0 0 71 0 0 0 0 0 
0 0 0 0 18 118 0 78 23 35 
0 0 0 0 0 0 0 1 100 0 
0 0 94 0 0 0 1 2 0 0 
0 7 0 0 0 0 0 73 62 10 
543 1 17 0 0 0 398 0 0 0 
30 17 0 0 0 0 0 0 0 0 
0 0 0 0 0 1 0 0 119 0 
0 0 352 0 6 0 0 2 3 2 
8 0 6 3 0 0 0 1 0 151 
0 0 0 0 0 88 0 0 0 0 
0 0 0 0 82 1 4 3 4 0 
0 0 0 0 8 8 0 0 0 51 
0 0 237 0 0 0 10 0 0 0 
0 0 0 0 59 0 0 0 0 0 
0 0 0 0 0 0 0 0 36 206 
0 2 0 0 2 0 0 0 0 72 
0 0 0 6 0 0 110 20 0 0 
0 0 1 0 0 0 484 5 4 0 
0 0 0 0 52 0 0 15 93 0 
0 7 5 0 10 4 6 0 0 0 
162 0 100 0 0 0 0 3 0 0 
2 3 3 54 0 1 0 24 1 0 
0 0 10 1 0 0 178 0 0 1 
1 0 0 0 0 0 17 0 4 0 
0 0 0 1 0 55 204 0 0 1 
