1974 0 1 0 0 0 0 39 0 1 
0 0 37 361 13 0 25 0 0 0 
406 0 0 0 0 0 0 0 3 0 
86 0 0 0 0 0 0 0 0 0 
356 0 0 0 0 0 0 0 0 129 
0 491 0 0 11 14 0 0 0 0 
0 5 0 0 0 0 0 0 0 188 
0 0 1 0 0 278 0 0 0 0 
0 0 47 0 0 0 0 0 0 0 
720 2 0 0 0 0 0 0 1 0 
0 0 82 84 0 1 0 0 1 0 
0 1 65 0 0 0 0 0 1 4 
0 0 269 0 0 0 0 0 0 1 
0 2 9 0 0 85 0 0 0 0 
1001 0 0 0 0 0 0 0 0 0 
41 1 13 0 0 2 0 0 0 0 
0 0 0 0 0 0 0 0 0 74 
0 0 321 0 0 0 8 3 1 0 
0 0 0 0 52 114 0 0 0 0 
20 1 76 0 0 0 0 0 0 0 
2 0 0 0 96 0 0 0 0 0 
0 0 0 0 62 2 0 0 0 0 
0 0 38 0 0 45 0 0 0 0 
0 0 0 58 0 0 0 0 0 0 
43 0 0 0 9 9 1 169 0 0 
1 0 0 0 0 0 0 0 75 0 
3 39 0 2 0 0 0 1 107 0 
0 0 0 0 0 0 277 0 0 0 
0 0 1 0 0 1 160 0 0 0 
1 0 10 0 68 0 9 0 0 0 
0 0 152 1 111 0 0 0 0 0 
0 49 1 0 35 0 0 3 0 0 
1 0 0 0 0 0 254 18 0 0 
0 0 0 0 0 30 475 0 0 3 
1 0 0 0 0 192 0 0 0 0 
0 0 0 0 0 0 0 0 0 61 
0 0 38 0 16 0 12 0 0 15 
0 0 0 2 0 0 0 0 198 0 
