131 129 0 0 0 453 759 207 291 0 1 0 
0 0 37 448 14 0 0 0 1 0 0 0 
395 0 1 0 122 0 4 0 0 17 0 0 
7 0 0 0 0 0 0 0 0 356 0 0 
361 0 0 2 0 0 0 0 0 5 0 0 
0 179 64 0 75 119 0 0 0 8 0 3 
0 0 0 0 0 295 0 0 0 0 0 0 
719 0 0 0 0 0 0 0 0 0 0 1 
0 0 74 0 0 0 0 1 0 1 0 0 
0 0 315 0 0 4 0 0 0 3 0 0 
0 0 0 0 0 0 264 0 0 0 0 0 
20 0 0 0 66 0 0 0 0 0 0 0 
1 0 70 0 0 0 0 0 0 0 0 0 
1171 0 1 0 0 0 0 0 0 0 1 0 
0 0 0 0 0 0 112 0 1 0 0 0 
267 0 0 0 0 0 0 0 0 0 0 0 
0 104 0 0 0 0 0 0 0 0 0 0 
0 2 77 0 0 0 0 0 0 0 0 4 
0 0 72 0 0 0 0 0 0 0 0 0 
0 0 0 0 56 95 0 0 2 0 0 0 
0 0 0 0 0 0 384 0 0 0 0 0 
8 0 2 1 0 0 345 7 0 0 0 0 
0 2 0 0 123 0 0 0 0 0 0 4 
0 0 0 0 0 6 0 23 1 0 12 0 
0 0 0 0 0 0 0 0 112 0 0 0 
1 0 0 0 49 0 0 0 0 0 0 0 
0 0 0 0 0 252 0 0 0 0 0 3 
0 0 18 0 0 44 0 0 1 0 0 0 
0 0 0 0 6 69 0 0 0 0 0 1 
0 0 0 128 0 0 0 0 0 0 0 0 
44 0 0 24 1 0 0 1 0 0 0 0 
119 0 0 0 0 0 0 0 0 0 0 0 
0 2 102 0 0 0 0 0 0 0 0 0 
0 0 0 0 0 0 192 0 0 0 0 0 
152 0 0 0 0 0 0 0 0 0 4 1 
0 0 7 0 0 75 0 0 0 0 0 0 
0 0 1 0 0 155 0 0 0 3 6 0 
