0 0 2 0 0 153 1250 0 0 0 0 0 
0 0 0 0 411 84 0 0 0 0 0 0 
173 0 0 0 0 0 0 363 0 0 1 0 
0 0 14 0 0 1 2 0 147 197 0 0 
0 0 0 0 0 0 0 0 378 3 0 0 
0 0 0 0 3 438 0 0 0 0 0 0 
0 16 6 0 0 267 0 0 0 0 0 7 
0 0 0 5 0 0 694 0 0 0 0 0 
0 0 0 0 77 0 0 0 0 0 0 0 
89 0 15 0 0 49 0 1 1 1 0 157 
46 100 12 1 0 0 31 32 0 0 18 0 
0 0 0 0 6 0 7 0 72 0 1 0 
4 0 10 0 0 0 0 52 0 0 0 0 
976 0 179 0 0 0 7 0 0 0 0 0 
0 0 0 6 0 0 0 0 99 0 0 0 
0 0 218 0 0 0 72 0 0 0 0 0 
0 0 0 0 0 105 0 0 0 0 0 0 
0 0 84 0 0 0 0 0 0 0 0 0 
0 0 0 0 0 0 0 0 75 0 0 0 
30 123 0 0 0 0 0 0 0 0 0 0 
3 0 0 34 0 0 217 24 46 0 38 0 
0 0 0 5 0 361 0 0 3 0 0 0 
0 0 0 0 0 0 0 0 0 69 0 0 
0 0 0 0 0 42 0 0 0 0 0 0 
7 0 0 0 0 0 0 0 100 0 0 3 
0 0 0 0 146 83 0 0 21 0 0 0 
0 0 63 0 0 0 0 0 0 0 2 0 
0 0 0 0 0 0 56 0 0 0 0 0 
0 0 102 1 0 0 0 0 24 0 0 0 
72 0 0 0 0 0 0 1 0 0 0 0 
0 0 1 0 58 0 0 5 27 0 14 0 
104 0 0 0 0 0 0 0 0 0 0 0 
0 0 0 0 5 0 211 0 0 0 0 0 
0 0 0 2 4 60 0 0 0 92 0 0 
0 0 83 0 1 0 0 0 0 0 0 0 
0 0 0 0 0 119 0 0 0 0 46 9 
0 2 0 0 79 34 0 0 0 0 0 3 
0 0 1 3 6 0 180 0 0 2 1 12 
0 0 0 0 0 14 0 251 1 50 0 0 
0 0 0 0 0 0 105 0 0 0 0 0 
