0 0 0 3 0 171 1220 0 0 0 0 0 
2 0 0 2 418 66 4 0 0 0 0 0 
283 0 0 0 0 0 0 269 0 0 0 0 
0 0 14 0 0 0 1 0 122 224 0 0 
0 0 0 0 0 0 0 0 375 8 0 0 
0 0 0 0 1 441 0 0 0 0 0 0 
0 71 0 0 9 212 4 0 0 0 0 0 
0 0 0 0 1 0 702 0 0 0 0 0 
0 0 0 0 79 0 0 0 0 0 0 0 
89 0 5 0 24 196 0 0 0 0 0 0 
15 1 69 0 0 0 139 0 0 0 17 0 
0 0 0 0 0 0 0 0 86 0 0 0 
0 2 0 32 0 0 2 30 0 0 0 0 
958 0 178 0 25 0 0 0 0 0 0 0 
0 0 0 0 0 0 0 0 98 0 2 0 
0 0 242 0 0 0 52 0 0 0 0 0 
0 0 2 0 0 103 0 0 0 0 0 0 
0 0 83 0 0 0 0 0 0 0 0 0 
0 0 0 0 0 0 0 2 73 0 0 0 
73 78 0 0 0 0 1 0 1 0 0 0 
0 1 0 0 0 0 85 26 266 0 0 0 
2 1 0 1 6 354 5 0 0 0 0 0 
0 0 0 0 0 0 0 0 0 69 0 0 
0 0 0 0 0 42 0 0 0 0 0 0 
0 2 0 0 0 2 0 0 105 0 0 1 
0 0 0 0 138 64 2 0 44 0 0 0 
0 0 46 1 5 0 0 11 0 0 0 2 
6 10 0 0 15 10 11 0 0 0 4 0 
0 0 88 0 0 0 0 0 40 0 0 0 
57 0 0 0 0 0 0 0 0 0 0 0 
0 14 54 34 0 0 0 2 1 0 0 0 
96 0 0 0 0 0 0 0 3 0 4 1 
0 0 17 0 1 0 106 73 0 10 0 0 
0 0 0 0 0 37 0 13 0 107 1 0 
0 0 84 0 0 0 0 0 0 0 0 0 
0 4 6 38 0 0 0 0 0 1 0 129 
1 0 0 2 104 11 0 0 0 0 0 0 
0 1 6 0 2 0 160 2 8 0 27 0 
31 0 4 11 0 0 23 191 4 48 0 0 
0 0 0 0 0 0 104 0 0 1 0 0 
