2 1 0 0 0 378 1662 0 0 0 
0 0 0 0 377 58 0 0 1 0 
52 0 0 0 0 0 4 348 0 0 
9 0 81 0 0 0 0 0 0 0 
0 0 0 0 0 0 0 0 478 7 
0 0 0 0 3 514 0 0 0 0 
0 0 0 0 0 4 0 0 0 189 
4 94 9 0 1 170 0 0 0 1 
0 0 47 0 0 0 0 0 0 0 
0 0 0 0 0 0 716 1 0 0 
0 1 55 0 0 0 0 0 111 1 
0 0 0 0 69 0 2 0 0 0 
3 4 0 0 63 0 0 27 159 14 
0 0 92 0 4 0 0 0 0 0 
712 0 0 0 0 0 273 0 0 0 
34 17 0 0 0 0 0 0 0 0 
0 0 0 0 0 0 0 0 74 0 
0 0 331 0 2 0 0 0 0 0 
15 0 0 0 0 0 0 0 0 154 
0 0 0 0 0 96 1 0 0 0 
0 0 0 0 94 0 4 0 0 0 
0 0 0 0 0 10 0 0 0 51 
0 0 82 1 0 0 0 0 0 0 
0 0 1 0 50 0 0 7 0 0 
0 0 8 0 14 0 1 0 0 207 
0 0 0 0 1 41 0 0 1 33 
0 0 0 2 5 0 129 15 2 0 
0 11 0 0 0 1 274 1 0 1 
0 16 0 0 99 0 0 0 37 10 
1 0 0 0 84 3 0 0 0 0 
152 0 106 0 0 2 0 0 0 4 
0 85 1 0 0 0 2 0 0 0 
0 0 12 0 2 0 1 1 235 23 
0 0 0 0 0 0 496 0 0 0 
0 0 189 0 1 0 0 0 1 2 
0 0 0 0 0 60 0 1 0 0 
0 0 0 0 0 0 80 1 0 0 
0 0 0 0 0 0 2 0 198 0 
