9 0 0 0 0 457 1521 0 2 0 
0 0 1 0 356 71 0 0 0 0 
62 0 0 6 10 0 2 302 0 0 
7 0 79 0 0 0 0 0 0 1 
0 0 5 0 0 5 0 0 462 4 
0 1 0 0 1 518 0 0 0 0 
0 3 0 0 0 0 3 2 0 198 
0 0 0 0 0 189 0 0 0 5 
0 0 42 0 0 5 0 0 0 0 
0 0 62 0 0 0 0 0 104 3 
0 0 1 0 69 0 0 2 0 0 
0 270 0 0 0 0 0 0 0 0 
8 0 84 0 0 1 4 0 0 0 
571 5 0 0 0 0 319 0 0 3 
44 19 0 0 0 0 0 0 0 0 
0 0 0 0 0 0 1 0 73 0 
0 0 341 0 3 0 0 0 0 0 
20 0 0 0 0 0 0 0 0 145 
0 0 0 0 0 102 0 0 0 0 
0 0 0 0 52 0 0 0 0 0 
2 0 0 0 0 36 0 0 0 73 
0 0 69 0 0 1 0 0 0 0 
0 0 0 0 61 0 3 0 0 0 
0 0 0 0 0 0 3 0 2 232 
0 1 0 0 66 0 1 0 0 8 
0 4 1 0 0 1 87 55 0 0 
0 0 0 0 9 49 34 0 128 13 
28 0 33 0 50 25 1 0 24 0 
0 0 0 2 79 0 0 0 0 0 
145 0 109 0 0 8 0 0 0 0 
0 13 0 0 9 0 2 0 65 0 
3 0 0 1 1 14 0 0 256 1 
0 1 0 0 47 0 491 0 0 0 
54 0 2 0 2 0 149 1 1 0 
0 0 0 0 0 60 0 0 0 0 
0 0 0 0 2 0 79 0 0 0 
0 2 0 4 0 1 0 1 171 21 
0 5 0 37 0 5 0 31 2 2 
1 0 0 0 0 0 751 0 0 0 
52 0 60 0 1 0 0 0 0 0 
