0 0 0 0 0 268 1709 0 0 2 0 0 
1 0 0 0 432 66 0 0 0 0 0 0 
120 0 0 2 0 0 0 414 0 1 0 0 
0 0 15 0 0 3 0 0 119 225 0 0 
0 0 0 0 0 0 0 0 377 5 0 0 
0 0 0 0 1 444 0 0 0 0 0 0 
0 0 0 0 0 0 0 0 0 47 0 0 
41 26 0 0 0 147 1 0 0 86 0 0 
0 0 0 0 0 0 730 0 0 0 1 0 
0 0 0 0 47 0 0 0 0 0 0 0 
0 0 0 0 10 2 0 307 0 0 0 0 
0 0 54 0 0 0 0 0 0 0 0 0 
0 0 5 6 2 0 0 163 0 0 87 0 
0 0 6 0 0 0 0 0 73 0 0 6 
11 37 0 7 0 0 39 0 0 0 0 0 
1014 10 114 0 32 0 0 0 1 10 0 0 
0 0 7 0 0 4 12 0 91 0 0 0 
0 0 198 0 0 0 66 0 0 0 0 0 
0 0 0 0 0 104 0 0 0 0 0 0 
0 0 83 0 0 0 0 0 0 0 0 0 
0 0 0 0 0 0 0 0 50 0 0 0 
64 87 0 0 0 0 0 0 0 2 0 0 
1 0 1 3 0 0 232 79 81 0 0 0 
0 7 0 2 0 363 0 2 0 0 4 0 
0 0 0 0 0 6 0 0 0 76 0 0 
0 0 0 0 0 42 0 0 0 0 0 0 
0 0 0 0 0 0 0 1 107 0 3 0 
0 0 0 0 50 0 0 0 0 0 0 0 
0 1 59 0 123 74 0 0 0 0 1 1 
4 0 205 0 39 0 0 0 0 0 0 0 
0 0 0 0 0 0 36 4 16 16 0 0 
0 4 93 0 0 0 0 0 30 0 0 0 
65 4 0 0 0 0 0 0 0 0 0 0 
30 0 0 0 0 0 0 0 37 32 0 2 
105 0 0 0 0 0 0 0 0 0 0 0 
0 0 1 0 14 0 138 4 0 0 0 0 
0 0 0 0 0 75 0 0 0 82 0 0 
6 7 0 1 0 4 7 0 0 5 0 0 
