216 96 183 49 23 470 2354 56 92 202 15 34 
0 0 0 0 434 66 0 0 0 0 0 0 
130 0 0 75 27 0 0 309 7 14 52 0 
1 0 7 0 0 0 18 0 100 233 2 0 
0 0 0 0 0 0 0 1 375 6 0 0 
0 0 0 0 1 479 0 0 0 0 0 0 
0 0 0 0 0 0 0 0 0 45 0 0 
51 46 81 0 18 27 0 29 4 0 0 66 
0 0 0 0 0 0 698 1 0 0 0 0 
0 0 24 0 44 0 0 0 0 0 0 0 
89 1 32 0 14 0 24 113 0 18 22 10 
0 0 54 0 0 0 0 0 0 0 1 0 
13 0 0 0 0 0 0 18 3 0 0 0 
80 0 0 54 3 0 68 39 52 0 16 0 
3 0 108 0 0 0 0 0 106 0 0 0 
42 0 13 0 0 0 0 0 0 0 0 0 
0 27 0 26 58 0 32 1 0 0 1 0 
488 89 178 188 18 69 39 14 65 27 98 58 
0 0 0 0 0 0 0 0 55 0 0 0 
37 0 1 0 1 1 0 0 0 33 0 0 
46 0 179 0 0 0 43 0 0 0 0 0 
0 0 0 0 0 102 0 0 0 0 0 0 
0 0 51 0 0 0 0 0 0 0 0 0 
0 0 0 0 0 0 0 0 37 0 0 0 
36 86 0 0 32 0 0 0 1 0 0 5 
