127 101 0 0 0 433 792 182 321 0 0 0 
0 0 34 457 5 0 0 0 0 0 0 0 
341 0 0 0 184 0 0 13 0 0 0 0 
2 0 0 0 0 0 0 0 0 359 0 0 
378 0 0 0 0 0 0 0 0 3 1 0 
0 105 0 34 86 145 0 56 23 0 0 0 
0 0 0 0 0 296 0 0 0 0 0 0 
715 0 0 0 0 0 0 0 0 0 0 4 
0 0 73 0 0 0 0 0 0 0 0 1 
0 0 321 0 0 0 0 0 0 0 0 0 
0 0 0 0 0 0 265 0 0 0 0 0 
3 0 0 0 78 4 0 0 1 0 0 0 
0 0 67 0 0 1 3 0 0 0 0 0 
1165 0 2 0 0 0 0 0 0 0 0 0 
0 0 0 0 0 0 103 0 1 0 0 0 
277 0 0 0 0 0 0 0 0 0 0 0 
0 104 0 0 0 0 0 0 0 0 0 0 
0 0 83 0 0 0 0 0 0 0 0 0 
0 0 71 0 0 0 1 0 0 0 0 0 
0 0 0 0 60 99 0 0 0 0 0 0 
0 0 0 0 0 0 377 0 0 0 2 0 
0 16 0 0 23 0 324 0 0 0 1 0 
6 0 0 15 5 3 1 0 0 0 36 0 
5 0 0 2 10 0 0 25 0 0 0 0 
0 0 0 0 0 0 0 0 115 0 0 0 
0 0 0 0 0 247 2 0 0 0 0 0 
0 0 20 0 0 44 0 0 0 0 0 0 
0 2 0 0 0 68 0 0 0 0 0 1 
0 0 0 128 0 0 0 0 0 0 0 0 
58 0 0 14 0 0 0 0 0 0 0 0 
112 0 0 0 0 0 0 0 0 0 0 0 
0 0 104 0 0 1 0 0 0 0 0 0 
0 0 0 0 0 0 201 0 0 0 0 0 
145 0 1 0 0 0 0 0 10 0 0 0 
0 0 5 0 0 76 0 0 0 0 1 0 
0 0 40 0 0 135 0 0 0 0 0 0 
0 0 0 0 118 0 0 0 0 0 0 0 
