0 0 0 0 0 457 1623 0 0 0 
0 2 0 0 383 65 0 2 0 0 
49 0 0 0 0 0 0 334 18 0 
11 0 81 0 0 0 0 0 0 0 
0 1 0 0 0 2 1 0 474 7 
0 0 0 0 1 517 0 0 0 0 
0 1 0 0 0 0 0 0 0 194 
1 0 23 0 0 229 0 1 0 33 
0 0 72 0 0 0 0 0 0 0 
0 0 0 0 0 0 713 1 0 0 
0 0 74 0 0 0 3 0 99 0 
0 0 0 1 70 0 0 0 0 0 
0 0 0 0 3 0 24 0 53 192 
0 0 93 0 0 0 0 0 0 3 
0 0 0 0 0 0 0 0 152 0 
545 0 0 5 2 0 407 2 0 0 
36 15 0 0 0 0 0 0 0 0 
0 0 0 0 0 0 0 0 74 0 
0 0 298 0 11 2 0 0 8 0 
7 0 0 0 0 0 1 0 0 158 
0 0 0 0 0 89 0 0 0 0 
0 0 0 0 91 0 1 2 0 0 
0 0 0 0 2 4 0 0 0 64 
0 0 65 0 0 0 1 0 0 0 
0 0 0 0 59 0 0 0 0 0 
0 0 0 1 0 1 0 1 0 229 
1 7 0 0 0 0 0 0 0 69 
0 0 10 0 0 0 111 31 0 2 
0 0 0 0 0 11 300 0 1 6 
0 6 108 0 0 46 0 0 0 0 
2 0 7 0 24 0 2 24 0 0 
185 0 70 0 0 1 0 0 2 3 
1 0 0 0 2 3 0 82 0 0 
0 1 2 0 2 0 0 0 269 0 
31 2 0 0 0 3 422 0 1 5 
4 1 168 0 12 3 0 3 0 0 
0 0 0 0 3 1 3 0 64 0 
0 0 0 0 0 0 79 0 0 0 
1 0 0 0 0 35 3 0 0 0 
