143 149 1 0 0 442 767 178 279 0 0 0 
0 0 31 457 8 0 0 0 0 0 0 0 
392 72 0 0 74 0 0 0 0 0 0 0 
4 0 0 0 0 0 0 0 0 357 0 0 
382 0 0 0 0 0 0 0 0 1 0 0 
0 87 1 0 92 196 0 22 49 0 0 0 
0 0 0 0 0 293 0 1 0 1 0 1 
704 0 0 0 0 0 9 0 3 0 0 0 
0 0 74 0 0 0 0 0 0 0 0 0 
0 0 318 2 1 0 0 0 0 0 0 0 
0 5 0 1 0 0 259 0 0 0 0 0 
15 0 0 0 71 0 0 0 2 0 0 0 
0 0 65 0 0 0 0 0 0 0 0 0 
1161 0 1 0 0 0 0 0 0 0 0 0 
0 0 0 0 0 0 100 0 2 1 0 0 
281 0 0 0 0 0 0 0 0 0 0 0 
0 103 0 0 0 0 0 0 0 0 0 0 
0 0 80 0 0 0 2 1 0 0 0 0 
0 0 72 0 0 0 0 0 0 0 0 0 
0 0 0 0 70 82 0 0 0 0 1 0 
0 0 0 1 0 0 379 0 0 0 0 1 
21 0 6 2 0 0 321 3 0 13 0 0 
0 0 27 28 3 0 1 0 0 0 0 10 
0 0 0 0 0 0 0 0 1 13 28 0 
0 0 0 0 0 0 0 0 115 0 0 0 
0 2 0 0 0 252 0 0 0 0 0 0 
0 0 23 1 0 40 0 0 1 0 0 0 
0 0 0 0 0 70 0 0 1 0 0 1 
0 2 0 120 4 0 0 1 0 0 1 0 
47 0 0 21 0 0 3 0 0 0 0 0 
113 0 0 0 0 0 0 0 0 0 0 0 
0 0 103 0 0 0 1 2 0 0 0 0 
0 0 1 0 0 0 198 0 0 0 0 0 
159 0 0 0 0 0 0 0 0 0 0 1 
0 0 5 0 0 77 0 0 0 0 0 0 
0 0 12 0 0 105 0 0 58 0 0 0 
0 0 0 0 115 0 0 0 0 0 0 0 
