0 0 0 0 3 398 1634 0 0 0 
0 0 0 0 348 87 0 0 0 0 
52 1 0 1 4 0 0 345 0 0 
7 0 84 0 0 0 0 0 0 0 
0 0 0 0 0 1 0 0 470 8 
0 0 0 0 3 513 0 0 0 0 
0 0 0 0 0 0 0 0 0 199 
0 0 0 0 0 122 0 54 21 80 
0 0 47 0 0 0 0 0 0 0 
0 0 0 0 0 0 713 0 0 0 
0 0 49 0 0 0 0 0 115 4 
0 0 0 0 70 0 1 0 0 0 
0 0 0 0 1 93 16 1 159 0 
0 0 96 0 0 0 1 0 0 0 
690 2 0 0 0 0 301 0 0 0 
30 17 0 0 0 0 0 0 0 0 
0 0 0 0 0 0 0 0 74 0 
0 0 314 0 31 0 0 0 0 0 
6 0 0 2 0 5 0 0 0 148 
0 0 0 0 0 102 0 0 0 0 
0 0 0 0 46 0 0 0 0 0 
0 0 0 0 0 11 0 0 3 50 
0 0 72 0 0 0 0 0 0 0 
0 0 0 0 57 0 0 0 1 0 
0 0 0 9 0 0 0 0 0 223 
0 0 2 0 1 0 0 1 0 74 
0 0 0 0 0 0 109 41 1 0 
3 0 0 0 1 0 218 12 0 0 
0 2 0 31 27 0 84 0 3 14 
0 0 0 3 78 0 0 0 0 0 
188 0 79 0 0 0 0 0 0 0 
4 38 0 1 0 0 0 0 33 11 
0 0 0 1 0 0 0 0 276 0 
5 0 0 0 0 0 531 14 0 0 
1 0 0 23 0 0 1 114 0 60 
31 0 0 0 0 0 0 29 1 0 
0 0 0 0 0 0 81 0 0 0 
0 0 0 9 0 1 0 0 188 0 
0 0 0 22 1 0 0 1 35 0 
