194 102 0 0 0 513 899 221 339 0 11 0 
0 0 31 451 18 0 0 0 0 0 0 0 
72 0 423 0 9 0 14 16 8 0 12 0 
3 0 0 0 0 0 0 0 0 360 0 0 
383 0 0 0 0 0 2 0 0 1 0 0 
0 132 24 0 52 215 0 0 0 24 0 0 
0 0 46 1 0 0 0 0 0 0 0 0 
0 0 0 0 0 297 0 0 0 2 0 0 
714 0 4 2 0 0 0 0 0 0 0 1 
0 0 43 0 0 1 0 0 0 0 0 0 
3 0 309 0 0 0 2 0 0 0 0 0 
0 0 6 0 1 48 0 0 0 0 0 0 
0 1 0 0 0 0 261 0 0 0 0 0 
38 1 16 11 0 1 0 0 0 0 12 0 
0 0 92 0 0 0 0 1 0 0 1 0 
1166 0 27 0 0 0 0 0 0 0 0 0 
0 1 0 0 0 0 50 0 2 0 0 0 
0 0 0 0 0 0 65 0 0 0 0 0 
260 0 0 0 0 0 0 0 0 0 0 0 
0 104 0 0 0 0 0 0 0 0 0 0 
0 0 79 2 0 0 0 0 0 1 0 1 
0 0 50 0 0 0 0 0 0 0 0 0 
0 0 18 0 63 75 3 0 0 0 0 0 
0 0 0 0 0 0 457 0 0 0 0 0 
72 0 0 0 0 0 303 0 0 0 0 8 
0 0 0 0 83 0 0 0 0 1 0 0 
1 0 0 0 0 1 0 0 0 0 0 40 
0 0 0 0 0 0 0 0 103 0 0 0 
0 0 0 0 50 0 0 0 0 0 0 0 
2 13 1 0 0 232 0 0 0 0 0 0 
0 0 62 9 0 179 0 0 0 0 0 0 
0 0 3 0 0 79 0 0 0 0 0 0 
3 0 0 112 18 0 0 0 0 0 0 0 
38 0 0 24 0 0 5 0 0 0 2 0 
100 0 0 0 0 0 0 0 0 0 0 0 
0 1 63 2 0 0 0 0 0 1 0 0 
