0 0 0 0 0 404 1628 0 0 1 
0 0 0 0 338 95 0 0 1 0 
82 0 0 1 0 3 0 313 0 0 
0 0 83 0 0 0 0 1 0 0 
0 0 0 0 0 0 0 1 468 6 
0 0 0 0 2 515 0 0 0 0 
0 0 0 0 0 0 0 1 0 202 
1 1 0 1 0 192 0 1 0 80 
0 0 47 0 0 0 0 0 0 0 
0 0 0 2 0 4 713 0 0 0 
0 1 58 0 0 1 0 0 107 1 
0 0 0 0 71 0 0 0 0 0 
0 54 0 0 0 0 0 0 216 0 
0 0 97 0 0 0 0 0 0 0 
639 0 0 0 0 0 353 0 0 0 
43 14 0 0 0 0 0 0 0 0 
0 0 1 0 0 0 0 0 73 0 
0 1 330 0 13 0 0 1 0 0 
21 8 0 0 0 0 0 0 0 132 
0 0 0 0 0 102 0 0 0 0 
0 0 0 0 37 0 0 0 9 0 
0 0 0 0 0 9 0 0 0 55 
0 0 71 0 1 0 0 0 0 0 
0 0 0 0 58 0 0 0 0 0 
0 0 0 1 0 10 0 0 0 224 
5 2 2 20 5 0 0 6 0 36 
0 4 0 0 4 0 114 30 0 0 
35 0 3 0 0 0 161 22 14 0 
0 0 0 0 3 0 42 81 4 31 
0 0 0 0 77 2 0 2 0 0 
140 0 120 0 0 2 0 0 0 1 
0 1 0 0 0 0 69 11 6 0 
0 0 0 0 0 0 0 0 276 0 
0 0 0 0 0 0 548 0 0 0 
1 4 0 16 0 0 0 65 8 106 
15 0 2 34 0 9 1 0 0 0 
0 0 0 0 0 0 80 0 0 1 
0 2 1 0 2 0 0 1 194 0 
11 0 0 5 0 13 3 4 0 23 
