1947 4 0 0 0 0 0 27 15 0 
0 2 34 348 16 0 28 0 0 0 
378 0 0 0 0 0 0 3 3 0 
87 0 0 0 0 0 0 0 0 0 
330 0 0 0 0 0 0 0 1 143 
0 491 0 0 3 25 0 0 0 0 
0 1 0 0 0 0 0 12 0 192 
0 0 0 0 0 191 0 3 0 0 
0 0 47 0 0 0 0 0 0 0 
1 0 80 89 0 0 0 0 0 0 
1 0 67 2 0 1 0 0 0 0 
0 0 245 0 0 0 8 0 17 0 
0 0 10 0 0 88 0 0 0 0 
892 0 0 0 0 0 0 0 0 0 
51 0 10 0 0 0 0 0 2 0 
0 0 0 0 0 0 0 0 0 76 
0 0 338 0 3 1 0 0 2 0 
0 0 0 0 49 115 0 0 1 0 
0 0 9 47 10 35 0 0 1 0 
0 1 0 0 52 0 0 0 0 0 
0 0 0 0 111 0 0 0 0 0 
0 0 17 0 3 50 0 0 0 0 
0 0 0 63 0 0 0 0 0 0 
22 0 2 0 0 0 3 209 0 0 
0 0 1 2 0 0 0 0 72 0 
0 32 0 0 0 0 0 0 118 0 
0 0 0 0 5 1 206 19 0 0 
0 0 0 0 0 0 161 0 0 0 
0 0 7 0 1 0 4 43 26 0 
3 2 101 0 155 0 0 0 1 0 
7 4 2 69 0 0 0 0 0 7 
0 0 0 0 0 0 260 18 0 0 
0 0 0 0 0 26 513 0 0 0 
0 0 0 0 0 208 0 0 1 0 
0 0 0 0 0 0 0 0 0 61 
0 0 0 6 48 27 0 0 0 0 
0 0 0 0 0 0 0 0 201 0 
0 22 22 2 12 0 24 0 0 0 
743 0 5 0 0 0 3 0 0 0 
113 0 0 0 0 0 0 0 0 0 
