139 146 2 0 0 447 687 211 333 0 0 0 
0 0 37 443 17 0 0 1 0 0 0 1 
387 0 5 1 134 1 0 2 3 0 0 5 
2 0 0 0 0 0 0 0 0 360 0 0 
380 0 0 0 0 0 0 0 0 3 0 0 
1 101 34 3 111 135 0 9 3 53 0 0 
0 0 0 0 0 295 0 0 0 0 0 0 
706 0 1 1 0 0 0 1 0 1 0 15 
0 0 76 0 0 0 0 0 0 0 0 0 
0 0 321 0 0 0 0 1 0 0 0 0 
0 0 1 0 0 1 261 0 0 0 1 0 
0 2 0 8 75 0 0 0 0 0 0 0 
0 0 66 1 0 0 2 1 0 1 0 0 
1170 0 2 0 0 0 0 0 0 0 0 0 
0 0 0 0 0 0 112 0 1 0 0 0 
270 0 0 0 0 0 0 0 0 0 0 0 
0 104 0 0 0 0 0 0 0 0 0 0 
0 0 79 0 0 0 0 4 0 0 0 0 
0 0 72 0 0 0 0 0 0 0 0 0 
0 0 0 0 63 90 0 0 0 0 0 0 
0 0 0 0 0 2 378 0 0 0 0 0 
0 1 0 2 0 2 344 0 0 8 0 6 
0 0 0 0 68 0 0 0 0 0 0 0 
6 0 0 0 0 36 0 0 0 0 0 0 
0 0 0 0 0 0 0 0 111 1 0 0 
0 0 0 0 50 0 0 0 0 0 0 0 
5 0 0 0 0 249 0 0 0 0 1 0 
0 0 28 0 0 35 1 0 0 0 0 0 
0 1 0 0 0 77 0 0 0 0 0 0 
0 0 0 127 0 0 0 0 0 0 1 0 
44 0 0 20 1 2 2 0 0 1 0 0 
104 0 0 0 0 0 0 0 0 0 0 0 
0 0 105 0 0 0 0 0 0 0 0 0 
0 0 0 0 0 0 193 0 0 0 0 0 
155 0 0 0 1 0 0 0 1 0 0 0 
0 0 4 0 0 78 0 0 0 0 0 0 
0 0 0 0 0 163 2 0 0 0 0 0 
0 0 0 0 61 0 0 0 0 0 0 0 
