155 84 0 3 0 467 735 215 359 0 0 0 
0 0 32 448 18 1 0 0 0 0 0 0 
250 0 209 0 27 0 46 0 5 0 6 0 
6 0 0 0 0 0 0 0 0 356 0 0 
382 0 0 0 0 0 0 0 0 1 0 0 
36 264 0 0 13 130 0 0 0 3 0 0 
0 0 0 0 0 0 0 6 0 0 3 38 
0 0 0 1 1 297 0 0 0 0 0 0 
729 0 0 0 0 0 0 1 0 0 0 0 
0 0 47 0 0 0 0 0 0 0 0 0 
0 0 312 1 1 0 0 0 0 0 0 0 
0 0 8 2 0 45 0 0 0 0 0 0 
0 3 0 0 0 0 259 0 0 0 0 1 
0 0 0 0 78 0 0 0 0 0 0 0 
0 0 84 0 0 0 0 10 0 0 0 0 
1175 0 1 0 0 0 1 0 0 0 0 0 
2 0 0 0 0 0 111 0 1 0 0 0 
260 0 0 0 0 0 0 0 0 0 0 0 
0 104 0 0 0 0 0 0 0 0 0 0 
0 0 80 0 0 0 1 2 0 0 0 0 
0 0 50 0 0 0 0 0 0 0 0 0 
0 0 0 0 74 79 0 0 0 0 0 0 
0 3 0 0 0 0 433 0 0 0 0 0 
145 0 0 0 4 0 225 0 0 9 0 0 
0 0 0 0 82 0 0 0 0 0 0 0 
3 0 0 0 0 0 0 0 0 8 0 31 
0 0 0 0 0 0 0 0 111 0 0 0 
0 0 0 0 50 0 0 0 0 0 0 0 
4 2 0 0 0 253 0 0 0 1 0 0 
0 0 55 0 0 192 0 0 1 1 0 0 
0 0 0 0 0 71 0 0 0 0 0 1 
0 1 0 105 28 0 0 0 0 0 0 0 
52 0 0 17 0 0 0 0 0 0 0 0 
100 0 0 0 0 0 0 0 0 1 0 0 
1 0 103 0 0 0 0 0 0 0 0 0 
1 0 0 0 0 0 115 0 0 0 0 0 
55 1 29 0 0 23 39 0 4 0 0 0 
