4 0 0 1 0 536 1519 0 0 0 
0 0 0 2 412 45 0 3 0 0 
61 1 0 0 0 5 10 327 0 1 
7 0 85 0 0 0 0 0 0 0 
0 0 0 0 0 0 0 1 479 5 
0 0 0 0 1 515 0 2 0 0 
0 0 0 0 0 0 0 0 0 195 
0 44 1 0 1 239 2 0 0 0 
0 0 45 1 0 2 0 0 0 0 
0 0 0 0 0 0 729 0 0 0 
0 0 62 0 0 0 0 0 112 0 
0 0 0 0 71 0 0 0 0 0 
0 3 0 37 0 0 0 0 54 178 
0 0 97 0 0 0 0 0 0 0 
4 2 0 0 0 0 0 0 143 2 
557 0 0 0 0 0 395 9 2 0 
36 14 0 0 0 0 1 0 0 0 
0 0 0 0 0 0 1 0 73 0 
1 0 325 0 15 0 1 0 0 1 
22 0 0 0 0 0 0 0 1 146 
0 0 0 0 0 89 0 0 0 0 
0 0 4 0 86 0 0 0 1 3 
0 0 1 0 10 4 0 0 0 55 
2 1 65 0 0 0 0 0 0 0 
0 0 0 0 49 0 0 0 0 0 
3 1 0 0 0 6 0 0 0 222 
0 0 0 19 0 0 1 0 0 58 
0 0 0 0 15 0 116 22 1 0 
2 0 0 6 0 13 295 2 0 0 
1 11 9 1 0 62 23 0 52 0 
0 0 3 0 49 1 0 6 0 0 
183 0 74 0 0 3 0 0 0 0 
0 0 1 1 0 1 1 35 49 0 
0 0 0 0 0 0 0 0 274 0 
100 29 1 0 0 0 327 3 3 1 
0 0 147 0 2 0 0 40 0 0 
0 0 0 0 0 0 0 0 71 0 
0 0 0 0 0 0 78 0 0 0 
8 0 13 7 0 8 0 3 0 0 
