0 0 0 0 0 400 1606 0 0 0 
0 1 0 0 351 71 0 0 0 6 
43 0 0 1 11 0 0 326 5 0 
8 0 84 0 0 0 0 0 0 0 
0 0 0 0 0 1 3 0 463 6 
0 0 1 0 1 517 0 0 0 0 
0 0 0 0 0 0 0 0 1 204 
0 0 0 0 6 138 0 0 0 50 
0 0 45 0 0 1 0 1 0 1 
0 0 60 1 0 0 0 0 108 0 
0 0 0 0 68 0 0 0 0 0 
0 79 0 94 11 24 32 3 27 0 
0 0 96 0 0 0 0 0 1 0 
693 1 0 12 0 1 237 0 0 0 
40 23 0 0 0 0 0 0 0 0 
3 0 3 0 0 0 0 0 71 0 
0 0 322 6 17 0 0 0 1 0 
33 0 0 0 0 0 0 0 0 131 
0 0 0 0 0 102 0 0 0 0 
0 0 0 1 45 0 0 0 0 0 
0 0 0 0 4 7 0 0 1 49 
0 0 69 0 0 1 0 0 0 0 
0 0 0 1 62 0 0 0 0 0 
2 0 0 8 26 0 2 1 0 196 
1 0 0 0 0 0 0 5 3 67 
0 0 7 0 0 0 108 37 0 0 
0 0 0 5 1 0 2 0 219 4 
0 0 7 19 0 13 21 97 1 3 
0 0 0 2 79 0 0 0 0 0 
160 0 97 0 5 0 0 0 0 0 
0 0 0 1 28 1 6 10 43 0 
0 22 0 0 0 1 0 0 255 0 
0 1 0 29 0 1 478 0 23 6 
0 0 0 8 2 0 185 14 1 0 
19 0 0 0 0 0 42 0 0 0 
0 0 0 0 0 0 82 0 0 0 
0 0 24 0 0 0 0 0 169 7 
0 0 0 0 34 0 0 1 0 24 
0 0 0 76 0 0 6 0 0 0 
0 14 0 6 0 28 0 0 5 0 
1 0 0 0 0 0 736 0 0 0 
