166 96 0 0 0 474 747 183 302 0 0 0 
0 0 32 450 16 0 0 0 0 1 0 0 
273 31 60 0 95 0 0 0 5 63 0 14 
2 0 0 0 0 0 0 0 1 360 0 0 
378 0 0 0 0 0 0 0 0 2 0 0 
0 259 0 0 45 95 47 0 0 0 0 0 
0 0 0 0 1 295 0 0 0 0 0 0 
727 0 0 0 3 0 0 2 0 0 0 0 
0 0 47 0 0 0 0 0 0 0 0 0 
1 0 304 0 0 0 0 6 0 3 5 0 
0 0 7 0 0 47 0 0 0 0 0 0 
0 0 0 0 0 0 263 1 0 0 0 0 
3 0 0 0 82 0 0 0 0 0 0 0 
6 0 65 0 0 0 0 0 0 0 0 0 
1170 0 1 0 0 0 0 0 0 0 0 0 
0 0 0 0 0 0 110 0 1 0 0 0 
264 0 0 0 0 0 0 0 0 0 0 0 
0 104 0 0 0 0 0 0 0 0 0 0 
0 0 82 0 0 0 1 0 0 0 0 0 
0 2 68 0 1 0 0 0 0 0 0 1 
0 0 0 0 57 95 0 1 0 0 0 0 
0 0 0 0 0 0 388 0 0 0 0 0 
0 0 2 0 0 0 377 0 0 0 1 0 
0 0 0 2 127 0 0 0 0 0 0 0 
0 0 0 0 26 8 0 0 0 8 0 0 
0 0 0 0 0 0 0 0 112 0 0 0 
0 0 0 0 50 0 0 0 0 0 0 0 
0 0 0 0 0 256 0 0 0 0 0 0 
0 0 49 0 0 192 0 0 0 15 0 0 
0 0 3 0 0 69 0 0 0 0 0 0 
0 1 0 126 0 0 0 1 0 0 0 0 
53 0 0 17 0 2 0 0 0 0 0 0 
105 0 0 0 0 0 0 0 0 0 0 0 
0 0 104 0 0 0 0 0 0 0 0 0 
0 0 0 0 0 0 174 0 0 0 1 0 
147 0 7 1 0 0 0 0 0 0 0 2 
2 0 0 0 2 13 0 0 0 1 0 12 
