0
0
0
0
0
0
0
0
0
0
0
0
0
0
0
0
0
0
0
0
0
0
0
0
0
0
0
0
0
0
0
0
0
0
0
0
0
0
0
0
0
0
0
0
0
0
0
0
0
0
0
0
0
0
0
0
0
0
0
0
0
0
0
0
0
0
484
0
0
0
0
0
0
0
484
0
0
0
0
0
0
0
0
0
0
509
0
509
0
0
0
0
0
0
0
0
0
0
0
0
0
509
0
0
0
0
0
0
0
0
509
0
0
0
0
0
0
0
0
509
0
509
0
0
484
0
913
484
0
484
509
509
913
911
0
0
0
484
913
911
1026
911
911
911
0
509
509
913
509
911
911
509
1026
509
0
1026
0
911
509
913
509
509
1026
1026
509
509
0
484
509
509
509
1026
911
911
911
509
509
509
911
509
509
509
1026
913
1026
509
509
484
1026
509
1026
1026
509
509
1026
1026
509
1026
509
0
509
509
509
0
509
509
0
509
509
0
0
509
1026
509
1026
0
0
1026
0
509
911
0
0
509
911
509
911
0
0
0
1026
0
509
0
0
484
1026
0
0
911
1026
1026
509
484
1026
0
913
0
0
0
0
0
1026
1926
484
0
1959
1958
0
484
0
509
484
1926
0
911
484
0
1958
911
0
0
0
0
484
0
509
1926
1926
1926
484
0
484
0
0
0
1926
1926
0
0
0
0
0
0
0
0
0
0
1926
509
0
0
0
0
484
0
0
0
0
0
0
0
1926
0
0
0
509
0
0
0
0
911
0
1959
913
0
0
0
0
0
0
0
911
1026
0
0
0
2685
509
911
2724
1926
2724
1026
0
484
2724
484
2724
913
1026
2836
0
0
0
913
0
1026
484
2836
0
0
2724
509
509
0
2724
0
0
509
0
2724
1926
1958
2836
0
0
0
509
0
1958
1926
2724
509
0
0
1958
0
0
0
2724
484
2724
0
911
1926
1926
0
2836
0
1958
0
0
484
0
2836
0
509
0
0
1926
2836
484
1926
0
1926
913
2836
2836
2724
0
2836
509
0
509
0
3352
3352
3352
3352
3352
0
509
3352
0
3352
509
1926
509
3352
3352
0
0
1926
0
3352
3352
3352
3352
3352
0
3352
0
3352
2836
3352
3352
3352
3352
2836
3352
1026
3352
3352
3352
3711
911
3745
0
0
3745
3745
3745
0
3326
913
0
3326
3745
3352
1026
911
0
1958
0
1958
911
0
1958
911
911
3352
3745
911
3745
1926
911
911
0
3745
911
911
3326
1026
3352
911
3352
1026
911
509
911
911
1926
0
0
911
911
911
1926
911
0
1026
911
0
3745
911
0
3745
1926
911
911
911
0
0
3745
0
509
3352
3352
3352
0
0
0
0
0
0
0
0
0
0
3352
4318
3745
509
0
484
3352
0
3326
0
3326
0
1958
0
2724
2724
0
3352
509
3352
3352
0
1958
0
0
0
0
0
0
0
0
0
0
0
0
0
3352
0
0
0
0
0
0
0
3352
0
2724
0
0
0
0
0
0
1926
0
1926
911
1926
0
1926
913
0
0
1926
1926
1026
0
2836
1926
0
509
0
0
2724
1926
0
0
1926
1926
1926
911
2836
0
2836
1926
1926
1926
484
1926
1958
1926
1926
484
484
3745
484
484
2836
0
1926
2836
3745
1926
3745
1926
0
484
0
0
1958
3352
3745
2724
2836
3745
484
0
1958
3745
3745
3745
2724
0
3326
5456
1926
1958
1958
1958
1958
0
1958
1926
0
5456
1926
3326
1958
1926
1958
1958
1958
1958
0
509
484
1958
1958
1958
5456
5456
5456
1926
484
1958
5456
1958
0
0
0
5456
5456
0
5456
5456
2724
5456
484
0
484
0
0
0
1926
5456
5456
0
5456
2724
5456
0
0
0
5456
0
3745
0
0
5456
5456
0
0
5456
0
0
5456
0
0
0
3745
509
484
0
3745
5456
3745
0
1958
1926
3745
0
0
1959
0
484
6262
5456
0
0
0
0
5456
1026
509
1926
0
1959
1926
0
509
1959
1926
1926
5456
1926
1926
1926
1926
1926
3711
1926
509
3352
3352
1959
3352
3352
0
3352
3352
3352
0
0
3352
3352
5456
1926
3745
3352
3352
1926
3352
3352
0
3352
0
3352
0
1926
3352
3711
1926
0
3352
3352
509
509
0
509
1926
913
1926
484
0
3352
0
913
0
484
1958
1926
2836
1958
1926
484
484
3352
2724
1958
5456
484
3352
484
1926
0
3352
1926
0
3352
0
0
0
484
0
509
0
0
0
0
2724
3352
0
3352
1958
3352
1958
0
3352
1958
1958
0
1926
0
1958
0
0
1926
1026
484
1026
3352
484
1958
1026
0
1026
509
484
484
509
1026
2724
2724
1026
1026
0
911
1026
1026
0
484
0
0
911
1026
5456
2724
484
6262
6262
0
6262
0
6262
0
0
0
0
0
7966
0
3745
7966
0
5456
2724
0
3745
4318
484
484
0
8062
2836
7966
8062
0
2685
509
2685
509
484
484
3745
484
484
7966
484
3745
509
3745
8062
1926
484
484
3745
1926
4318
0
0
0
1926
1926
913
1926
913
4318
509
0
2724
4318
2836
1958
0
913
5456
2724
5456
0
2836
2836
2836
4318
2836
0
0
2836
1926
1926
2836
911
1926
5456
2836
0
509
484
0
2836
0
2836
2836
2836
0
0
0
2836
0
2836
2836
1926
3745
3745
2836
1959
0
0
0
8857
2836
3352
0
3352
7966
2836
2836
1926
0
2724
8857
2724
913
2724
2724
1926
1926
8857
0
484
8857
8857
0
3745
0
1958
8857
0
484
8857
484
484
484
484
1958
1958
484
1958
1958
0
1958
1958
1958
0
1958
484
5456
911
2724
0
1958
1958
5456
1926
484
5456
484
0
0
5456
2724
5456
5456
484
484
1926
0
0
1958
1958
1958
1958
0
1958
5456
5456
484
1926
1926
2724
3745
484
3352
0
0
0
0
1926
0
0
913
0
0
8857
0
0
0
0
8857
0
2685
3352
3352
3352
3352
7966
3352
3352
3352
7966
9813
9842
0
0
0
3326
9842
9842
7966
9842
9842
9842
9842
9842
9842
0
1958
0
0
0
9842
0
1958
9842
9842
0
1958
0
9842
9842
9842
9842
0
9842
9842
9842
9842
9842
9842
9842
9842
484
484
9842
0
9842
9842
9842
9842
9842
0
9842
9842
484
9842
9842
9813
9842
0
3352
509
0
0
0
0
9842
9842
0
0
2724
9842
0
9842
9842
0
0
0
5456
0
0
3352
2836
9842
9842
0
0
2836
9842
1958
484
484
9842
0
