0 1 211 465 7 314 0 0 
9 151 0 0 0 198 0 0 
0 0 0 0 0 0 0 478 
0 0 0 0 492 0 0 0 
0 0 0 0 0 0 0 1609 
0 0 0 0 0 0 777 0 
0 0 0 0 0 815 0 0 
0 438 48 0 0 1 0 8 
1 11 0 27 590 0 15 0 
0 0 0 0 2 1502 3 0 
0 0 0 0 0 0 0 481 
0 0 0 0 0 0 844 0 
15 0 0 1 0 241 130 2 
0 0 1 0 0 1541 0 0 
0 0 37 2 0 202 213 5 
54 0 370 0 184 696 0 251 
0 1 0 0 0 1083 0 0 
0 0 0 0 0 1138 0 0 
0 0 194 0 161 99 33 0 
448 0 22 1 0 12 36 3 
273 0 0 0 0 37 143 3 
142 0 16 125 37 0 203 31 
0 0 0 0 687 0 0 0 
14 1 0 0 628 3 10 168 
0 0 0 720 0 0 1 0 
0 11 134 57 0 123 58 0 
0 0 218 633 0 0 0 0 
0 0 0 0 1 667 0 0 
0 0 790 0 0 0 5 84 
0 0 0 0 0 0 0 678 
1 125 25 118 0 0 3 620 
59 42 3 47 393 0 6 530 
0 208 8 0 0 11 50 40 
0 0 0 0 0 1669 0 6 
352 35 10 321 0 0 356 0 
1 6 10 11 66 5 0 123 
0 305 0 0 0 0 0 0 
0 0 0 0 666 0 2 2 
0 0 117 0 223 0 45 2 
0 0 0 2 0 0 707 0 
0 0 226 0 0 0 409 11 
0 19 0 2 2 0 752 0 
585 0 0 5 4 0 0 2 
5 0 0 1 421 0 0 192 
500 0 0 0 0 7 0 0 
0 0 0 0 0 651 0 0 
0 0 0 0 0 0 0 260 
9 0 3 30 0 448 182 0 
0 0 0 1 0 649 0 0 
0 0 36 3 0 266 10 0 
0 0 0 0 0 107 142 1 
9 6 5 191 0 158 0 59 
0 6 0 1 2 0 247 1 
0 0 0 0 0 0 0 324 
0 2 0 0 0 552 0 0 
