0 0 212 437 5 352 0 0 
0 183 0 0 0 167 0 8 
0 0 0 2 0 0 0 476 
0 0 199 0 343 0 0 0 
1 0 0 0 0 0 0 1602 
0 0 1 0 0 0 778 0 
0 0 0 0 0 821 0 0 
20 406 7 25 0 0 0 24 
196 94 0 0 0 346 0 0 
0 0 0 0 0 1495 1 0 
0 0 0 0 0 0 0 480 
0 0 0 0 0 0 840 0 
0 8 23 21 5 0 1 331 
0 0 42 0 0 1459 0 34 
54 0 0 393 2 10 0 0 
351 34 12 0 674 249 2 256 
0 0 0 0 7 1076 0 0 
0 0 0 0 0 1130 0 0 
0 0 0 1 486 0 1 0 
0 18 6 0 1 34 1 462 
0 5 0 412 34 0 0 0 
36 205 9 120 44 0 139 1 
0 0 0 0 688 0 0 0 
0 0 425 0 3 0 396 0 
0 0 0 715 0 0 0 0 
141 0 0 0 1 7 226 8 
0 0 194 639 0 17 1 0 
0 0 0 0 0 667 0 0 
0 0 863 0 0 0 0 13 
0 0 9 1 3 1 0 666 
0 0 23 667 109 0 93 0 
17 1 0 0 7 0 769 294 
83 0 8 36 8 32 150 0 
6 3 0 0 0 1659 0 0 
20 2 17 0 858 159 16 0 
37 0 1 2 126 0 52 4 
0 325 1 0 0 0 0 0 
0 0 1 0 626 0 0 1 
24 0 0 120 1 0 2 240 
0 0 5 1 0 1 700 0 
106 179 4 306 4 5 36 1 
18 1 0 2 0 32 730 0 
449 0 0 0 10 1 0 0 
734 0 16 0 0 0 2 0 
507 0 0 0 0 0 0 0 
0 0 0 0 0 652 0 0 
0 0 0 0 0 0 0 263 
0 40 0 0 0 626 0 0 
0 1 0 0 0 656 0 0 
0 77 1 0 8 227 0 0 
0 0 0 0 0 116 134 0 
55 0 15 0 16 181 8 150 
0 0 3 238 23 0 0 0 
0 0 0 0 0 0 0 324 
4 0 0 0 0 543 0 5 
