0 9 321 300 22 332 4 0 
22 148 0 5 2 151 0 30 
0 3 0 0 0 0 0 475 
0 1 0 0 499 32 7 0 
0 0 0 0 0 1 0 1599 
0 0 0 0 0 1 705 0 
0 0 0 0 0 813 0 0 
0 462 5 0 9 0 0 6 
0 166 14 195 30 228 0 0 
0 0 0 0 0 1520 4 0 
0 0 0 0 0 0 0 481 
1 0 0 0 0 0 835 1 
53 0 6 0 0 75 23 232 
8 0 1 22 0 1476 1 0 
14 270 0 4 2 76 32 61 
384 0 67 0 259 628 0 44 
0 0 0 0 0 1065 0 0 
0 0 0 0 0 1158 0 0 
149 0 308 0 1 3 27 1 
391 3 2 0 0 126 0 0 
0 0 422 0 19 0 0 8 
37 183 0 5 152 0 173 8 
0 0 0 0 729 0 0 0 
0 44 0 14 98 608 0 49 
0 0 0 715 0 0 0 0 
0 0 134 205 0 21 22 1 
0 0 247 604 0 0 0 0 
0 0 0 0 0 692 0 0 
1 2 903 1 0 0 0 14 
0 0 3 0 7 0 0 669 
90 0 1 0 4 0 0 832 
0 76 4 0 1 3 0 997 
0 26 1 0 0 272 18 0 
1 0 31 0 2 1563 0 0 
11 0 0 0 6 519 527 0 
0 0 0 0 189 20 13 0 
0 324 2 0 0 0 0 0 
0 0 0 0 588 0 0 1 
3 21 0 24 297 0 0 42 
0 1 0 1 0 0 702 2 
1 1 0 661 0 0 0 0 
0 9 0 0 0 12 760 1 
447 0 0 2 0 0 0 0 
43 0 460 0 283 0 5 72 
505 0 0 0 0 0 4 0 
0 0 0 0 0 652 0 0 
0 0 0 0 0 0 0 262 
0 156 0 76 276 160 0 4 
0 0 0 0 0 824 0 0 
5 0 0 1 0 327 0 0 
0 0 0 0 1 101 148 0 
364 0 0 6 0 6 0 2 
253 0 1 0 0 1 0 9 
0 0 0 0 0 0 0 329 
4 2 77 15 1 446 19 0 
