0 0 271 360 10 337 0 0 
5 164 0 0 0 188 0 1 
0 0 0 0 0 0 1 477 
0 0 8 42 459 3 29 0 
0 0 0 3 0 0 0 1598 
0 0 0 0 0 0 778 0 
0 0 0 0 0 815 0 1 
0 474 0 0 0 0 0 7 
190 1 0 47 140 3 172 83 
0 0 0 0 2 1500 3 0 
0 0 0 0 0 0 0 481 
0 0 1 0 0 0 838 0 
0 246 50 0 9 26 1 57 
11 13 6 0 0 1513 0 1 
0 0 0 365 0 0 0 94 
84 2 0 0 0 1312 0 1 
0 0 0 2 0 1081 0 0 
0 0 0 0 0 1155 0 0 
381 0 106 0 1 0 0 0 
0 216 0 0 0 0 307 0 
60 68 0 4 230 85 10 0 
69 1 356 0 120 0 0 8 
0 0 0 0 686 0 0 0 
120 24 0 23 553 0 97 7 
0 0 0 721 0 0 0 0 
0 107 0 0 218 0 58 0 
0 0 193 655 0 2 0 0 
0 0 0 0 0 671 0 0 
4 15 867 5 1 0 2 22 
0 4 1 0 0 0 0 671 
0 20 5 556 0 310 2 0 
0 16 7 27 0 920 1 118 
0 0 0 1 0 20 169 127 
0 2 36 0 0 1533 0 30 
86 23 82 57 819 2 0 1 
0 2 35 0 0 108 0 77 
0 326 0 0 0 0 0 0 
0 0 0 0 627 0 0 1 
4 56 137 0 0 0 31 159 
0 0 0 4 0 1 704 0 
0 0 0 650 12 0 0 0 
0 9 0 0 0 1 771 1 
420 1 0 0 3 3 0 26 
0 0 0 0 78 576 54 88 
504 0 0 1 0 0 0 0 
0 0 0 0 0 653 0 0 
0 0 0 0 0 0 0 264 
0 0 102 0 0 502 58 1 
0 0 0 1 0 823 0 0 
0 17 0 0 0 289 0 8 
0 0 0 0 1 120 128 1 
0 21 1 0 3 173 0 186 
70 47 0 0 0 147 0 0 
0 0 0 0 0 0 0 324 
0 1 3 20 0 532 4 0 
