0 0 843 156 0 0 0 0 
0 79 0 83 195 0 0 1 
0 0 1 0 0 441 36 0 
0 9 10 0 452 0 0 0 
1163 1 0 0 0 3 0 431 
798 0 0 0 0 0 1 0 
0 0 0 0 0 8 799 0 
0 474 0 0 0 0 0 0 
0 0 1 0 643 0 3 0 
767 0 32 0 7 7 682 0 
0 0 272 0 191 0 17 1 
0 0 0 0 0 833 5 0 
0 0 0 1 0 387 1 0 
0 1263 164 2 3 1 112 0 
2 3 0 292 156 5 1 0 
2 10 1559 0 0 0 0 0 
105 33 0 1 936 0 0 0 
2 0 30 27 697 327 46 0 
0 17 0 3 468 0 0 0 
0 0 0 3 0 0 0 520 
0 6 7 0 68 367 0 9 
0 1 0 0 0 549 0 0 
147 2 0 1 510 10 0 19 
0 0 24 778 1 7 14 0 
0 0 720 0 0 0 0 1 
13 107 0 0 1 282 0 5 
0 1 0 0 848 1 0 0 
0 0 0 1 1 676 0 0 
14 0 0 869 1 1 0 0 
0 0 0 0 0 1 0 678 
1 0 33 721 69 0 70 0 
0 0 0 0 0 1399 1 0 
3 42 1 73 102 17 77 2 
1428 0 0 0 0 0 0 219 
0 0 0 0 0 749 0 0 
0 0 0 0 0 222 0 0 
0 319 0 0 0 6 1 0 
0 3 0 624 0 0 45 0 
65 291 0 2 1 0 16 32 
0 0 4 0 1 0 689 0 
124 2 0 8 5 0 0 516 
0 0 0 4 0 0 774 0 
534 0 0 0 0 0 0 0 
0 128 22 80 337 0 0 55 
495 0 0 0 0 5 0 0 
0 1 6 0 0 641 0 0 
0 0 0 0 0 0 0 262 
750 0 2 4 0 0 0 0 
84 0 0 117 124 66 1 218 
0 0 0 0 161 151 0 0 
0 0 0 0 0 0 7 243 
0 0 0 412 0 0 0 0 
0 26 18 213 0 0 1 6 
0 0 0 13 3 0 0 308 
0 315 126 0 70 0 52 27 
