0 0 976 0 0 0 0 0 
0 75 0 75 202 0 0 0 
0 0 0 0 0 435 43 0 
0 0 0 0 526 0 0 13 
1276 0 0 7 0 6 0 310 
782 0 0 0 0 0 1 0 
0 0 0 1 11 0 786 1 
0 482 0 0 0 0 0 0 
0 0 0 0 632 1 0 3 
1363 1 1 0 0 77 90 0 
0 6 0 0 6 388 81 0 
0 0 0 0 0 839 5 0 
0 3 0 10 2 366 0 8 
0 1468 0 0 11 22 9 0 
0 1 0 0 0 0 17 441 
1354 3 0 41 0 0 0 0 
60 286 41 525 175 1 0 0 
0 1 29 0 1 0 0 1117 
0 0 0 4 474 3 8 0 
147 0 224 2 102 1 44 2 
34 0 0 3 20 0 4 384 
0 0 0 0 0 560 0 0 
0 0 0 0 0 0 0 689 
46 14 3 0 2 277 9 473 
0 0 721 0 0 0 0 0 
0 32 0 0 351 0 0 0 
9 0 0 0 842 0 0 0 
0 2 0 0 0 665 0 0 
0 0 0 916 0 0 1 0 
0 0 0 0 0 0 0 681 
57 842 0 0 15 0 0 10 
0 0 0 0 0 1083 0 0 
0 268 0 0 0 0 25 24 
1174 43 266 0 88 8 0 37 
0 0 0 0 0 1080 0 0 
0 0 0 0 0 222 0 0 
1 325 0 0 0 0 0 0 
515 0 0 0 0 35 0 81 
0 0 174 117 6 4 52 34 
0 29 0 1 2 0 675 0 
21 0 0 621 0 22 0 0 
0 1 0 0 0 0 774 0 
432 0 0 0 0 0 0 0 
784 0 0 0 0 0 1 0 
470 0 2 34 0 0 0 0 
0 9 0 0 0 642 0 1 
1 0 0 0 0 0 0 261 
653 0 0 0 0 8 0 0 
413 0 2 0 6 19 374 10 
0 0 0 4 207 107 0 0 
0 0 0 0 0 0 5 245 
0 0 0 383 0 0 0 0 
0 0 0 240 19 0 4 1 
56 0 2 0 1 0 0 273 
18 508 4 34 0 0 0 3 
