0 0 188 498 27 289 0 0 
0 176 0 0 1 181 0 0 
0 0 0 3 0 0 0 475 
0 1 0 0 486 0 2 0 
0 0 0 0 0 0 0 1607 
0 0 1 0 0 1 772 0 
0 0 0 0 0 818 0 0 
3 491 1 0 0 0 0 0 
13 0 0 2 483 31 113 1 
0 0 0 0 2 1476 17 1 
0 0 0 0 0 0 0 481 
0 0 0 0 1 0 844 0 
0 8 0 3 75 0 199 105 
0 16 0 54 0 1439 0 34 
0 0 0 0 0 438 19 2 
0 4 0 4 615 949 0 2 
0 0 0 1 0 1081 0 0 
0 0 0 0 0 1133 0 0 
11 34 3 68 186 0 153 30 
21 0 1 0 0 1 356 143 
0 0 0 25 0 3 418 12 
42 330 0 17 0 3 160 0 
0 0 0 0 687 0 0 0 
9 35 0 0 777 3 0 0 
0 0 0 720 0 0 1 0 
0 0 0 0 92 0 255 36 
2 0 226 616 0 0 1 6 
0 0 0 0 0 670 0 0 
0 0 820 4 23 4 0 31 
0 0 0 21 1 0 0 656 
0 12 421 48 0 262 150 0 
0 0 22 13 817 125 0 107 
0 58 0 3 1 0 201 54 
0 0 0 10 0 1668 1 0 
0 5 0 33 435 0 598 3 
0 0 55 3 145 0 17 2 
3 297 4 0 0 0 0 1 
0 0 0 0 671 0 0 1 
0 161 0 0 86 77 13 50 
0 0 0 4 0 0 705 0 
58 0 0 31 0 537 18 0 
3 15 32 0 13 13 702 0 
546 31 0 10 0 1 0 11 
25 0 3 8 0 0 1 581 
505 0 0 0 0 0 0 0 
0 0 0 0 0 650 0 0 
0 0 0 0 0 0 0 262 
0 1 386 7 54 126 0 94 
0 0 0 0 0 648 0 0 
17 13 0 0 0 284 0 0 
0 0 0 3 0 134 112 1 
5 0 35 366 0 0 0 12 
21 24 21 0 81 2 115 0 
0 0 0 0 0 0 0 323 
1 22 0 9 10 494 11 0 
