0 0 839 163 0 0 2 0 
0 91 0 86 181 0 0 0 
0 0 0 0 0 436 43 0 
0 5 0 0 337 0 149 0 
1239 0 6 0 0 0 0 362 
772 0 0 0 0 0 1 0 
0 0 0 0 0 1 823 0 
0 495 0 0 0 0 0 0 
0 0 0 0 644 0 0 0 
1236 0 1 0 4 1 241 0 
0 0 32 0 0 0 4 445 
1 0 0 0 0 838 2 0 
0 4 0 0 0 385 0 0 
6 1291 146 0 0 2 0 95 
1 0 18 22 0 418 0 0 
0 0 118 0 1429 0 20 0 
4 1 1050 0 26 0 6 0 
0 17 0 1040 72 0 4 0 
0 1 0 0 483 0 0 0 
0 353 0 0 118 0 49 3 
13 0 0 1 0 162 60 217 
0 0 0 0 0 554 0 0 
321 305 17 0 0 0 12 32 
355 414 3 50 0 2 0 0 
0 0 715 0 0 0 0 0 
0 1 35 19 6 23 12 287 
0 8 0 0 842 0 0 0 
0 0 1 0 0 664 0 0 
0 0 3 878 0 0 0 1 
0 0 0 0 0 0 0 678 
277 31 438 24 84 38 1 0 
0 0 0 0 0 1084 0 0 
0 251 1 0 0 25 0 40 
1594 0 11 0 1 1 68 1 
0 0 0 0 0 1073 0 0 
0 0 0 0 0 222 0 0 
0 303 0 1 0 1 0 0 
11 20 0 525 0 0 114 0 
66 0 0 0 22 299 0 0 
1 15 0 1 0 8 670 15 
0 6 3 50 0 589 0 0 
7 0 2 0 0 0 768 1 
599 0 0 0 0 0 0 0 
0 608 5 2 0 4 0 0 
505 3 0 0 0 0 0 0 
0 0 0 0 0 637 12 4 
0 1 0 3 0 0 1 257 
664 0 0 0 0 0 7 2 
0 0 1 0 79 3 571 0 
0 0 0 1 172 140 0 0 
0 0 0 0 0 0 9 241 
0 0 0 423 2 0 0 0 
28 0 32 0 0 0 0 197 
0 0 0 0 0 0 0 324 
212 0 0 182 2 0 158 3 
