0 0 802 197 8 0 0 0 
1 97 1 85 206 0 0 0 
0 0 0 0 0 79 69 248 
3 0 45 8 291 134 14 0 
1353 5 0 0 3 11 0 555 
799 0 0 0 0 0 1 0 
1 0 0 0 0 0 822 0 
0 470 0 0 0 0 0 0 
0 0 0 0 818 0 0 0 
1179 0 3 27 0 1 275 0 
362 59 1 0 59 0 0 0 
0 0 0 0 0 840 1 0 
0 0 0 14 22 348 0 3 
0 1245 36 55 147 28 136 7 
0 165 0 1 17 91 0 185 
22 0 618 5 769 16 156 15 
3 14 13 616 39 155 683 0 
123 77 0 1 0 778 222 0 
0 0 0 0 0 315 0 0 
0 4 0 2 472 0 9 0 
5 180 272 0 22 0 0 44 
0 135 0 0 5 325 6 0 
0 0 0 0 0 540 0 0 
0 0 249 107 11 36 83 0 
0 151 621 0 0 131 0 0 
0 0 720 1 0 0 0 0 
0 0 0 23 0 24 0 364 
1 0 0 0 816 4 1 0 
0 0 0 0 0 664 0 3 
0 0 0 1242 0 0 0 0 
0 0 0 0 0 0 0 663 
7 41 0 130 113 576 55 1 
0 0 0 0 0 1417 0 0 
0 47 0 0 0 0 0 270 
109 0 0 0 1333 800 0 0 
0 0 0 0 0 758 0 0 
1 0 0 0 0 221 0 0 
0 303 19 3 0 0 1 0 
0 0 1 59 102 690 0 0 
0 39 71 2 3 231 62 0 
5 0 0 2 5 0 671 0 
20 70 67 244 0 1 0 234 
0 0 0 0 0 0 780 0 
545 0 0 0 0 0 0 0 
0 0 1 0 0 0 14 604 
493 2 0 9 0 0 2 4 
1 0 22 6 0 620 0 0 
0 0 0 2 0 0 0 255 
796 4 0 0 8 0 0 0 
0 12 0 0 0 236 0 1 
