1 0 837 148 0 0 13 0 
0 75 0 93 190 0 0 0 
0 0 0 0 0 438 40 0 
0 1 10 11 493 0 0 0 
1210 0 14 0 0 0 14 371 
790 0 0 0 0 0 1 0 
0 2 0 3 10 4 798 0 
0 474 0 0 0 0 0 0 
0 3 4 0 609 0 0 1 
1356 0 0 0 0 0 126 0 
55 256 0 19 28 0 8 115 
0 0 0 0 0 838 1 0 
0 0 0 0 0 389 0 0 
0 1527 0 18 0 0 0 0 
0 0 1 1 0 171 256 30 
15 0 567 76 881 22 0 1 
10 123 698 23 5 30 0 190 
240 298 31 5 1 0 493 74 
0 0 5 0 460 0 21 0 
2 0 0 0 0 517 4 0 
1 0 0 184 7 1 18 239 
0 0 0 0 0 555 0 0 
567 0 0 16 1 0 82 22 
0 0 1 753 0 9 58 3 
0 0 721 0 0 0 0 0 
1 13 0 0 0 126 64 179 
0 0 0 0 828 0 0 22 
0 0 0 1 0 664 3 0 
2 0 0 876 0 0 0 0 
0 0 2 0 0 0 0 678 
61 196 151 106 96 278 5 0 
0 0 0 0 0 1092 0 0 
0 28 1 285 0 2 0 1 
1405 0 5 0 53 183 0 13 
0 0 1 0 0 1079 0 0 
0 0 0 0 1 221 0 0 
0 255 0 0 71 0 0 0 
453 161 0 1 1 0 0 58 
380 2 0 0 0 0 0 5 
1 1 5 0 0 3 684 0 
0 0 637 0 0 0 0 0 
0 2 0 2 1 0 773 0 
607 0 0 0 0 0 0 0 
0 0 14 0 0 601 2 0 
474 0 1 0 0 8 0 24 
0 4 1 14 0 628 1 0 
0 0 1 0 0 1 0 260 
614 0 22 0 1 0 0 38 
0 9 1 0 232 403 20 2 
0 0 3 0 187 122 0 0 
0 0 0 0 0 1 10 239 
0 0 0 429 0 0 0 0 
56 4 0 0 44 0 3 150 
0 0 51 0 0 4 0 268 
100 76 63 0 0 254 55 7 
