3 0 977 1 0 0 0 0 
3 80 0 81 194 0 0 0 
0 0 0 0 0 436 42 0 
0 5 0 3 496 0 0 27 
1086 0 0 4 44 0 0 464 
705 0 0 0 0 0 1 0 
0 0 0 0 0 0 805 2 
0 482 0 0 0 0 0 0 
0 1 0 0 643 0 0 0 
1482 0 19 0 0 0 10 1 
0 0 0 63 0 365 0 53 
0 0 0 0 0 843 1 0 
0 0 2 0 0 359 9 18 
5 1501 0 0 0 0 5 1 
5 0 41 0 105 1 0 307 
1377 11 7 0 0 10 0 0 
60 165 17 771 64 0 6 0 
24 0 1 0 0 168 0 955 
0 0 0 0 489 0 0 0 
0 0 318 13 34 157 0 0 
0 0 10 0 0 0 52 385 
0 0 0 0 0 562 0 0 
9 0 291 0 0 29 15 345 
105 5 93 0 0 7 62 552 
0 0 721 0 0 0 0 0 
2 0 0 1 362 18 0 0 
0 0 0 1 850 0 0 0 
0 0 0 0 0 667 1 0 
0 5 1 911 0 0 0 0 
0 0 0 0 0 0 0 679 
0 796 0 44 84 0 0 1 
0 0 0 0 0 1078 0 1 
1 211 75 0 1 0 29 0 
1396 6 189 0 0 0 0 19 
0 0 0 0 0 1081 0 0 
0 0 0 0 0 222 0 0 
0 326 0 0 0 0 0 0 
511 0 0 46 0 0 0 73 
0 0 156 144 1 48 0 38 
8 0 0 5 0 0 696 0 
12 2 0 629 0 20 0 1 
0 2 0 0 0 0 773 0 
437 0 0 0 0 2 0 0 
864 0 0 1 0 0 0 0 
502 0 4 0 2 0 0 0 
0 1 0 1 0 649 0 0 
0 0 0 0 0 0 0 262 
650 3 1 0 0 1 0 4 
281 0 13 0 62 148 313 6 
0 0 0 0 197 115 0 0 
0 0 0 0 0 0 6 244 
0 1 0 382 0 0 0 0 
0 0 23 230 0 6 5 0 
0 1 18 0 0 1 0 313 
3 392 85 10 0 0 77 0 
