0 0 845 154 0 1 0 0 
0 97 0 78 214 1 0 0 
0 0 0 0 0 77 54 265 
0 0 1 0 448 1 42 0 
1360 0 0 0 0 0 0 566 
800 0 0 0 0 0 1 0 
1 0 0 0 0 0 827 0 
0 490 0 0 0 0 0 0 
0 0 0 0 817 0 0 1 
1347 2 0 10 0 66 65 0 
411 12 1 57 0 0 0 0 
0 0 0 0 0 838 3 0 
0 0 3 1 2 379 0 0 
2 1215 189 0 0 19 233 0 
206 1 5 0 23 0 5 219 
1 0 135 10 1058 0 1 408 
1 65 1 331 6 327 669 115 
95 4 0 202 1 877 5 0 
0 0 0 0 0 315 0 0 
0 0 0 0 488 0 0 0 
22 0 200 0 219 0 82 0 
0 0 99 88 0 197 87 0 
0 0 0 0 0 540 0 0 
0 0 0 11 14 48 365 0 
80 1 781 0 16 3 22 0 
0 0 721 0 0 0 0 0 
5 13 0 0 14 12 92 275 
0 0 1 0 818 0 0 3 
0 0 0 0 0 667 0 0 
1 0 0 1247 0 0 0 0 
0 0 0 0 0 0 0 663 
0 0 0 407 5 425 1 86 
0 0 0 0 0 1455 0 0 
27 260 5 1 3 8 10 3 
223 0 0 2 1351 656 8 2 
0 0 0 0 0 755 1 0 
0 0 0 0 0 251 0 0 
0 280 1 2 1 0 21 0 
1 0 0 382 27 493 0 0 
51 1 2 0 8 345 0 0 
0 0 0 0 0 0 684 1 
15 0 5 121 49 0 413 29 
2 3 0 0 0 0 778 0 
538 0 0 0 0 0 0 0 
42 22 0 36 479 7 0 32 
507 0 0 2 0 0 1 10 
189 52 1 0 409 180 0 0 
0 0 0 0 0 0 0 257 
777 0 0 21 11 0 0 0 
