12 0 845 141 0 0 0 0 
1 85 0 83 187 2 0 0 
0 0 0 0 0 434 44 0 
0 0 0 0 442 0 0 45 
1167 0 1 0 0 0 0 440 
790 0 0 0 0 0 1 0 
0 3 0 0 0 0 814 0 
0 495 0 0 0 0 0 0 
0 0 1 0 643 0 0 1 
1328 0 15 6 0 0 13 120 
3 0 0 0 0 0 44 434 
0 0 0 0 0 836 1 0 
0 0 0 1 0 379 9 0 
5 1159 0 95 279 0 0 7 
0 0 0 69 0 4 55 331 
8 29 1302 0 235 5 0 0 
0 316 763 0 1 0 1 0 
2 312 0 16 259 1 536 0 
0 0 0 17 469 0 0 3 
0 0 15 155 6 342 4 0 
0 0 0 451 0 1 0 0 
0 0 0 0 0 554 0 0 
622 0 1 0 2 47 3 13 
2 90 164 533 0 25 4 6 
0 0 722 0 0 0 0 0 
0 199 2 3 91 87 1 0 
0 0 0 0 850 0 0 1 
0 0 2 0 0 658 5 0 
0 0 5 868 0 0 0 0 
0 0 0 0 0 0 0 679 
0 769 0 67 0 56 0 0 
1 0 0 0 0 1086 1 0 
0 268 3 1 0 1 44 0 
1487 16 31 0 92 28 0 0 
0 1 0 0 2 1082 0 0 
0 0 0 0 0 221 0 1 
0 277 0 8 11 0 9 0 
6 0 129 1 2 537 0 0 
364 0 18 0 0 5 0 0 
0 0 0 1 0 4 685 3 
2 0 425 160 43 0 2 2 
0 0 0 0 0 2 777 1 
607 0 0 0 0 0 0 0 
0 42 0 1 109 72 392 2 
498 2 1 0 0 0 7 0 
7 0 0 0 0 639 6 2 
0 0 0 0 0 0 0 262 
628 0 29 11 0 0 6 0 
14 0 0 4 256 394 0 0 
0 0 0 0 200 112 0 0 
0 1 0 0 0 0 8 241 
0 0 0 433 0 0 0 0 
156 2 2 66 0 31 0 0 
2 0 2 0 0 0 0 319 
0 301 90 89 3 1 57 13 
