8 0 263 391 10 335 0 0 
0 75 0 0 0 314 0 1 
0 0 0 0 0 23 130 243 
33 73 11 9 363 0 0 2 
0 0 0 0 0 0 0 1927 
0 0 0 0 0 0 796 2 
0 0 1 0 0 822 0 0 
0 468 1 0 0 1 0 0 
0 250 61 0 0 468 4 35 
0 0 0 0 0 1483 9 0 
0 0 0 0 0 0 0 481 
0 0 0 0 0 0 841 0 
54 159 3 172 0 0 0 0 
11 1 20 2 0 1612 3 2 
0 0 1 0 455 2 0 1 
539 96 0 38 30 359 529 0 
0 0 0 0 0 1530 0 0 
0 0 0 0 0 1203 0 0 
0 0 0 0 0 0 0 315 
11 165 26 22 39 186 5 34 
253 5 0 3 55 9 198 0 
462 3 1 0 0 5 0 0 
1 0 0 0 537 1 1 0 
0 0 0 0 486 0 0 0 
5 9 0 24 449 0 223 192 
0 0 0 718 0 0 3 0 
22 19 0 0 1 0 0 369 
0 0 282 539 0 1 0 0 
0 0 0 0 0 668 0 0 
3 0 1169 0 14 0 18 38 
5 1 4 0 0 0 0 652 
15 0 0 903 2 0 0 3 
0 73 16 1 11 1268 0 48 
0 0 0 0 120 197 0 0 
0 0 0 2 0 2240 0 0 
0 54 0 702 0 1 0 0 
9 0 114 66 7 25 0 1 
0 325 0 0 0 0 0 1 
0 0 0 0 855 0 0 1 
0 220 81 0 0 0 106 0 
1 0 0 1 0 0 681 0 
0 0 240 381 0 14 0 0 
1 0 4 0 0 55 719 1 
506 0 23 0 0 0 7 0 
17 41 0 181 20 18 325 18 
515 0 3 0 0 0 1 0 
0 0 0 0 0 649 0 0 
0 0 0 0 0 0 0 257 
9 0 8 0 3 769 0 19 
0 1 0 1 0 246 1 0 
