4 0 845 147 0 0 0 2 
1 77 1 85 194 0 0 0 
0 0 0 0 0 87 59 242 
0 2 0 47 436 0 0 6 
1412 0 0 0 0 0 2 512 
802 0 0 0 0 0 1 0 
2 1 0 0 0 0 816 0 
0 495 0 0 0 0 0 0 
0 2 11 0 803 0 0 0 
713 0 0 229 1 3 508 21 
0 342 0 0 6 0 133 0 
0 0 0 0 0 838 3 0 
0 0 0 5 0 378 0 3 
0 655 686 338 0 0 3 0 
0 13 45 203 122 4 0 72 
22 0 0 2 811 1 709 75 
0 117 7 257 0 0 1148 0 
324 9 0 0 439 47 0 374 
0 0 0 0 0 315 0 0 
2 3 1 0 482 0 0 0 
22 276 20 0 7 0 149 48 
8 0 1 0 0 462 0 0 
0 0 0 0 0 540 0 0 
28 0 141 56 72 0 72 119 
4 1 824 5 0 35 0 34 
0 0 721 0 0 0 0 0 
0 0 0 408 4 0 0 0 
9 0 0 0 842 0 0 0 
1 0 0 6 0 665 1 0 
0 0 1 1248 0 0 0 0 
0 0 0 4 0 1 1 654 
207 0 0 0 174 0 42 472 
0 0 0 0 0 1418 0 0 
6 247 1 54 0 0 9 0 
92 0 0 0 1531 605 14 0 
0 0 0 0 0 735 0 0 
0 0 1 0 0 221 0 0 
1 299 0 0 0 0 1 4 
8 0 5 0 0 844 0 0 
0 0 170 0 42 0 178 17 
0 10 0 0 0 0 674 0 
0 270 0 0 1 356 0 26 
0 0 0 0 0 0 782 0 
537 0 0 0 0 0 0 0 
0 20 0 0 0 0 0 600 
505 2 3 0 0 9 0 0 
0 0 0 0 0 634 16 0 
0 0 0 0 0 0 0 257 
734 0 0 0 0 0 60 8 
36 0 40 0 1 26 150 2 
