756 1 183 769 22 539 0 2 
0 37 0 0 0 674 0 0 
1 0 0 0 5 32 128 218 
5 0 22 13 320 0 0 113 
0 0 0 0 0 0 0 1952 
114 0 0 0 0 1 1234 0 
0 0 0 0 0 826 0 0 
2 447 0 0 0 0 0 13 
17 821 307 152 1 102 40 0 
0 0 0 1 1 1182 419 0 
0 0 0 0 0 1 0 480 
0 1 0 7 0 1 840 0 
7 203 36 2 1 0 96 0 
0 0 1 0 0 1657 0 2 
267 0 3 106 0 32 11 37 
746 0 18 518 60 355 0 0 
0 0 0 0 0 624 0 0 
0 0 0 0 0 1149 0 0 
0 0 0 0 0 0 0 315 
55 277 3 0 2 149 0 1 
133 0 13 339 38 0 0 0 
79 128 0 0 0 208 42 26 
124 2 67 0 1 314 24 8 
0 0 0 0 351 0 0 0 
42 3 3 0 363 119 198 175 
0 0 0 0 0 343 0 0 
0 184 0 38 0 648 40 8 
0 0 57 676 4 0 0 0 
0 2 366 0 0 1 43 0 
0 0 200 622 0 0 0 0 
0 0 0 0 0 669 0 0 
5 1 1169 41 20 3 0 10 
0 0 0 0 1 0 0 719 
515 0 34 412 0 0 5 0 
0 0 0 0 11 1456 24 29 
134 21 1 0 0 41 1 119 
2 0 0 0 0 2375 0 6 
4 0 0 0 4 0 0 729 
2 0 0 0 0 0 34 148 
0 322 0 0 0 0 4 0 
0 0 0 0 1008 0 0 1 
32 36 256 0 0 0 8 77 
0 0 0 1 0 0 317 434 
0 0 3 0 1 24 248 337 
1 0 0 0 171 0 617 0 
