0 0 975 0 0 0 0 2 
0 94 0 76 188 0 0 0 
0 0 0 0 0 437 41 0 
0 11 0 0 526 2 1 0 
1186 0 0 0 8 0 0 406 
780 0 0 0 0 0 1 0 
0 0 0 0 0 2 802 0 
0 481 0 0 0 0 0 0 
0 0 0 0 636 0 0 0 
1479 0 0 0 0 0 12 23 
1 452 3 1 0 20 2 2 
0 0 0 0 0 835 1 0 
0 0 0 0 0 389 0 0 
0 1539 0 0 0 0 2 0 
0 0 0 0 28 3 0 428 
1396 0 0 0 1 0 0 1 
33 994 0 1 0 44 15 0 
0 248 0 87 5 0 6 807 
1 3 4 0 480 0 1 0 
34 87 204 0 193 0 2 2 
68 150 1 0 0 191 32 18 
0 0 0 0 0 550 0 0 
0 0 64 0 581 39 1 4 
8 0 1 555 0 182 71 7 
0 0 721 0 0 0 0 0 
0 0 18 22 101 242 0 0 
3 0 0 0 848 0 0 0 
0 0 0 0 0 663 0 0 
1 0 0 913 0 0 0 0 
0 0 0 0 0 0 0 679 
199 668 0 0 24 0 0 0 
0 0 0 0 0 1085 0 0 
0 316 0 0 0 1 0 0 
1550 0 12 0 0 52 0 0 
0 0 0 0 0 1074 0 0 
1 0 0 0 0 221 0 0 
0 304 0 14 5 3 0 0 
578 0 0 0 1 25 4 23 
5 0 14 136 0 8 0 224 
0 0 10 1 0 10 684 2 
0 10 0 635 0 0 14 4 
0 0 0 0 0 0 781 0 
447 0 0 0 0 0 0 0 
785 0 0 0 0 0 0 9 
501 5 0 0 0 2 0 0 
0 0 0 0 0 642 9 0 
0 0 1 0 0 0 0 261 
656 0 0 1 1 0 0 0 
533 81 0 40 0 55 114 0 
0 0 0 0 204 108 0 0 
0 0 0 0 0 0 7 243 
0 0 0 392 0 0 0 1 
3 0 53 201 0 0 0 0 
0 0 0 0 0 0 0 324 
227 267 0 30 33 6 0 12 
