0 0 267 277 5 432 0 1 
0 143 3 0 0 212 0 0 
1 0 0 0 0 0 0 477 
78 0 22 0 442 0 0 0 
0 2 0 0 0 0 0 1596 
0 0 0 0 0 2 706 0 
0 0 0 0 0 811 0 0 
80 399 2 0 0 1 0 0 
3 0 7 0 0 527 95 2 
0 0 0 0 0 1518 2 3 
0 0 0 0 0 0 0 481 
0 0 0 0 0 0 833 0 
77 76 108 0 6 121 0 0 
0 4 0 0 0 1502 0 0 
1 447 0 0 1 0 10 0 
0 0 0 2 4 1347 3 30 
0 0 0 0 0 1057 0 0 
0 0 0 0 0 1148 0 0 
0 1 392 0 10 11 34 42 
4 0 2 0 270 246 0 0 
2 0 309 5 98 28 1 8 
92 10 0 0 2 0 368 84 
0 0 0 0 687 0 0 0 
0 63 0 0 15 731 4 0 
0 0 0 720 0 1 0 0 
82 10 0 276 0 0 5 10 
0 0 182 669 0 0 0 0 
0 0 0 0 0 692 0 0 
22 0 878 0 6 0 2 15 
0 0 0 0 0 0 0 679 
130 12 0 173 0 0 0 612 
47 0 0 14 0 0 0 1021 
227 0 0 26 12 47 5 0 
22 0 1 1 36 1544 12 0 
0 4 3 311 0 404 335 22 
43 0 0 0 51 0 108 20 
0 324 0 0 0 0 0 2 
0 0 0 0 625 0 0 3 
35 0 0 28 311 1 0 12 
0 0 0 7 0 0 698 0 
0 1 3 657 0 0 0 0 
0 61 12 5 0 4 705 0 
359 17 0 0 0 71 1 0 
24 3 680 19 125 11 4 0 
511 0 0 0 0 0 0 0 
0 0 0 0 0 649 0 0 
0 0 0 0 0 0 0 263 
6 0 0 31 14 612 4 5 
0 0 0 0 0 825 0 0 
11 23 0 35 2 239 0 2 
0 0 1 0 0 126 123 0 
158 0 9 2 0 0 103 105 
15 0 150 79 0 0 6 14 
0 0 0 0 0 0 1 327 
0 56 0 0 0 440 62 8 
