0 0 190 439 13 354 4 0 
3 166 0 0 0 189 0 0 
0 0 0 0 0 0 0 478 
0 2 0 13 476 0 1 6 
0 0 0 0 0 0 0 1606 
0 0 0 0 0 0 775 0 
0 0 0 0 0 823 0 0 
1 489 0 0 4 0 0 1 
0 12 0 0 568 0 50 6 
0 0 1 0 0 1479 2 0 
0 0 0 0 0 0 0 481 
0 0 0 0 2 0 826 16 
0 5 1 0 0 109 3 272 
0 0 0 0 0 1527 16 0 
0 0 0 0 1 397 61 0 
0 0 46 13 555 956 1 1 
0 0 1 0 0 1086 0 0 
0 0 0 0 0 1136 0 0 
10 0 79 56 153 4 186 0 
469 0 0 23 0 0 1 29 
220 0 76 23 0 0 138 0 
194 4 104 0 4 1 243 0 
0 0 0 1 686 0 0 0 
232 25 0 0 90 0 0 477 
0 0 0 721 0 0 0 0 
0 4 156 167 3 1 52 0 
7 0 220 614 0 0 0 10 
0 0 0 0 0 668 0 0 
0 5 822 2 14 0 0 41 
0 0 2 4 4 2 0 668 
73 56 0 299 0 0 55 409 
1 0 21 73 388 0 60 543 
0 0 0 0 0 95 200 22 
0 26 0 0 0 1649 0 0 
211 122 0 0 0 0 739 0 
0 21 1 2 3 37 0 158 
1 298 0 0 0 0 0 6 
0 0 0 0 671 0 0 1 
0 0 1 0 349 11 26 0 
0 0 0 3 0 0 705 0 
0 4 3 0 103 67 464 0 
0 1 1 1 3 1 772 0 
573 0 4 0 3 17 0 0 
0 5 0 0 330 2 2 280 
501 0 0 3 0 0 0 2 
0 0 0 0 0 651 0 0 
0 0 0 0 0 0 0 263 
1 0 1 0 0 557 111 4 
0 0 0 0 0 647 0 0 
0 0 0 0 0 306 0 9 
0 2 0 1 0 126 121 0 
189 27 1 63 33 0 79 24 
0 46 28 73 2 30 82 3 
0 0 0 0 0 0 0 324 
2 1 0 0 11 518 0 18 
