328 0 1617 283 0 47 0 0 
0 141 0 177 377 17 0 0 
0 0 0 0 0 78 67 228 
0 0 0 0 458 0 18 0 
1313 0 0 0 0 0 0 655 
1351 0 0 0 0 0 1 0 
0 0 0 0 0 0 819 0 
0 462 0 0 0 0 0 0 
0 0 0 0 1439 0 0 0 
315 0 1 2 10 61 1221 11 
0 157 0 86 0 0 25 213 
0 0 0 0 0 848 1 0 
0 67 0 0 7 0 184 87 
89 193 966 17 0 257 135 1 
22 341 0 0 0 95 1 0 
625 0 3 1 0 598 98 370 
1 287 46 241 0 0 51 0 
205 11 16 193 3 514 0 205 
0 0 0 0 0 315 0 0 
0 0 0 5 480 1 0 0 
0 0 0 0 0 163 216 144 
10 0 0 0 0 459 12 2 
0 0 0 0 0 540 0 0 
3 0 0 0 0 0 872 0 
105 9 432 0 222 0 49 86 
0 0 0 52 19 0 63 209 
154 212 37 0 401 0 114 0 
0 0 737 0 0 0 0 0 
3 0 0 0 232 12 0 165 
0 0 0 0 819 0 0 3 
1 0 1 1 0 664 0 0 
1 0 1 1247 0 0 0 1 
1 0 0 0 0 0 0 709 
0 77 316 0 12 312 238 11 
0 0 0 0 0 1520 0 0 
143 15 112 0 0 0 47 0 
16 0 0 0 1643 717 0 4 
0 0 0 0 0 735 0 0 
0 0 0 0 0 184 0 0 
0 314 0 0 0 3 0 9 
42 110 0 15 210 0 132 497 
0 60 1 0 345 0 0 2 
0 6 0 1 5 0 274 450 
0 5 0 0 0 0 255 2 
8 0 4 3 1 93 66 454 
