0 1 211 440 15 331 1 0 
0 147 8 0 0 191 0 12 
0 1 0 0 2 0 0 475 
0 188 0 1 278 0 0 12 
0 0 0 0 0 2 0 1604 
0 0 0 0 0 0 789 3 
0 0 0 0 1 819 0 0 
0 492 1 0 0 0 0 2 
172 0 13 0 0 446 0 4 
0 10 0 0 0 1466 2 0 
0 1 1 0 0 0 0 479 
1 0 0 1 0 0 837 0 
6 3 0 0 0 348 30 2 
0 0 24 0 0 1499 0 12 
79 0 131 111 81 32 18 7 
10 0 0 0 2 1556 2 0 
0 0 0 0 0 1070 0 0 
0 0 0 0 0 1131 0 0 
0 0 0 0 11 7 472 0 
7 0 0 3 76 21 0 415 
72 2 8 46 0 53 0 276 
4 0 0 545 0 1 5 0 
0 0 1 0 687 0 0 0 
0 0 82 286 0 0 456 0 
0 0 0 714 0 1 0 7 
0 0 0 0 0 8 375 0 
0 5 251 594 0 0 1 0 
0 0 0 0 0 664 0 0 
0 1 748 25 0 56 0 57 
0 0 2 0 0 0 0 677 
1 34 9 280 0 387 18 164 
0 0 0 28 0 3 52 1180 
4 0 307 3 1 1 0 1 
0 0 10 0 8 1648 0 0 
101 0 0 1 43 36 14 711 
7 84 0 28 94 0 5 4 
0 300 0 0 1 4 0 0 
0 0 0 0 668 0 1 1 
0 0 1 0 3 356 25 0 
0 0 0 2 1 0 697 1 
71 3 0 72 505 0 0 0 
1 0 0 7 0 39 733 0 
457 0 54 0 10 0 19 0 
66 24 1 27 25 0 0 474 
495 0 0 1 0 2 0 0 
0 0 0 0 0 650 0 0 
0 0 0 0 0 0 0 262 
36 4 4 0 1 679 22 0 
0 0 0 0 0 668 0 0 
12 2 0 4 0 295 0 0 
0 0 0 0 2 137 111 0 
2 58 76 0 280 0 0 3 
0 59 108 0 28 61 0 1 
0 0 0 0 0 0 0 323 
0 0 3 11 0 558 0 0 
