0 0 235 442 14 307 0 0 
0 105 12 1 0 240 0 0 
0 0 0 0 0 0 0 478 
0 1 0 0 487 0 0 0 
5 0 0 0 1 0 0 1921 
0 0 0 0 1 0 797 0 
0 0 0 0 0 827 0 0 
0 431 0 2 62 0 0 0 
0 822 0 0 1 0 0 0 
0 0 0 0 0 1463 5 0 
0 0 0 0 0 0 0 481 
5 0 0 0 0 0 837 0 
0 268 0 34 11 0 67 8 
0 0 0 36 0 1646 0 0 
0 368 0 0 0 65 25 0 
0 0 0 0 579 734 5 314 
0 0 0 0 0 1525 0 0 
0 0 0 0 0 1130 0 0 
0 0 19 0 0 40 212 218 
0 0 150 3 0 0 5 365 
14 27 0 296 28 0 0 90 
16 0 1 0 538 3 0 0 
1 0 0 0 687 0 0 0 
334 65 0 22 0 0 42 440 
0 0 0 721 0 0 0 0 
22 0 17 0 33 0 0 335 
0 0 226 623 0 1 0 0 
0 0 0 0 0 678 0 0 
9 0 785 5 24 0 0 76 
0 0 0 0 0 5 0 671 
0 3 0 52 567 7 0 268 
0 0 5 286 4 649 373 109 
0 0 0 217 0 0 3 97 
0 0 0 0 0 1810 0 0 
259 0 98 7 1 356 0 0 
221 0 0 0 1 0 0 0 
4 300 0 0 0 1 0 0 
0 0 0 0 653 0 0 1 
378 0 0 0 0 29 0 0 
2 0 0 2 0 0 685 0 
0 228 144 9 107 0 164 0 
0 18 23 9 0 0 729 0 
520 26 0 0 0 0 0 0 
48 0 0 0 27 0 0 545 
500 0 0 0 0 0 0 6 
0 0 0 0 0 648 0 0 
0 0 0 0 0 0 0 257 
1 0 27 0 64 655 0 0 
0 0 0 0 0 461 0 0 
4 0 0 0 5 330 0 0 
0 0 1 2 0 2 210 0 
0 0 344 3 0 0 0 0 
