0 0 213 449 8 328 0 0 
18 138 0 0 0 199 1 2 
0 1 3 0 0 0 0 474 
0 106 0 0 385 0 0 0 
0 0 0 0 0 0 0 1609 
0 0 0 2 0 2 784 0 
0 0 0 0 0 817 0 0 
0 484 1 0 8 1 1 0 
0 3 1 75 522 5 38 1 
1 0 0 0 0 1480 7 0 
0 0 0 0 0 0 0 481 
0 0 1 0 0 0 837 0 
95 45 69 0 0 158 20 2 
0 0 0 12 0 1531 0 0 
0 15 321 0 0 0 0 123 
0 35 0 0 0 1513 0 20 
0 0 0 0 0 1081 0 0 
0 0 0 0 0 1138 0 0 
0 337 38 60 0 53 0 0 
82 84 0 8 227 86 0 36 
143 5 244 5 0 2 52 0 
318 0 9 199 0 4 25 0 
0 0 0 0 687 0 0 0 
1 0 260 21 488 2 16 36 
0 0 0 720 0 1 0 0 
0 0 317 3 0 0 0 63 
0 0 287 563 0 0 0 0 
0 0 0 0 0 664 0 0 
0 22 718 0 0 0 2 134 
0 0 0 4 0 1 0 675 
0 0 290 0 0 122 0 479 
0 0 0 59 33 0 0 991 
0 22 0 13 65 158 59 0 
0 0 0 0 2 1657 3 0 
0 19 0 627 179 0 76 186 
0 0 0 92 102 28 0 0 
0 304 0 0 0 0 0 1 
0 0 0 0 671 0 0 1 
18 66 0 303 0 0 0 0 
0 0 0 1 0 0 691 0 
24 0 80 0 50 0 479 2 
0 0 0 5 0 12 747 15 
560 0 0 0 0 15 0 30 
12 0 71 1 0 504 28 0 
504 0 0 0 2 0 0 0 
1 0 0 0 0 648 0 0 
0 0 0 0 0 0 0 263 
0 10 0 118 1 511 33 1 
0 0 0 0 0 670 0 0 
0 10 0 2 6 257 38 0 
0 0 0 0 0 142 108 0 
135 54 0 149 2 0 0 91 
0 0 0 243 0 0 14 0 
0 0 0 0 0 0 0 324 
3 0 0 0 0 426 125 0 
