0 7 860 127 1 2 0 0 
0 86 0 79 187 0 0 0 
0 0 0 0 0 441 37 0 
0 0 12 15 365 88 0 0 
1224 0 0 0 0 0 0 377 
796 0 0 0 0 0 1 0 
0 0 0 0 0 0 783 12 
0 474 0 0 0 0 0 0 
0 0 0 1 637 0 1 0 
629 0 19 0 6 0 837 5 
270 0 0 175 31 0 1 4 
0 0 0 0 0 837 1 0 
0 0 0 11 0 378 0 0 
6 1506 18 0 3 0 2 2 
0 0 250 0 113 92 1 0 
385 13 1165 0 0 0 0 13 
31 497 31 0 511 3 1 0 
0 132 26 0 399 571 0 2 
0 0 0 6 466 0 18 0 
21 44 139 204 0 4 0 111 
0 66 0 249 2 117 0 25 
0 0 0 0 0 550 0 0 
0 14 42 14 520 6 0 93 
0 0 8 450 0 35 10 321 
0 0 721 0 0 0 0 0 
0 96 0 218 0 2 67 0 
2 0 0 0 848 0 0 0 
0 1 0 0 0 677 0 0 
0 0 1 867 0 1 7 10 
0 0 0 0 0 0 0 676 
0 36 2 741 64 34 15 0 
0 0 0 0 0 1401 0 0 
0 279 6 0 0 28 4 0 
1559 0 0 0 0 0 0 100 
0 0 0 0 0 774 0 0 
1 0 0 0 0 221 0 0 
0 307 0 0 2 17 0 0 
0 0 0 628 1 4 27 12 
248 157 0 0 0 2 0 0 
0 0 20 0 1 0 674 0 
249 34 1 3 0 1 11 354 
0 1 6 0 0 8 762 1 
535 0 0 0 0 0 0 0 
0 0 0 55 289 0 164 113 
494 0 0 6 0 2 0 2 
0 0 0 0 0 647 0 0 
0 0 0 0 0 0 0 262 
746 0 0 0 8 0 2 0 
163 0 1 0 0 0 14 426 
0 0 0 0 186 134 0 0 
0 1 0 0 0 0 7 242 
0 0 0 412 0 0 0 0 
0 0 0 263 0 0 1 0 
1 0 0 0 0 0 0 322 
0 189 3 38 156 11 166 34 
