1 0 240 364 6 387 0 0 
10 146 0 6 0 193 0 3 
0 0 0 0 0 0 0 478 
0 0 5 1 479 1 1 0 
0 0 0 0 0 0 0 1599 
1 0 0 0 0 0 801 0 
0 0 0 0 0 834 0 0 
0 473 0 1 0 0 0 0 
23 0 54 195 0 1 0 374 
0 2 0 0 2 1469 6 0 
0 0 0 0 0 0 0 481 
0 0 0 0 0 0 845 0 
0 11 42 283 0 51 2 0 
18 0 0 0 0 1670 0 0 
0 19 17 128 56 234 2 3 
0 0 0 0 776 654 0 102 
0 0 0 0 0 1073 0 0 
0 0 0 0 0 1146 0 0 
1 90 192 0 5 0 0 198 
61 0 64 49 0 7 3 339 
0 393 0 2 40 0 0 16 
0 0 58 439 0 0 59 0 
0 0 0 0 688 0 0 0 
0 0 10 32 0 1 0 859 
0 0 0 716 0 5 0 0 
0 0 0 2 405 0 0 0 
1 0 231 616 0 0 2 0 
0 0 0 0 0 678 0 0 
0 23 826 0 0 1 0 57 
0 0 0 0 0 0 0 680 
2 0 12 5 28 579 0 267 
0 0 0 0 42 442 0 916 
61 1 0 0 42 0 188 25 
0 2 0 8 1 1799 0 0 
0 0 0 70 0 492 69 118 
1 0 128 0 0 51 42 0 
9 317 0 0 0 0 0 0 
0 0 0 1 654 0 0 1 
399 0 0 0 0 0 3 5 
0 0 0 2 0 1 686 0 
0 281 0 374 0 0 0 0 
3 0 0 0 4 0 769 0 
497 0 41 0 2 2 0 3 
0 0 0 8 0 0 5 606 
500 0 2 0 3 0 0 0 
0 0 0 0 0 650 0 0 
0 0 0 0 0 0 0 261 
41 0 672 3 0 30 0 0 
0 2 0 0 3 456 0 0 
0 0 1 0 0 338 0 0 
0 0 0 0 0 16 200 0 
139 117 4 13 9 35 0 18 
0 2 1 0 173 30 35 0 
0 0 0 0 0 0 0 322 
1 0 3 0 0 445 3 0 
