0 0 786 211 0 2 0 2 
2 89 0 86 181 0 0 0 
0 0 0 0 0 434 44 0 
0 0 9 0 459 7 0 12 
1284 0 0 1 0 0 0 323 
771 0 0 0 0 0 1 0 
2 0 0 0 1 0 820 0 
0 495 0 0 0 0 0 0 
0 0 0 0 638 3 0 3 
1190 11 0 0 23 14 246 0 
0 422 9 5 29 0 16 0 
0 0 0 0 0 837 4 0 
0 1 0 0 1 360 0 27 
0 1465 0 80 0 0 0 0 
0 247 35 0 129 24 18 6 
1 0 537 1027 1 1 2 0 
32 0 938 25 70 3 0 14 
0 923 79 136 1 0 0 4 
2 0 0 0 485 1 0 0 
9 274 0 0 91 144 4 0 
1 61 0 1 0 0 0 396 
0 0 0 0 0 549 0 0 
516 50 0 122 0 0 0 0 
10 194 0 53 0 0 1 566 
0 0 720 0 0 0 0 1 
0 0 0 0 0 7 6 370 
0 0 0 0 850 1 0 0 
0 0 0 0 1 665 3 0 
0 0 0 876 0 2 0 4 
0 0 0 0 0 0 0 679 
208 0 680 0 0 3 0 0 
0 0 0 0 0 1091 0 0 
4 108 0 205 0 0 0 0 
1600 0 0 16 0 61 0 0 
0 0 0 0 0 1071 0 0 
0 1 1 0 0 220 0 0 
0 275 2 3 25 0 0 0 
0 78 0 9 435 0 154 0 
0 0 0 0 0 80 306 1 
0 0 0 0 0 0 710 0 
0 0 0 28 114 0 499 0 
0 0 0 0 0 0 779 1 
599 0 0 0 0 0 0 0 
16 0 0 1 116 132 2 350 
436 0 5 64 0 0 0 0 
0 0 0 0 0 649 0 0 
1 1 0 0 0 2 0 258 
632 10 0 5 0 22 4 0 
0 0 0 635 0 14 0 0 
0 0 0 0 177 136 0 0 
0 1 0 0 0 1 5 243 
3 0 0 415 0 0 0 0 
7 0 0 252 5 0 0 0 
0 0 1 10 7 0 0 305 
2 168 235 0 0 51 15 75 
