0 0 203 475 9 319 0 0 
2 174 1 5 0 174 0 2 
0 0 0 0 0 1 0 477 
11 28 7 0 417 10 27 0 
0 0 0 2 0 0 0 1609 
0 0 0 1 0 0 769 0 
0 0 0 0 0 819 0 0 
0 457 0 17 0 0 0 0 
0 0 0 37 592 0 1 5 
1 2 0 0 0 1488 1 0 
0 0 0 0 0 0 0 481 
0 0 0 0 0 2 841 0 
0 0 0 2 0 3 175 210 
0 13 0 0 0 1531 1 0 
0 80 0 0 5 374 0 0 
0 51 5 0 661 712 6 131 
0 0 0 0 0 1085 0 0 
0 0 0 0 0 1132 0 0 
0 0 0 0 81 29 373 4 
0 8 0 0 1 62 355 97 
0 0 0 0 18 2 435 0 
126 430 0 0 0 0 0 0 
0 0 0 0 687 0 0 0 
0 0 5 0 664 2 153 0 
0 1 1 713 6 0 0 0 
0 0 29 197 3 14 140 0 
0 0 228 620 2 0 0 0 
0 0 0 0 0 666 0 0 
0 1 619 54 151 0 3 53 
0 1 2 4 0 0 0 672 
144 0 335 0 0 102 186 125 
5 0 1 0 651 241 1 177 
0 0 37 0 70 0 4 206 
0 0 46 0 2 1588 36 0 
160 0 2 0 851 0 66 0 
0 0 4 1 3 0 0 214 
0 326 0 0 0 0 0 0 
0 0 0 0 669 0 0 1 
0 0 0 0 207 7 0 172 
0 0 0 4 2 0 699 2 
6 116 0 0 0 519 0 0 
0 0 0 3 0 16 685 77 
594 0 0 0 0 0 1 2 
0 0 25 40 0 0 0 554 
501 0 0 0 3 2 0 0 
0 0 0 0 0 651 0 0 
0 0 0 0 0 0 0 262 
16 129 123 3 0 402 0 0 
0 0 0 0 2 647 0 0 
0 13 0 2 8 292 0 0 
2 3 0 0 2 116 127 0 
182 10 0 194 20 10 0 3 
142 0 0 40 43 1 38 0 
0 0 0 0 0 0 0 322 
0 0 79 9 19 449 0 2 
