9 31 246 343 10 348 0 0 
3 152 1 2 0 196 4 0 
0 0 0 0 0 0 1 477 
10 65 52 0 398 18 0 0 
0 1 0 0 0 0 0 1603 
0 0 3 0 0 1 773 1 
0 0 0 1 0 810 0 0 
0 482 0 0 0 0 0 0 
275 0 0 172 0 189 0 0 
0 0 0 1 0 1506 4 0 
0 0 0 0 0 0 0 481 
0 0 0 0 3 0 837 0 
7 0 11 0 0 0 2 368 
0 1 0 5 0 1528 0 0 
94 0 0 339 0 25 0 1 
225 0 0 0 74 986 0 293 
0 0 0 0 0 1085 0 0 
0 0 0 0 0 1128 0 0 
0 0 115 0 0 55 3 315 
0 0 0 0 50 0 472 0 
1 0 0 454 0 0 0 2 
0 36 14 188 9 20 287 3 
0 0 0 0 688 0 0 0 
15 29 6 0 0 1 772 1 
0 0 0 715 0 0 0 0 
361 9 0 0 9 0 4 0 
0 0 193 658 0 0 0 0 
0 0 0 0 0 668 0 0 
16 0 827 0 0 0 5 26 
3 0 54 24 0 0 0 594 
17 0 10 595 150 0 119 0 
0 0 0 3 3 473 1 606 
66 2 0 0 0 1 248 0 
0 3 1 0 1 1671 0 0 
1 0 0 0 962 109 0 0 
15 1 0 0 202 0 2 2 
0 326 0 0 0 0 0 0 
0 0 0 0 626 0 0 2 
0 55 0 13 0 0 0 319 
0 0 0 3 0 0 704 1 
5 0 6 599 7 43 2 0 
9 0 0 0 4 0 768 0 
443 0 0 15 0 0 0 0 
748 0 3 0 0 0 0 0 
505 0 0 0 2 0 0 0 
1 0 0 0 0 647 0 0 
0 0 0 0 0 0 0 262 
112 0 0 0 0 455 12 90 
2 0 0 0 0 646 0 0 
0 0 0 0 0 313 0 0 
0 2 0 2 1 121 124 0 
0 0 0 0 30 0 13 383 
0 106 0 36 0 0 41 81 
0 0 0 0 0 0 0 324 
0 0 0 21 0 526 0 4 
