0 0 238 435 3 323 1 0 
0 156 3 0 0 198 0 1 
0 0 1 0 5 0 0 472 
0 0 3 8 466 0 0 0 
1 0 0 0 0 0 0 1605 
0 0 0 0 0 0 794 0 
0 0 0 0 0 812 0 0 
1 492 0 0 2 0 0 0 
0 437 0 3 35 0 161 0 
0 0 1 0 0 1475 4 0 
0 0 0 0 0 0 0 481 
6 0 0 0 0 0 830 0 
3 13 166 5 171 3 28 0 
0 1 0 0 0 1535 0 0 
9 0 17 0 1 60 372 0 
0 51 124 476 0 905 11 2 
0 0 0 0 0 1075 0 0 
0 0 0 0 0 1143 0 0 
181 0 0 10 138 0 93 66 
0 0 61 0 0 74 0 389 
11 0 0 157 270 0 0 19 
79 1 0 0 3 3 0 466 
1 0 0 0 683 2 0 1 
0 6 0 185 599 0 0 34 
0 0 0 721 0 0 0 0 
158 8 1 0 2 1 213 0 
0 0 193 656 0 0 0 0 
0 0 0 0 0 699 0 0 
0 0 850 0 0 0 0 35 
0 0 3 0 0 1 0 672 
20 0 0 187 25 514 25 125 
0 3 9 51 1 0 0 1337 
4 0 0 15 5 26 0 267 
0 0 0 0 2 1652 0 0 
10 4 0 0 504 0 257 0 
11 0 0 0 3 0 208 0 
0 298 7 0 0 0 0 0 
0 0 0 1 671 0 0 1 
0 110 0 0 0 0 0 297 
0 0 0 5 0 0 690 0 
2 0 0 380 229 44 0 0 
36 3 2 0 0 0 737 0 
533 0 0 0 0 0 0 0 
79 0 0 2 9 0 10 520 
506 0 0 2 0 0 0 0 
0 0 0 0 0 648 0 0 
0 0 0 0 0 0 0 262 
0 0 0 52 0 700 0 0 
1 0 0 0 0 607 1 0 
0 0 70 62 0 180 0 0 
0 0 0 0 2 125 123 0 
2 0 0 16 401 0 0 0 
54 0 6 0 0 197 0 0 
0 0 0 0 0 0 0 324 
5 1 0 0 0 563 0 0 
