0 1 973 0 0 0 0 12 
0 82 0 70 206 0 0 0 
0 0 0 0 0 442 36 0 
41 0 5 0 287 68 21 114 
1219 0 0 1 0 1 0 368 
711 0 0 0 0 0 1 0 
0 0 24 0 0 5 771 3 
0 482 0 0 0 0 0 0 
0 0 0 0 644 0 0 0 
1405 0 1 80 0 0 37 0 
39 0 0 0 3 439 0 0 
0 0 0 0 0 843 1 0 
0 0 1 0 0 387 0 0 
1 1443 0 0 0 66 0 0 
0 0 0 1 284 172 1 1 
1174 0 0 210 21 0 0 0 
0 0 0 390 178 515 1 0 
19 30 0 25 11 1 0 1058 
0 0 0 0 486 0 3 0 
120 0 210 0 0 22 163 7 
0 237 73 0 0 9 0 127 
0 0 0 0 0 560 1 0 
53 0 369 0 0 21 0 246 
146 80 1 17 0 0 141 439 
0 0 715 0 0 0 0 0 
19 322 30 9 2 0 0 1 
1 0 0 5 841 0 0 4 
0 4 11 0 0 654 0 0 
0 0 0 923 0 0 0 0 
0 0 1 1 0 0 0 677 
20 752 13 0 131 0 2 5 
0 0 0 0 0 1081 0 0 
95 197 0 0 0 25 0 0 
1591 0 18 0 0 0 6 1 
0 0 0 0 0 1080 0 0 
0 0 0 0 0 222 0 0 
19 307 0 0 0 0 0 0 
450 0 2 0 17 0 7 151 
46 1 12 227 0 100 1 0 
1 0 0 0 1 11 692 2 
3 0 0 659 1 0 1 0 
1 0 0 0 0 0 775 0 
442 0 0 0 0 0 0 0 
866 0 1 0 0 0 0 0 
500 0 0 0 0 0 10 0 
0 0 0 0 0 650 3 0 
0 0 0 0 0 0 0 262 
655 0 7 0 0 0 0 1 
0 0 2 5 2 168 634 6 
0 0 1 0 187 124 0 0 
0 0 0 0 0 0 6 244 
0 0 0 377 0 0 0 0 
10 0 0 253 0 0 0 1 
6 10 0 0 0 0 0 317 
1 3 377 0 0 156 0 20 
