0 0 827 179 0 0 0 0 
1 77 0 102 209 1 0 0 
0 0 0 0 0 86 68 242 
0 0 1 0 447 42 0 0 
1373 1 0 1 0 0 0 554 
797 0 0 0 0 0 1 0 
0 0 0 0 0 3 817 0 
0 469 0 0 0 0 0 0 
3 0 0 3 812 0 0 0 
1082 0 0 0 8 2 398 3 
206 119 106 0 50 0 0 0 
0 0 0 0 0 835 5 2 
0 0 1 0 0 378 5 3 
0 1333 14 1 28 0 0 277 
0 228 1 0 47 19 0 164 
0 0 69 0 1019 0 492 27 
0 0 32 228 2 239 1022 0 
61 132 0 0 104 625 272 0 
0 0 0 0 0 315 0 0 
11 7 0 0 468 2 0 0 
0 107 406 0 0 0 0 10 
0 1 0 0 0 438 0 32 
0 0 0 0 0 540 0 0 
0 0 276 94 8 62 25 22 
75 211 473 0 0 144 0 0 
0 0 721 0 0 0 0 0 
2 2 37 0 0 70 0 300 
0 0 0 0 801 0 21 0 
7 0 0 0 0 660 0 0 
0 0 0 1242 0 0 0 0 
0 0 0 0 0 0 0 662 
0 0 1 15 440 376 89 2 
0 0 0 0 0 1417 0 0 
0 9 0 0 55 0 2 251 
135 0 0 9 1115 965 0 13 
0 0 0 0 0 757 0 0 
0 0 0 0 0 222 0 0 
0 323 0 0 0 0 0 3 
11 0 0 0 19 827 0 0 
0 23 229 0 0 113 0 43 
0 2 0 6 0 1 673 1 
1 12 0 182 5 358 22 55 
0 0 0 0 0 0 779 0 
544 0 0 0 0 0 0 0 
3 0 0 20 0 1 35 561 
485 1 4 1 1 3 0 15 
1 5 0 0 0 645 2 0 
1 0 0 6 0 0 0 250 
808 0 0 0 0 0 0 0 
1 29 59 10 0 151 0 0 
