0 0 865 116 14 1 0 3 
0 88 0 82 188 0 0 0 
0 0 2 0 0 434 42 0 
0 8 0 25 356 0 89 0 
1262 0 0 0 0 0 0 345 
793 0 0 0 0 0 1 0 
1 0 0 0 0 2 812 0 
0 495 0 0 0 0 0 0 
0 0 0 0 635 0 0 1 
1165 0 17 6 192 30 72 0 
2 0 156 0 322 1 0 0 
0 0 0 0 1 833 2 0 
0 0 0 0 0 389 0 0 
0 1293 0 0 0 8 104 131 
0 104 258 0 0 97 0 0 
987 0 267 75 1 0 236 3 
0 479 109 156 0 328 0 0 
0 10 18 0 5 1107 0 0 
0 0 0 1 487 0 0 0 
0 17 0 123 308 0 39 35 
0 167 5 1 0 0 0 283 
0 0 0 0 0 553 0 0 
8 0 113 213 151 38 0 164 
0 0 0 389 1 0 0 434 
0 0 721 0 0 0 0 0 
75 17 99 15 124 53 0 0 
3 0 0 0 848 0 0 0 
0 0 0 0 0 701 0 0 
0 0 0 885 0 0 1 0 
0 0 0 0 0 0 0 676 
7 1 19 847 0 7 14 0 
0 0 0 0 0 1402 0 0 
18 103 9 0 4 0 0 183 
1640 0 0 10 4 0 2 1 
2 0 0 0 0 772 0 0 
0 0 0 0 0 222 0 0 
0 305 0 0 0 0 0 0 
16 14 0 95 0 545 0 2 
2 3 0 0 0 6 0 396 
0 0 0 0 0 1 695 0 
352 0 1 2 0 37 0 263 
0 2 0 0 0 0 775 0 
533 0 0 0 0 0 0 0 
0 33 0 20 463 94 10 0 
498 0 6 0 0 0 0 4 
1 5 7 0 0 636 0 0 
0 0 0 0 0 0 0 262 
738 0 20 0 0 0 0 0 
37 0 402 1 1 0 0 160 
0 0 0 0 196 114 2 0 
0 0 0 0 0 0 7 244 
2 0 0 417 0 0 0 0 
43 4 0 7 0 198 0 5 
0 0 0 1 23 0 3 297 
26 0 0 0 0 61 478 0 
