0 7 848 143 0 0 0 0 
0 80 0 75 203 0 0 0 
0 0 0 0 0 439 39 0 
4 7 3 0 449 16 0 0 
1262 0 0 5 0 0 0 338 
790 0 0 0 0 0 1 0 
0 0 8 0 1 0 810 0 
0 495 0 0 0 0 0 0 
3 0 0 3 629 0 0 0 
946 4 0 20 9 0 488 5 
0 332 0 18 22 0 0 109 
0 0 0 0 0 836 1 0 
1 23 1 0 1 363 0 0 
1 1220 4 292 9 4 0 7 
281 0 0 144 0 0 33 1 
91 40 1337 2 28 0 41 36 
0 840 4 0 0 0 226 0 
0 0 0 0 2 1117 14 0 
1 4 1 0 484 0 0 0 
0 0 4 35 18 178 0 287 
0 7 113 11 19 4 303 0 
0 0 0 0 0 559 0 0 
36 0 0 4 535 1 112 0 
1 13 0 750 0 1 32 27 
0 1 721 0 0 0 0 0 
1 0 275 68 0 0 11 28 
0 2 0 0 849 0 0 0 
2 0 2 2 0 654 0 1 
0 0 3 862 0 0 22 0 
0 0 0 0 0 0 0 679 
0 0 653 186 54 0 0 0 
0 0 0 0 0 1396 0 0 
0 303 2 11 0 1 0 0 
1628 1 0 2 9 24 3 0 
0 1 1 0 0 770 0 0 
0 0 0 0 0 222 0 0 
1 304 0 0 0 0 0 0 
0 0 8 304 0 304 52 2 
0 193 0 130 0 22 36 24 
0 1 1 0 1 0 687 11 
0 0 208 8 0 425 0 10 
0 0 0 0 0 0 780 0 
533 0 0 0 0 0 0 0 
133 236 0 0 0 1 64 183 
506 0 0 0 0 0 0 0 
0 0 0 0 0 639 11 0 
0 0 1 0 0 0 4 257 
733 0 0 0 0 16 0 0 
0 111 0 0 0 454 84 0 
5 0 0 1 186 119 0 1 
0 1 0 0 1 0 7 241 
0 0 0 419 0 0 0 0 
4 11 0 0 52 52 134 4 
11 0 0 22 0 0 20 269 
316 0 0 0 0 1 254 0 
