805 9 120 859 10 475 0 0 
0 35 0 0 0 678 0 0 
0 2 0 7 0 73 247 646 
0 0 0 6 33 0 480 651 
0 0 0 0 0 0 0 1974 
112 2 0 0 0 0 1228 1 
0 0 0 0 0 766 0 0 
1 371 0 51 0 1 38 0 
0 151 714 89 48 173 222 41 
0 0 0 1 0 1154 519 0 
0 0 0 0 0 0 0 481 
0 4 1 4 2 2 835 0 
2 289 0 0 0 0 0 54 
4 14 222 114 70 1189 45 0 
230 1 0 120 0 3 48 70 
141 13 425 756 49 252 73 0 
0 0 0 0 0 622 0 0 
0 0 0 0 0 1148 0 0 
0 0 0 0 0 0 0 315 
151 42 144 0 60 17 67 4 
264 3 0 0 50 99 48 59 
47 173 4 0 26 80 2 151 
128 134 124 10 0 11 1 132 
0 0 0 0 922 0 229 0 
51 115 66 43 219 192 77 140 
0 0 0 0 0 343 0 0 
13 148 42 100 248 294 20 61 
0 0 54 682 0 0 1 0 
24 60 245 0 83 0 0 0 
0 0 238 583 0 0 0 1 
0 0 0 0 0 662 0 0 
121 91 856 20 71 29 12 48 
0 0 1 0 0 0 0 745 
520 2 5 382 0 36 0 22 
0 139 124 17 1 1237 0 2 
40 0 0 0 8 205 0 64 
0 0 0 2 0 2372 2 1 
0 49 28 0 1 58 108 484 
0 0 166 0 4 1 0 0 
4 316 0 0 1 1 3 1 
0 0 0 0 1024 0 0 1 
66 48 124 0 125 0 44 0 
