0 1 265 335 7 370 0 0 
0 179 0 0 0 179 0 0 
0 0 0 0 0 0 0 478 
0 1 1 66 459 0 8 2 
0 0 0 0 0 0 0 1603 
0 1 0 0 0 0 780 0 
0 0 0 0 0 804 0 0 
0 464 0 0 0 0 0 17 
0 0 0 298 277 7 44 10 
0 0 0 0 0 1511 2 0 
0 0 0 0 0 0 0 482 
0 0 0 0 0 0 836 0 
0 385 0 0 0 0 4 0 
1 0 2 0 0 1540 0 0 
272 0 30 3 10 89 55 0 
0 102 0 2 87 1190 29 0 
0 0 0 0 0 1085 0 0 
0 0 0 0 0 1151 0 0 
139 0 1 0 319 0 30 0 
0 0 0 0 48 0 1 473 
0 0 7 0 197 255 0 0 
77 0 0 0 471 0 0 1 
0 0 0 3 685 0 0 0 
0 0 0 0 631 142 51 0 
0 0 0 715 0 0 0 6 
0 222 112 6 25 18 0 0 
0 0 214 636 0 0 0 1 
0 0 0 0 0 663 0 0 
1 55 742 9 0 0 6 100 
0 1 0 10 1 3 0 663 
590 126 0 131 3 42 0 0 
0 32 0 0 0 710 0 342 
0 0 190 92 5 0 30 0 
8 0 0 0 4 1614 0 0 
2 248 0 181 632 0 12 4 
49 2 0 5 3 69 0 94 
0 324 1 0 0 0 1 0 
0 0 0 0 631 0 0 2 
7 175 26 43 23 96 0 17 
0 0 0 2 0 0 705 0 
2 0 103 547 0 0 12 0 
38 17 50 0 0 17 643 15 
414 0 17 0 13 3 0 0 
0 24 0 1 1 542 0 223 
507 0 0 0 0 0 0 0 
0 0 0 0 0 649 0 0 
0 0 0 0 0 0 0 262 
0 0 0 2 0 451 0 206 
0 0 0 0 0 805 0 0 
0 2 0 0 0 310 0 0 
0 0 0 0 0 115 135 0 
14 1 6 0 0 363 0 2 
9 0 80 0 2 147 3 23 
0 0 0 0 0 0 0 324 
0 0 0 0 0 572 0 1 
