0 0 877 121 0 0 0 0 
0 83 0 89 186 0 0 0 
0 0 0 0 0 437 41 0 
0 0 13 105 363 11 0 0 
1165 0 0 7 0 0 0 434 
786 1 0 0 0 0 1 0 
0 0 0 1 0 0 813 1 
0 495 0 0 0 0 0 0 
0 0 0 0 643 0 0 1 
1336 0 0 0 12 1 106 36 
0 0 1 80 0 7 10 383 
0 0 0 0 0 840 1 0 
1 3 5 0 0 379 0 2 
0 1270 11 1 0 4 257 0 
1 51 59 3 10 335 0 0 
1 0 0 20 1386 91 66 2 
2 0 1067 0 0 14 0 0 
0 0 113 869 65 0 21 69 
0 0 0 0 485 0 0 0 
125 299 10 2 1 4 77 5 
0 0 1 0 212 26 0 215 
0 0 0 0 0 554 0 0 
495 117 75 0 0 1 0 0 
277 343 0 118 0 1 80 5 
0 0 721 0 0 0 0 0 
0 9 46 0 0 0 0 328 
0 4 0 0 833 13 0 0 
0 0 10 0 0 644 8 1 
0 0 0 877 0 1 0 0 
0 0 0 0 0 0 0 680 
266 0 524 0 0 0 0 102 
1 0 0 0 0 1079 0 0 
25 267 0 11 3 0 0 11 
1528 2 0 0 60 87 0 0 
0 0 0 0 0 1075 0 3 
0 0 0 0 0 222 0 0 
0 305 0 0 0 0 0 0 
9 2 0 0 41 0 618 0 
0 0 135 0 42 1 0 209 
0 1 0 0 4 1 685 0 
5 0 185 17 3 429 7 0 
0 0 0 0 0 0 779 0 
603 0 0 0 1 0 0 0 
0 328 12 0 0 2 277 0 
486 0 0 0 19 0 0 0 
0 0 0 0 0 647 2 1 
0 0 0 0 0 0 0 262 
616 1 1 0 30 27 0 0 
16 0 1 13 2 1 429 186 
0 0 0 0 175 135 0 3 
0 0 0 0 0 1 10 239 
0 0 0 427 0 2 0 0 
3 169 0 0 0 0 0 85 
1 1 29 0 0 0 1 292 
151 0 126 19 0 31 232 3 
