0 0 976 0 0 0 0 0 
0 93 0 77 188 0 0 0 
0 0 0 0 0 440 38 0 
0 0 0 0 558 1 0 0 
1155 0 0 0 1 0 0 450 
781 0 0 0 0 0 1 0 
0 0 0 0 0 0 801 0 
0 482 0 0 0 0 0 0 
0 0 2 3 611 0 0 0 
1470 52 0 0 0 0 1 0 
0 1 1 0 0 0 391 88 
0 0 0 0 0 838 3 0 
0 3 0 0 0 382 0 4 
0 1496 1 0 44 0 0 3 
48 0 0 0 0 0 0 411 
1342 0 0 0 0 58 0 0 
45 268 0 761 1 6 2 5 
0 0 7 0 32 13 27 1074 
0 1 0 0 483 0 0 5 
0 60 112 2 324 24 0 0 
26 339 28 2 29 10 21 0 
0 0 0 0 0 554 0 0 
9 18 0 0 173 0 138 350 
1 201 0 256 8 144 0 214 
0 0 721 0 0 0 0 0 
40 0 1 4 289 27 22 0 
1 0 0 0 847 3 0 0 
2 0 0 0 0 663 0 0 
0 1 1 908 0 4 3 0 
0 0 0 0 0 0 0 679 
0 693 4 18 10 0 3 164 
0 0 0 1 0 1081 1 0 
1 297 0 7 0 0 12 0 
1547 0 0 0 0 63 0 0 
2 0 0 0 0 1075 0 0 
0 0 0 0 0 222 0 0 
0 326 0 0 0 0 0 0 
525 6 0 9 6 0 0 85 
0 0 0 326 61 0 0 0 
0 1 16 0 0 0 685 5 
0 0 0 651 12 0 0 1 
0 0 0 0 0 0 778 0 
443 0 1 0 0 1 0 0 
783 0 0 0 0 0 0 2 
474 32 0 0 0 0 0 0 
0 0 0 0 0 650 0 0 
0 0 0 0 0 0 0 262 
633 0 0 0 0 17 0 6 
712 1 3 15 0 2 65 27 
0 0 0 0 169 145 0 0 
0 0 0 0 0 0 5 245 
0 0 0 382 0 0 0 1 
61 5 1 128 0 0 58 11 
1 0 0 5 1 0 1 316 
457 42 13 0 38 10 3 5 
