770 0 165 798 43 498 0 0 
0 40 0 0 0 673 0 0 
0 0 0 0 0 23 113 248 
13 7 1 0 358 0 0 97 
0 0 0 0 0 0 0 1952 
82 0 0 0 0 0 1269 0 
0 0 0 0 0 821 0 0 
0 464 11 0 0 0 8 0 
72 723 243 215 34 95 57 0 
0 0 0 0 0 1170 439 0 
0 0 0 0 0 0 0 481 
0 0 0 0 0 0 849 0 
0 207 0 0 3 0 135 0 
12 0 5 0 0 1634 0 8 
135 111 0 190 1 13 1 8 
585 0 62 399 7 641 0 0 
0 0 0 0 0 627 0 0 
0 0 0 0 0 1150 0 0 
0 0 0 0 0 0 0 315 
85 115 153 0 0 97 12 24 
163 0 0 178 146 0 0 36 
89 301 3 7 0 35 50 0 
103 0 140 111 41 143 0 0 
0 0 0 0 395 1 0 0 
0 75 0 0 284 223 133 188 
0 0 0 0 0 343 0 0 
4 94 0 37 5 773 0 0 
1 0 58 676 0 0 3 0 
0 0 393 5 0 8 0 6 
0 0 200 622 0 0 0 0 
0 0 0 0 0 665 1 0 
0 0 1181 0 0 8 25 35 
0 0 0 0 0 10 0 710 
655 0 0 303 0 0 0 7 
0 0 0 0 0 1492 4 24 
149 15 0 0 0 73 0 80 
0 6 2 0 0 2374 0 1 
28 2 0 2 1 0 1 702 
0 0 1 0 0 0 138 45 
0 301 2 0 2 0 0 0 
0 0 0 0 1005 0 0 1 
7 2 358 34 0 0 7 0 
0 0 0 1 0 0 304 447 
16 0 0 0 6 38 94 463 
1 6 0 0 433 0 300 2 
