0 1 971 0 1 0 3 0 
0 74 1 82 201 0 0 0 
0 0 0 0 0 435 43 0 
0 0 11 1 503 24 0 0 
1265 0 0 1 0 1 0 341 
780 0 0 0 0 0 1 0 
1 0 8 0 15 0 775 0 
0 482 0 0 0 0 0 0 
0 4 0 0 632 0 0 0 
1476 0 9 7 0 0 40 0 
0 65 0 75 19 83 180 59 
2 0 0 0 0 834 1 0 
0 0 0 2 1 386 0 0 
0 1343 179 8 13 0 0 1 
0 0 2 0 0 0 0 457 
1356 15 19 2 0 10 0 0 
0 550 3 356 0 0 177 0 
256 129 0 0 0 0 106 666 
0 14 0 0 475 0 0 0 
1 0 179 6 336 0 0 0 
0 369 2 0 0 79 9 0 
0 0 0 0 0 550 0 0 
29 3 21 0 510 0 56 70 
4 104 101 245 43 250 0 77 
0 0 721 0 0 0 0 0 
213 79 1 0 89 0 0 1 
0 0 0 0 850 0 0 1 
0 0 0 0 2 665 0 0 
0 0 0 917 0 0 0 0 
0 0 1 0 0 0 0 676 
45 814 5 7 0 0 0 21 
0 0 0 0 0 1085 0 0 
0 219 0 79 0 18 1 0 
1461 16 2 1 21 0 118 0 
0 0 0 0 0 1078 0 0 
1 0 0 0 0 221 0 0 
0 313 0 0 0 0 13 0 
612 0 0 0 0 5 14 0 
0 0 1 378 8 0 0 0 
0 0 0 0 1 0 674 32 
4 0 3 657 0 0 0 0 
1 0 0 0 0 3 774 1 
443 0 0 0 0 0 0 0 
781 1 0 0 0 4 0 0 
504 0 0 2 0 0 0 0 
1 1 0 0 0 645 0 0 
0 0 0 0 0 0 0 262 
648 0 0 0 0 3 11 0 
530 0 2 0 0 0 273 0 
0 1 0 2 191 119 0 0 
0 0 0 0 0 0 5 245 
0 0 0 390 0 0 0 0 
0 0 0 158 0 49 50 0 
0 0 19 0 0 0 0 305 
360 77 2 0 1 0 4 121 
