0 0 820 177 0 1 1 0 
0 84 0 90 184 0 0 0 
0 0 0 0 0 435 43 0 
0 22 0 101 314 0 0 40 
1268 3 0 1 1 0 0 330 
794 0 0 0 0 0 1 0 
0 0 21 0 0 0 787 0 
0 474 0 0 0 0 0 0 
0 1 0 1 634 0 0 0 
812 0 0 64 14 5 538 50 
0 24 0 314 143 0 1 0 
0 0 0 0 0 835 1 1 
0 1 1 0 10 377 0 0 
97 1085 25 315 0 0 0 13 
4 0 330 0 3 0 0 120 
269 0 1062 188 5 38 16 0 
0 1057 0 18 0 0 0 0 
0 136 0 11 0 976 7 4 
0 0 0 0 487 0 2 0 
2 0 24 0 474 20 0 3 
67 0 0 93 0 294 1 0 
0 0 0 0 0 553 0 0 
0 4 0 2 547 4 130 0 
0 0 72 315 8 0 0 429 
0 0 721 0 0 0 0 0 
0 152 0 0 53 123 0 55 
3 0 0 6 829 12 0 0 
0 0 0 2 0 705 0 2 
0 0 0 884 1 0 0 0 
0 0 0 0 0 0 0 677 
0 0 12 842 0 0 0 39 
0 0 0 0 0 1402 0 0 
0 314 2 1 0 0 0 0 
1494 24 100 0 44 0 0 0 
0 0 0 0 0 773 0 0 
1 0 0 3 0 218 0 0 
0 300 0 23 0 0 0 3 
0 88 0 502 0 27 0 57 
0 1 16 0 36 0 52 299 
1 0 0 0 0 0 686 10 
174 0 0 3 0 112 0 365 
0 0 0 0 0 0 778 0 
532 0 0 0 0 0 0 0 
0 0 0 0 252 0 224 144 
499 1 0 0 0 6 0 0 
2 0 0 10 11 627 0 0 
0 0 0 0 0 2 0 260 
748 0 0 1 0 0 4 0 
0 1 4 52 28 0 13 504 
0 0 0 0 191 119 2 0 
0 0 0 0 0 0 5 245 
0 0 1 408 0 1 2 0 
23 0 0 237 4 0 0 0 
4 0 0 0 8 9 1 302 
4 0 0 18 0 418 127 0 
