0 0 839 151 2 5 2 0 
0 86 0 82 190 0 0 0 
0 0 0 0 0 437 41 0 
0 37 0 0 412 40 0 0 
1369 0 3 0 2 0 0 550 
799 0 0 0 0 0 1 0 
0 0 0 0 0 0 812 2 
0 495 0 0 0 0 0 0 
0 0 0 0 823 0 0 0 
1016 0 4 2 36 0 230 191 
0 0 0 77 0 148 193 63 
0 0 0 0 0 837 3 0 
0 4 1 4 2 376 0 0 
1 457 835 0 0 48 0 342 
267 0 88 102 0 0 0 0 
81 0 230 1 1304 0 0 0 
390 19 0 1112 0 0 0 0 
17 0 0 71 585 6 156 363 
0 0 0 0 485 0 0 0 
31 0 0 478 13 2 0 0 
1 14 0 9 3 443 0 1 
0 0 0 0 0 541 0 0 
17 386 3 0 0 173 0 7 
0 49 827 18 8 0 0 1 
0 0 721 0 0 0 0 0 
0 6 1 0 373 24 3 0 
9 1 0 0 827 12 0 0 
1 3 0 0 0 674 0 0 
0 0 0 1248 0 0 1 0 
0 0 0 0 1 0 0 674 
0 41 29 487 109 225 0 2 
0 0 0 0 0 1427 0 0 
0 2 162 4 0 4 145 0 
1729 1 7 0 52 58 0 37 
0 0 0 0 0 725 1 0 
0 1 0 0 0 221 0 0 
2 300 0 0 0 0 2 1 
6 0 0 457 2 173 0 117 
0 84 2 288 0 15 0 18 
0 0 0 0 0 3 687 0 
2 19 0 10 187 161 279 0 
0 1 0 0 0 0 778 0 
546 0 0 0 0 0 0 0 
184 1 0 44 0 0 87 305 
508 0 0 0 0 0 0 0 
0 5 1 0 0 644 0 4 
0 0 1 0 0 0 0 256 
785 3 0 0 0 0 0 0 
184 1 0 2 37 23 16 33 
0 1 0 0 238 92 0 0 
0 0 0 1 0 0 6 208 
