4 1 0 0 0 21212 0 0 
0 0 8 0 0 20884 293 0 
0 0 0 20 457 4514 3839 309 
0 494 473 0 3 0 1 363 
2106 111 0 0 2 0 63 7403 
385 0 0 0 2 0 0 8762 
0 1 17 0 0 0 2 1312 
1 0 0 0 29 31282 19 0 
673 14186 0 0 1 0 0 0 
0 0 0 0 0 459 427 1015 
93 0 0 0 0 0 249 4779 
15 0 190 0 285 11427 9040 1368 
4 0 0 0 0 88 4818 0 
0 3 0 0 0 0 2 2089 
199 0 5 0 2 0 3104 153 
0 1707 0 0 0 678 4 549 
16 5482 0 0 0 0 0 471 
0 0 7363 0 1175 603 0 0 
0 0 0 2 63 14105 0 0 
8 0 0 1 0 5831 0 0 
0 173 280 0 0 90 1506 455 
0 0 291 52 2837 9923 79 0 
0 0 50 0 52 723 0 0 
1959 0 0 0 0 0 2 0 
0 0 1479 0 0 0 0 0 
72 0 0 0 0 0 564 42 
0 8103 0 0 0 0 0 55 
0 0 0 0 1 0 67 1821 
0 0 0 0 0 0 42 645 
0 0 0 0 0 0 3514 177 
10474 0 0 0 1 0 0 1 
0 2108 0 1 0 4 0 2 
22 4 1133 2 1220 2071 21 0 
920 0 0 0 0 0 0 0 
1 1 0 0 0 236 0 0 
0 0 0 0 0 0 0 809 
0 0 0 0 0 0 1916 3547 
0 254 0 0 2 208 197 0 
0 6772 3709 1 0 1 1 0 
0 0 0 3 2 0 19 975 
5 4 5140 0 2 599 3 0 
257 27 0 0 0 0 313 13762 
0 0 0 0 2 290 321 771 
0 0 4838 0 0 0 0 2 
0 0 43 2 196 198 0 0 
0 0 65 0 48 11106 324 0 
0 963 5038 0 0 305 12 1 
0 4702 0 0 1 0 0 0 
237 0 222 2 0 0 0 0 
0 0 241 0 0 5249 491 0 
0 0 0 0 0 31 3026 0 
0 1 0 0 0 72 1223 0 
0 5 2996 0 0 0 0 0 
0 4767 0 0 0 0 1 0 
0 0 0 3 0 1 166 294 
0 0 0 0 0 5431 72 0 
0 1 1904 48 0 1 1 4 
0 4 0 0 0 0 456 795 
1 354 432 0 150 1228 664 318 
0 0 7 0 2 2593 0 0 
0 0 0 0 0 1632 575 0 
0 2308 108 0 0 0 0 0 
0 404 0 0 0 0 0 0 
0 1 0 0 0 0 0 544 
0 0 0 3 0 0 325 201 
1038 0 22 113 15 31 0 171 
0 0 0 0 0 0 54 1653 
0 0 0 0 0 0 287 644 
101 0 0 0 0 0 0 394 
0 0 48 0 0 839 229 0 
3 0 0 0 0 1417 93 0 
0 0 0 0 1 0 0 880 
291 6 0 0 19 1 0 0 
5 1 746 2 0 0 0 0 
0 0 0 0 0 0 189 2014 
0 0 0 0 0 1824 0 0 
209 623 0 0 0 0 0 303 
801 16 2 1 0 5 2 0 
332 0 0 0 1 0 0 75 
0 0 0 0 0 755 6370 1405 
0 0 0 31 0 5759 0 2 
0 0 0 0 0 9771 31 0 
1636 136 0 0 0 2 6 1245 
0 241 0 0 1 1 0 192 
0 0 391 0 0 15 3 0 
1 14 0 3 0 0 0 1001 
0 0 0 0 1 0 322 0 
280 0 1 1 0 0 0 92 
327 0 0 0 0 0 190 0 
0 764 2 0 0 0 1 0 
0 0 0 0 0 1269 5 137 
0 1 0 0 0 1 0 2353 
266 0 0 1 27 0 0 55 
0 0 0 0 0 0 0 819 
0 0 0 0 0 5 3 1839 
0 117 57 0 0 0 1 38 
0 796 0 0 0 13 0 0 
0 9294 0 0 0 0 0 85 
3 0 0 1 0 57 0 1857 
0 0 0 0 0 137 987 0 
0 825 0 0 53 2672 588 1331 
0 0 34 11 1672 703 80 0 
0 0 0 0 0 0 152 997 
0 0 8 414 1 0 0 5 
1259 0 0 1 0 0 0 0 
0 0 0 2 301 119 0 0 
0 0 0 128 0 0 0 11 
6 5 0 294 8 0 0 0 
2 0 0 0 350 0 0 0 
185 15 53 0 0 0 2502 0 
0 0 0 0 0 71 328 1024 
0 0 0 1 0 0 124 1088 
0 167 200 0 4 34 0 156 
0 0 0 0 38 4209 0 0 
0 0 0 0 0 0 668 0 
0 1558 0 2 0 0 3 0 
0 0 0 0 0 0 4372 1 
0 386 0 0 0 0 0 0 
334 0 0 0 0 0 0 2537 
0 2313 0 0 98 0 33 32 
0 0 0 2 0 2 136 334 
0 2173 155 0 0 2207 299 4870 
834 0 0 0 0 0 0 3430 
15175 0 0 2 0 0 0 553 
0 0 0 0 360 2023 0 0 
0 0 0 0 1 5497 0 17 
0 0 0 0 1 6276 0 0 
0 0 0 1 0 0 3286 89 
0 0 1 0 0 0 2125 1082 
69 4 2 0 0 276 681 0 
0 0 0 11 0 193 193 0 
0 16 4 2 0 0 30 437 
