137 117 166 144 164 150 121 159 145 180 155 125 167 145 174 184 137 187 203 158 152 138 155 144 140 
0 0 0 0 0 0 0 0 0 0 9 12 10 8 11 0 0 0 0 0 0 0 0 0 0 
0 0 0 0 11 0 0 0 0 9 0 0 0 0 14 0 0 0 0 10 0 0 0 0 19 
0 0 0 0 0 0 0 0 0 0 1 1 3 0 1 0 0 0 0 0 12 15 11 9 10 
35 58 43 41 34 0 2 0 0 0 0 0 0 0 0 0 0 0 0 0 0 0 0 0 0 
38 0 0 0 0 44 0 0 0 0 51 0 0 0 0 27 0 0 0 0 38 0 0 0 0 
0 0 7 1 0 22 26 36 23 30 0 0 0 0 1 0 0 0 0 0 0 0 0 0 0 
0 0 18 0 0 0 0 12 0 0 0 0 10 0 0 0 0 17 0 0 3 0 19 3 0 
0 44 0 0 0 0 35 0 0 0 0 40 0 0 0 0 39 0 0 0 0 39 0 1 0 
0 0 0 13 0 0 7 0 22 0 0 0 1 25 2 3 3 7 26 6 0 0 0 25 0 
