149 0 1 40 3985 52 11 0 
5 371 66 585 3560 66 1 0 
3894 2 0 1406 178 5 0 7 
0 0 0 0 0 0 3710 262 
0 0 0 0 0 316 0 0 
0 0 7 0 0 0 868 1411 
129 9 5 0 2 265 23 0 
0 0 0 0 3412 0 0 0 
2 685 0 442 0 1277 77 8 
0 0 0 0 138 583 11 8 
0 18 0 1 0 0 159 1179 
0 0 0 0 0 0 2229 0 
0 0 0 0 5172 0 0 0 
1578 0 0 61 3 108 48 118 
1 0 10 360 119 1351 0 0 
0 0 0 0 1 1595 0 0 
0 0 0 0 0 0 695 0 
6 1 0 12 183 245 2439 0 
0 0 158 27 1475 0 898 42 
0 0 0 0 4773 0 1 0 
0 0 0 0 1 951 0 0 
1 10 0 0 0 1063 1 0 
1222 0 0 0 0 0 26 4 
1 6 2 0 0 0 683 0 
0 1012 2 0 4 0 0 452 
205 0 0 0 0 0 0 0 
0 0 0 0 0 0 1641 0 
0 0 0 0 0 0 1539 0 
0 0 0 0 1 0 2 322 
48 38 0 623 277 335 185 33 
0 0 0 0 0 503 0 0 
0 0 0 0 67 1491 25 1 
0 0 0 0 0 1521 0 0 
0 364 0 0 0 128 0 0 
0 1 0 1 0 0 0 1490 
0 0 0 0 0 309 12 5 
0 0 0 0 0 0 418 0 
2 4 1 1 0 0 10 227 
633 0 0 2 0 0 0 1407 
2 0 1 0 11 885 0 15 
0 1 4 0 1 336 0 0 
8 376 0 93 0 350 848 154 
0 0 0 0 0 946 0 7 
0 0 0 0 0 0 0 510 
0 8 0 0 321 16 4 431 
0 0 0 0 851 0 1 0 
15 0 0 0 0 0 706 0 
4 689 0 1 1 0 0 0 
0 1 0 0 0 0 4448 0 
0 0 0 0 62 902 845 1 
0 0 0 0 0 0 68 81 
0 0 0 6 0 545 0 0 
0 0 0 0 0 1338 0 0 
0 0 0 0 3 0 972 0 
0 1 1 655 0 1 0 0 
0 1324 0 1 0 5 187 25 
1 0 0 0 0 9 277 0 
22 0 0 6 0 0 267 0 
0 0 0 761 3 0 2 0 
1518 4 0 0 0 7 0 0 
0 1 4 2 3 0 451 0 
0 0 0 4 0 0 0 1709 
0 0 1 0 0 0 262 0 
0 1 0 2 2 254 0 0 
0 0 0 0 0 722 0 0 
65 107 0 36 0 0 2 0 
2 99 139 570 0 0 0 0 
25 843 0 0 0 338 0 0 
0 0 0 3 0 0 2574 0 
80 0 1 0 1824 0 3 0 
0 0 0 0 1 0 464 0 
