117 0 0 62 4042 11 21 0 
0 390 47 534 3618 63 4 0 
3625 0 0 1623 205 2 0 41 
0 0 0 1 0 0 3708 262 
0 0 0 0 0 316 0 0 
4 0 1 0 0 0 855 1430 
225 0 0 0 0 209 0 0 
0 0 0 0 3368 0 0 0 
12 639 4 436 3 1246 127 1 
26 0 0 0 207 506 0 0 
0 9 0 0 1 4 97 1245 
0 0 0 0 0 0 2226 0 
0 0 0 0 5214 1 0 0 
1536 0 5 33 0 109 109 123 
23 0 0 333 153 1322 0 0 
0 0 0 0 1 1592 0 0 
0 0 0 0 0 0 698 0 
0 0 0 0 138 280 2449 9 
0 0 246 9 1559 0 757 25 
0 0 0 0 4771 0 1 0 
0 0 0 0 1 951 0 0 
2 5 3 3 0 1085 0 0 
1232 0 3 0 0 0 16 0 
0 0 0 0 0 0 691 0 
0 961 4 0 0 0 1 502 
205 0 0 0 0 0 0 0 
0 0 0 15 0 0 1628 0 
0 0 0 0 0 0 1544 0 
0 0 0 0 0 0 1 324 
36 35 30 725 234 261 184 28 
0 0 0 0 0 503 0 0 
0 0 0 7 85 1438 47 0 
0 0 0 0 0 1528 0 0 
0 354 0 0 0 137 0 0 
0 0 0 0 0 0 0 1492 
2 4 6 0 0 250 48 16 
0 0 0 0 0 0 419 0 
0 6 7 0 0 3 1 228 
665 0 0 0 0 0 0 1373 
0 0 5 0 37 847 23 0 
3 0 0 1 0 338 0 0 
35 404 0 137 12 504 595 143 
1 2 0 0 0 949 0 6 
0 0 0 0 0 0 0 490 
0 0 0 0 345 1 2 432 
0 0 0 0 852 0 0 0 
15 0 0 6 0 0 700 0 
0 665 8 0 2 4 12 6 
0 2 0 0 0 0 4443 0 
3 0 1 0 37 917 849 0 
0 0 0 0 0 1 67 81 
0 1 4 0 1 545 0 0 
0 0 0 0 0 1341 0 0 
0 13 0 0 0 0 961 0 
0 0 0 645 9 3 0 1 
44 1395 12 0 0 14 68 17 
0 2 6 3 8 9 256 8 
16 0 3 0 1 21 244 6 
0 2 0 754 10 0 1 0 
1497 0 24 0 0 2 5 0 
0 0 10 0 0 0 451 0 
0 1 9 0 4 0 0 1437 
0 0 0 0 0 0 263 0 
0 0 0 2 0 257 0 0 
0 0 0 0 0 716 0 0 
46 131 0 22 0 0 2 9 
0 108 145 556 0 0 0 0 
7 931 0 0 5 260 3 0 
0 2 0 1 0 0 2586 1 
69 0 2 1 1836 0 0 0 
0 0 0 0 0 0 465 0 
0 0 5 0 3 0 0 273 
