127 4 1 74 4004 48 11 0 
0 436 44 534 3501 51 2 0 
183 0 0 2792 466 82 0 18 
0 0 0 1 0 0 3775 20 
0 0 0 0 0 386 0 1 
0 0 0 0 4 0 804 1478 
7 0 0 0 0 426 0 5 
0 0 0 0 3408 0 0 0 
0 522 0 1497 0 460 16 0 
261 9 19 0 343 97 0 11 
2 0 3 0 0 0 324 1044 
0 0 0 0 0 0 2224 0 
0 0 0 0 5172 0 0 0 
1760 42 24 0 51 3 5 35 
2 0 19 0 173 1477 0 45 
0 0 0 0 0 1597 0 0 
0 0 0 0 0 0 693 1 
11 7 0 11 0 192 2642 8 
0 2 333 33 1091 93 1025 2 
0 0 0 0 4616 0 3 0 
0 0 0 0 1 951 0 0 
0 142 2 0 35 803 0 113 
1210 0 0 0 1 0 28 0 
4 0 4 0 0 17 663 1 
0 1061 0 0 0 0 0 406 
205 0 0 0 0 0 0 0 
0 0 0 0 5 56 1530 0 
0 0 0 0 0 0 1544 0 
0 0 0 0 0 0 1 323 
0 0 10 1183 203 50 75 8 
0 0 0 0 0 478 0 0 
1 0 0 0 59 1509 44 0 
0 0 0 0 0 1556 0 0 
2 358 0 0 0 138 1 0 
3 3 1 2 0 3 0 1481 
0 89 0 192 0 0 51 0 
0 0 0 0 0 0 421 0 
0 0 0 243 2 0 0 0 
748 0 1 2 20 0 1 1244 
0 0 0 0 146 591 0 169 
0 0 0 0 0 341 1 0 
0 204 0 0 1 543 119 960 
2 3 0 0 1 986 1 0 
0 0 0 0 0 0 0 510 
0 7 0 191 579 0 0 0 
0 0 0 0 890 0 0 0 
0 1 25 0 0 0 671 24 
0 686 0 0 0 4 4 2 
0 2 0 0 0 0 4444 0 
18 0 9 0 10 1177 593 2 
0 0 1 0 0 554 0 0 
0 0 0 0 0 1339 0 0 
0 0 3 0 0 0 976 0 
0 0 0 605 1 20 0 0 
22 1341 0 0 0 84 108 0 
157 74 1 5 41 33 1 61 
0 7 0 0 19 1 264 0 
0 0 0 755 6 2 0 0 
1220 0 1 0 4 17 0 0 
9 54 0 74 0 1 265 59 
0 0 0 26 7 0 12 1369 
0 0 0 0 0 0 263 0 
0 0 0 4 0 254 0 0 
0 0 0 0 0 727 0 0 
22 0 38 203 0 0 0 0 
0 102 132 573 1 0 0 1 
0 683 0 330 0 142 0 0 
0 0 0 2 0 0 2583 0 
0 0 69 233 1595 0 14 0 
1 1 0 0 0 0 463 0 
0 0 1 0 0 41 146 235 
2250 5 0 16 0 0 0 0 
3 0 0 0 0 0 62 260 
