119 0 1 0 0 214 3956 0 
0 1669 2456 580 0 0 2 3 
770 3164 0 0 1196 412 0 0 
2425 1180 5 15 0 0 70 293 
0 1 0 0 0 315 0 0 
0 0 0 0 0 1 3272 0 
189 0 0 39 0 8 120 30 
0 0 0 0 26 3355 0 0 
0 0 0 0 0 2447 0 0 
5 44 0 1 82 0 0 608 
0 0 5 0 7 4 28 1335 
0 0 0 14 0 0 2206 0 
0 0 0 0 1 5060 8 0 
0 0 0 0 0 1889 0 0 
0 0 0 0 2 1857 0 0 
108 0 15 100 11 1478 1 45 
0 0 23 3214 0 22 8 0 
0 0 0 0 0 0 2935 0 
677 362 0 353 0 562 644 0 
0 0 0 0 0 57 4780 0 
1 0 53 860 29 9 0 0 
0 0 0 0 0 1157 0 0 
1091 1 16 0 0 94 52 0 
417 0 0 0 1 0 8 264 
0 227 1228 0 0 14 0 0 
0 0 0 0 0 0 213 0 
0 0 0 0 0 0 205 0 
0 0 0 0 0 0 1680 0 
0 3 1526 0 1 13 0 0 
0 0 1 0 2 0 1 322 
68 253 0 0 0 52 1086 78 
0 0 0 3 21 450 0 1 
0 0 0 0 0 67 1552 0 
0 0 0 0 0 0 384 0 
20 0 0 0 1 1505 30 0 
6 2 0 0 0 0 1657 0 
0 0 0 0 0 0 1418 168 
0 0 0 0 0 338 0 0 
0 0 0 0 1 0 157 262 
46 7 0 57 0 4 120 11 
1 26 0 0 91 490 69 1371 
0 82 551 0 74 0 12 192 
0 0 0 341 0 0 0 1 
0 0 0 0 0 1845 0 0 
0 0 0 0 0 948 0 0 
0 0 0 0 0 0 476 0 
0 0 0 0 0 780 0 0 
8 0 0 0 842 0 0 0 
0 0 0 0 0 700 0 0 
0 79 613 0 0 5 0 0 
103 47 1071 61 437 325 2246 189 
23 366 1404 0 8 7 11 0 
148 0 0 0 0 1 0 0 
0 0 0 0 0 429 0 0 
3 0 1 0 0 1165 0 0 
0 0 0 0 0 0 2458 0 
2 0 0 0 0 723 6 0 
0 174 7 7 435 111 531 293 
0 0 0 0 0 14 252 0 
0 0 0 0 0 0 293 0 
5 2 0 761 0 5 0 0 
1527 0 0 0 3 0 0 0 
0 0 0 2 0 43 2 307 
0 0 0 0 0 1 914 0 
222 0 6 0 0 0 0 12 
0 0 0 0 0 258 0 0 
0 0 0 17 0 713 0 0 
187 2 1 0 0 0 0 20 
0 795 0 1 0 0 0 0 
