152 1180 0 1 8 43 0 3 0 0 0 0 
2 13 0 0 0 0 0 10 0 1 2 0 
0 0 0 0 0 2 0 156 27 0 0 0 
0 0 0 0 0 183 0 0 0 0 0 0 
0 0 0 0 0 0 0 0 0 0 25 11 
0 0 0 0 0 2 164 24 0 0 0 0 
0 0 0 0 94 0 0 0 0 0 0 0 
0 1 0 4 24 0 0 67 0 0 0 0 
0 0 13 0 0 0 0 0 247 0 0 0 
282 0 3 28 0 118 1 1 0 0 46 2 
0 0 0 0 0 0 0 16 41 45 0 0 
0 0 0 0 5 0 299 8 0 0 0 1 
0 55 16 210 29 0 0 0 0 0 0 0 
0 196 1 0 6 11 0 0 0 0 0 0 
0 0 0 0 0 0 137 0 0 0 0 0 
0 0 103 0 0 0 0 0 0 0 0 0 
0 0 0 0 105 0 0 1 0 0 0 0 
0 2 0 0 0 0 20 176 0 0 0 0 
0 0 0 4 0 4 0 0 0 0 0 43 
0 0 0 0 59 0 0 0 0 0 0 1 
0 0 0 7 199 0 0 0 0 0 0 0 
0 200 0 0 1 0 0 0 0 0 0 0 
0 0 0 0 0 0 0 0 0 37 0 0 
0 0 0 0 0 0 53 0 0 0 0 0 
0 0 0 0 0 0 44 0 0 0 0 0 
0 0 0 0 0 0 0 104 0 0 0 0 
0 0 42 0 0 0 0 0 0 1 0 0 
0 0 10 6 0 0 15 0 0 54 0 5 
0 0 0 0 0 0 64 0 0 0 0 0 
0 0 0 0 0 67 537 0 0 0 0 0 
0 0 0 0 0 0 0 0 69 2 0 0 
1 3 3 0 0 3 135 0 154 0 1 0 
2 0 0 0 17 389 0 2 0 0 0 0 
0 0 0 0 0 0 0 0 0 0 70 0 
45 11 0 4 25 0 0 0 0 0 0 4 
0 0 0 1 0 0 0 0 0 145 20 0 
0 48 0 0 0 0 2 0 0 0 0 0 
0 0 217 19 36 0 0 0 0 0 0 11 
4 0 0 0 21 1 0 10 0 0 3 23 
0 0 0 1 0 0 0 0 0 0 0 31 
0 0 0 0 0 0 0 34 12 0 0 0 
261 0 0 0 0 0 0 0 0 0 0 0 
0 0 245 8 0 0 0 0 0 0 0 0 
4 31 3 0 0 0 0 0 0 0 0 0 
15 0 0 6 2 0 0 0 0 0 0 27 
0 106 0 0 0 0 0 0 0 0 0 0 
0 0 0 0 0 43 1 0 0 0 0 0 
0 11 0 0 0 9 0 0 0 9 0 0 
0 0 0 1 27 1 0 0 0 0 0 0 
0 0 1 0 0 0 0 0 86 0 0 0 
0 1 0 0 38 0 0 0 0 21 0 20 
0 0 0 0 0 0 0 0 0 78 0 0 
0 0 0 0 1 0 0 0 0 0 21 0 
0 0 3 0 0 0 64 0 0 0 1 0 
0 0 0 0 0 0 74 0 0 0 1 0 
0 0 0 10 28 10 0 2 0 0 0 10 
0 0 4 1 17 0 0 0 3 15 16 0 
0 0 13 16 0 0 1 0 0 12 0 0 
0 0 0 13 0 0 0 0 0 12 0 0 
0 0 296 1 0 26 0 8 2 1 0 0 
0 181 0 0 0 0 0 0 9 0 0 0 
0 0 0 0 33 0 0 180 1 0 0 0 
2 49 1 0 0 0 0 1 0 0 1 0 
0 0 0 70 0 0 0 0 0 0 0 0 
0 36 0 0 0 0 0 0 0 0 0 0 
0 0 0 0 0 0 0 0 0 19 0 0 
0 0 0 0 1 37 4 5 4 0 0 0 
0 0 0 0 0 31 0 0 0 0 0 0 
0 9 2 0 0 4 0 18 0 0 0 0 
1 0 30 0 0 0 0 0 1 0 0 0 
0 0 0 0 0 124 0 0 0 1 0 5 
0 0 0 0 31 0 0 0 0 0 0 0 
0 0 292 0 0 0 0 0 0 0 0 0 
