219 1137 0 0 4 21 0 0 0 1 0 0 
1 0 1 0 0 0 0 0 26 0 0 0 
0 0 0 0 0 0 0 168 20 0 0 0 
0 0 0 0 0 184 0 0 0 0 0 0 
0 1 0 0 2 0 0 0 0 0 16 17 
0 0 0 0 0 3 156 24 0 0 0 0 
0 0 0 0 94 0 0 0 0 0 0 0 
0 1 0 8 0 0 0 0 52 2 0 21 
0 3 0 0 0 3 0 0 250 0 0 0 
342 17 0 0 1 90 0 0 0 0 34 0 
0 0 0 0 0 0 0 2 31 65 2 0 
0 0 0 68 0 1 254 0 0 1 0 0 
0 76 22 175 36 1 0 2 0 0 0 0 
0 198 0 0 0 16 0 0 0 0 0 0 
0 0 0 0 0 0 139 0 0 0 0 0 
0 0 100 0 0 0 0 0 0 0 0 0 
0 0 0 0 105 0 0 0 0 0 2 0 
0 0 0 0 0 0 32 165 0 0 0 0 
2 0 0 0 0 0 0 0 0 0 0 49 
0 0 0 0 59 0 0 0 1 0 0 0 
0 0 0 5 202 0 0 0 0 1 0 0 
0 201 0 0 0 0 0 0 0 0 0 0 
0 0 0 0 2 0 0 0 0 34 0 1 
0 0 0 0 0 0 46 0 0 0 0 0 
0 0 0 0 1 0 41 2 0 0 0 0 
0 0 0 0 0 0 0 104 0 0 0 0 
0 0 338 0 0 0 0 0 0 0 0 2 
0 0 0 6 0 2 27 15 0 24 0 16 
0 0 0 0 0 0 65 0 0 0 0 0 
0 0 0 0 0 77 538 0 0 0 0 0 
0 0 0 0 0 0 0 0 66 5 0 0 
0 0 1 13 0 0 239 0 42 3 0 0 
0 0 0 0 0 407 0 0 0 0 0 0 
0 0 0 0 0 0 0 0 0 0 69 0 
0 0 0 0 61 0 0 0 25 0 0 0 
0 0 0 0 0 0 0 0 0 139 27 0 
0 48 0 0 0 0 0 2 0 0 0 0 
6 0 240 23 0 0 0 16 0 0 0 0 
0 0 0 0 0 0 0 0 0 0 12 50 
0 1 0 0 0 0 0 0 0 0 0 31 
0 1 0 0 0 0 0 32 19 0 0 0 
257 0 0 0 0 1 0 0 0 0 0 0 
0 0 240 10 0 0 0 0 0 0 0 1 
0 35 0 3 0 0 0 0 0 0 0 0 
0 0 0 50 0 0 0 0 0 0 0 0 
0 106 0 0 0 0 0 0 0 0 0 0 
2 0 0 26 0 11 2 3 0 0 0 0 
1 0 0 0 3 0 9 11 0 0 5 0 
0 0 0 0 56 0 0 0 1 0 0 1 
0 0 0 0 0 0 0 0 87 0 0 0 
0 5 0 0 0 0 0 0 31 0 2 42 
0 0 0 0 0 0 0 0 0 78 0 0 
0 0 0 0 0 0 0 0 0 0 22 0 
0 0 6 0 0 0 62 0 0 0 0 0 
0 0 0 1 1 0 68 0 0 0 4 0 
0 3 0 2 0 4 0 0 0 1 49 1 
0 0 0 0 0 0 5 46 5 0 0 0 
0 0 0 0 0 0 21 0 0 19 0 0 
0 0 0 0 1 0 0 10 0 13 1 0 
0 0 347 0 0 0 0 0 0 0 0 0 
0 190 0 0 0 0 0 0 0 0 0 1 
0 0 0 2 0 2 0 180 32 10 0 0 
0 7 0 0 0 0 0 44 0 4 0 0 
0 0 0 66 0 0 0 0 1 0 1 0 
0 34 0 0 0 0 0 0 0 0 0 0 
0 0 0 0 0 0 0 0 0 19 0 0 
12 0 0 18 1 19 1 0 0 0 0 0 
0 0 0 0 0 31 0 0 0 0 0 0 
0 0 0 1 0 0 0 0 0 23 9 0 
0 0 0 1 0 0 6 8 5 0 0 0 
0 0 0 0 0 128 0 0 0 0 1 0 
