97 1157 0 0 0 96 0 13 0 29 0 0 
0 0 0 0 0 1 0 22 0 0 0 4 
0 0 0 0 0 0 1 155 31 0 0 0 
0 0 0 0 0 233 0 0 0 0 0 0 
0 0 0 0 0 0 0 0 0 0 25 13 
0 0 0 0 1 2 159 22 0 0 0 0 
0 0 0 0 95 0 1 0 0 0 1 0 
0 1 0 31 32 0 1 14 5 0 0 0 
0 0 0 0 19 0 0 0 241 0 0 0 
26 0 3 10 26 0 9 417 0 3 0 0 
0 9 0 0 0 0 0 3 41 29 14 0 
0 0 0 0 0 7 329 0 0 0 0 0 
0 58 34 177 24 0 0 0 4 0 0 0 
0 198 0 0 0 16 0 0 0 0 0 0 
0 0 0 0 0 0 128 3 0 0 0 0 
0 0 102 0 0 0 0 0 0 0 0 0 
5 0 0 0 109 3 0 0 0 0 2 1 
0 0 0 0 0 0 30 167 0 0 0 0 
0 0 0 1 0 0 0 0 0 14 0 35 
0 2 0 0 41 8 0 8 0 1 0 0 
0 0 0 6 201 0 0 0 0 0 1 0 
1 192 0 0 0 0 0 0 0 0 0 0 
0 0 0 0 0 0 0 0 0 37 0 0 
0 0 0 0 0 0 47 0 0 0 0 0 
0 0 0 0 0 0 44 0 0 0 0 0 
0 0 0 0 0 0 0 104 0 0 0 0 
0 0 340 0 0 0 0 0 0 0 0 0 
0 0 8 0 0 0 0 13 11 35 11 13 
0 0 0 0 0 0 65 0 0 0 0 0 
0 0 0 0 0 69 552 0 0 0 0 0 
0 0 0 0 0 0 0 0 70 2 0 0 
3 0 0 0 0 0 268 1 10 0 0 0 
0 0 0 0 0 392 0 0 0 1 1 0 
0 0 0 0 0 0 0 0 0 0 69 0 
0 0 0 0 45 41 0 0 0 1 0 0 
0 0 0 0 0 0 0 0 0 153 13 0 
0 47 0 1 0 0 1 0 0 0 0 0 
0 0 238 0 0 36 0 0 0 0 6 0 
0 0 0 0 0 0 34 0 0 9 0 9 
3 0 0 0 0 0 0 0 0 1 0 28 
0 0 0 0 0 0 0 32 18 0 0 0 
253 0 0 0 0 1 0 0 0 0 0 0 
0 0 241 12 0 0 0 0 0 0 0 0 
0 32 0 1 0 3 0 0 0 0 0 0 
0 0 49 0 12 2 0 7 1 0 4 5 
0 0 10 1 4 0 1 16 0 0 0 18 
0 116 0 0 0 0 0 0 0 0 0 0 
0 0 11 6 0 24 0 0 1 0 0 2 
0 0 2 6 0 1 18 0 0 0 0 0 
0 0 0 0 34 0 0 0 0 0 0 0 
0 0 1 0 0 0 0 0 85 0 0 0 
0 0 18 0 0 3 0 0 0 47 14 0 
0 0 0 0 0 0 0 0 0 78 0 0 
0 0 0 0 0 0 0 0 0 0 40 0 
0 0 5 0 0 0 79 0 0 0 0 0 
0 0 0 0 0 0 74 0 1 0 0 0 
0 19 0 0 37 0 0 0 0 3 0 1 
0 0 19 0 0 0 0 0 0 0 32 0 
0 0 0 0 0 0 2 0 12 0 1 24 
0 0 0 0 25 0 0 0 0 0 0 0 
0 0 258 0 77 15 1 0 0 0 0 0 
0 196 0 0 0 1 0 0 0 0 6 0 
0 0 0 0 0 2 8 211 0 4 0 0 
3 0 0 0 56 0 0 0 1 0 0 0 
0 0 0 74 0 0 0 0 0 0 0 0 
0 33 0 0 0 0 0 0 0 0 0 0 
0 0 0 0 2 0 0 0 0 17 0 0 
4 21 2 0 0 0 0 1 15 0 0 3 
0 0 0 0 0 0 0 0 0 0 18 0 
0 0 0 0 0 31 0 0 0 0 0 0 
0 0 0 0 22 0 0 0 1 0 0 0 
