112 1473 33 8 16 87 0 1 0 0 0 1 
0 0 113 179 8 0 0 0 0 3 112 0 
0 0 1 0 0 0 0 150 25 0 0 0 
0 0 0 0 0 202 0 0 0 0 0 0 
0 0 0 0 0 0 0 0 0 0 20 19 
0 0 0 0 0 2 154 24 0 0 0 0 
0 0 0 0 68 0 0 0 0 0 0 0 
1 0 0 0 0 0 17 308 0 0 0 0 
1 0 0 25 0 0 0 0 230 56 0 3 
0 0 0 0 37 0 0 0 0 0 0 0 
0 0 63 1 1 0 0 336 33 0 17 102 
0 1 0 0 0 0 0 13 28 38 38 10 
3 0 11 34 0 35 1 266 0 0 0 0 
0 27 21 216 40 1 0 0 0 0 0 0 
0 203 0 0 2 5 0 0 0 0 0 0 
0 0 0 0 0 0 125 3 0 0 0 0 
0 0 97 0 0 0 0 0 0 0 0 0 
0 0 9 0 111 3 0 0 0 0 0 0 
0 0 2 0 0 1 13 194 0 0 0 0 
0 0 0 0 0 0 0 0 0 5 0 72 
0 0 0 0 40 0 2 3 2 0 0 13 
0 0 0 5 205 0 0 0 0 0 0 0 
0 188 0 0 0 0 0 0 0 0 0 0 
0 0 0 0 0 0 0 0 0 140 0 0 
0 0 0 0 0 0 46 0 0 0 0 0 
0 0 0 0 0 0 47 0 0 0 0 0 
0 0 0 0 0 0 2 101 0 0 0 0 
0 0 0 0 0 0 0 0 0 19 0 0 
0 0 0 0 0 0 34 0 0 0 0 0 
0 0 341 0 0 0 0 0 0 0 0 0 
5 0 0 0 0 41 0 55 0 0 0 0 
0 0 0 0 0 0 61 0 0 0 0 0 
0 0 0 0 0 67 609 0 0 0 0 0 
0 0 0 38 0 0 0 0 0 0 0 0 
0 0 0 0 0 0 0 0 68 0 0 0 
1 0 0 0 6 3 155 0 0 60 26 2 
0 0 0 0 3 383 0 0 0 0 0 0 
0 0 11 0 0 0 0 0 0 0 133 0 
0 0 0 16 0 0 45 1 16 0 0 0 
0 0 0 0 0 1 0 0 1 114 21 0 
0 42 0 1 0 0 0 0 0 0 0 0 
0 4 8 0 5 7 0 0 0 1 34 12 
0 0 0 0 51 0 0 0 0 31 0 0 
268 0 0 0 0 0 0 1 24 0 0 0 
0 0 0 4 0 39 0 0 0 0 36 0 
0 0 1 0 0 0 0 0 0 0 0 27 
0 0 0 0 0 0 0 26 6 0 0 0 
256 0 0 0 1 0 0 0 0 0 0 2 
0 0 243 11 0 0 0 0 0 0 0 0 
0 27 4 0 1 0 0 0 0 0 0 2 
0 0 0 0 0 58 0 0 1 0 0 0 
0 0 0 0 0 0 0 0 0 0 18 0 
0 0 0 0 9 0 0 0 64 6 0 0 
16 0 2 0 0 0 0 32 0 0 0 0 
0 96 0 0 0 1 0 0 0 0 0 1 
0 0 0 1 24 0 0 5 0 0 0 0 
0 0 20 0 0 0 6 0 0 0 1 0 
0 0 0 0 49 0 0 0 0 0 0 0 
6 0 13 0 0 0 0 0 61 0 0 0 
9 0 0 0 0 0 5 0 0 0 0 0 
