1 0 0 0 0 0 325 0 0 0 0 0 
0 0 0 0 0 0 0 42 0 0 0 0 
0 0 0 5 0 3 0 178 0 0 0 0 
0 2 0 0 95 87 0 0 0 0 1 0 
0 0 0 0 0 0 0 0 0 0 36 0 
0 0 0 0 0 1 190 0 0 0 0 0 
0 0 0 0 0 72 23 0 0 0 0 0 
0 0 0 0 0 0 0 84 0 0 0 0 
0 0 0 0 0 0 0 0 248 0 0 12 
3 0 0 0 0 1 0 0 0 0 0 481 
0 0 0 0 0 0 0 0 101 0 0 0 
0 0 0 0 1 0 313 0 1 0 0 0 
0 0 11 4 303 0 0 0 0 0 0 0 
0 0 0 0 0 218 0 1 0 0 0 0 
0 0 0 0 0 0 133 1 0 0 0 0 
0 0 0 0 0 0 101 0 0 0 0 0 
0 0 0 103 3 0 0 0 0 0 0 0 
0 0 0 0 0 0 0 181 7 8 0 0 
0 1 0 0 0 0 0 1 0 49 0 0 
0 0 0 0 60 0 0 0 0 0 0 0 
0 0 1 108 97 0 0 0 0 0 0 0 
0 0 21 0 172 0 0 0 10 0 0 0 
0 0 0 0 0 0 0 11 9 0 0 17 
0 0 0 0 0 0 49 2 1 0 0 0 
0 0 0 0 0 0 0 0 0 0 0 44 
0 0 0 3 0 0 2 94 1 2 2 0 
0 0 2 0 0 0 0 0 0 3 0 46 
0 28 0 5 0 0 3 0 37 17 0 0 
0 2 58 0 0 0 0 0 0 0 5 0 
0 0 0 0 3 0 602 0 0 0 0 0 
1 6 0 10 0 0 21 0 26 0 7 0 
0 0 0 0 0 428 0 0 0 0 0 0 
0 0 0 0 0 0 63 1 0 0 0 0 
0 0 0 0 0 70 21 0 0 0 0 0 
0 0 0 0 0 2 0 0 180 0 0 0 
0 0 0 0 0 0 0 0 0 0 0 50 
5 0 0 0 0 0 277 0 0 0 0 0 
0 1 59 0 0 0 3 0 0 0 0 0 
0 0 0 0 0 0 0 0 0 0 4 28 
0 0 0 0 0 0 0 0 47 0 0 0 
0 0 1 0 0 0 250 0 3 0 0 0 
0 4 0 135 116 0 0 0 0 0 0 0 
0 38 0 0 0 0 0 0 0 0 0 0 
19 24 0 0 0 0 0 0 0 0 0 3 
0 64 1 0 4 0 0 35 0 0 0 0 
0 0 26 2 0 0 0 16 0 0 0 0 
25 0 0 0 1 0 1 2 0 0 0 0 
0 0 0 1 21 0 0 4 0 0 0 2 
0 43 5 0 0 0 29 0 0 8 0 0 
0 0 0 0 81 0 0 0 0 0 0 0 
0 0 0 0 0 0 0 1 61 0 0 0 
0 0 0 1 1 20 0 0 0 0 0 0 
0 0 68 0 0 0 0 0 0 0 0 0 
0 0 0 0 0 0 86 0 0 0 0 0 
0 0 0 0 0 11 0 0 45 0 0 0 
20 0 0 4 0 0 0 0 6 0 5 0 
0 0 0 0 0 7 0 13 0 1 0 5 
0 0 0 10 1 0 0 0 0 0 0 14 
1 0 0 0 39 17 0 257 0 0 0 14 
89 0 0 0 16 0 77 0 0 0 16 0 
0 0 0 0 0 0 0 225 0 0 0 0 
0 1 0 13 0 40 0 0 0 0 0 0 
0 0 0 62 2 0 0 0 0 0 0 0 
0 0 3 0 22 0 0 6 0 0 0 0 
0 0 0 0 0 0 0 0 0 0 19 0 
0 0 0 0 0 0 0 0 51 0 0 0 
0 0 0 1 0 33 0 0 0 0 0 0 
0 5 0 0 1 0 1 28 0 0 0 0 
0 0 0 0 0 0 0 33 3 0 2 0 
1 0 0 0 0 125 0 2 0 0 0 1 
0 1 0 0 31 0 0 0 0 0 0 0 
0 0 272 0 0 6 0 0 0 3 0 0 
0 0 1 0 0 21 0 2 0 0 0 11 
0 8 0 0 0 155 1153 0 4 0 3 0 
