254 1376 26 88 0 32 10 1 3 13 16 19 
34 1 196 106 16 1 0 4 15 3 30 0 
0 0 0 0 0 0 0 133 30 0 0 0 
0 0 0 0 0 196 0 0 0 0 0 0 
0 0 0 0 2 0 0 0 1 0 24 8 
0 0 0 0 0 1 163 19 1 0 0 0 
0 0 0 0 55 0 0 1 0 0 0 0 
0 0 0 1 0 6 0 294 8 14 0 0 
0 0 1 49 0 13 0 0 189 39 0 25 
0 0 0 0 80 0 0 0 1 0 0 0 
0 0 255 0 1 6 0 102 4 15 0 180 
0 0 0 0 0 0 0 21 31 62 0 2 
0 0 46 56 0 0 32 74 112 0 28 1 
0 34 24 203 45 0 0 0 0 0 0 0 
0 201 0 0 0 5 0 0 0 0 0 0 
0 0 0 0 0 0 131 3 0 0 0 0 
0 0 96 0 0 0 0 0 0 0 0 0 
0 7 0 0 114 0 1 0 0 0 0 0 
0 0 0 0 0 0 28 195 0 0 0 0 
0 0 0 0 0 0 0 0 0 0 0 104 
3 0 0 0 64 0 0 0 0 3 0 0 
1 0 0 6 203 0 0 0 0 0 0 0 
0 193 0 0 0 0 0 0 0 0 0 0 
0 0 0 0 0 0 0 0 0 148 0 0 
0 0 0 0 0 0 46 0 0 0 0 0 
0 0 0 0 0 0 38 0 1 0 0 0 
0 0 0 0 0 0 0 103 0 0 0 1 
0 0 0 0 0 0 0 0 0 19 0 0 
0 0 0 0 0 0 48 0 0 0 0 0 
0 0 0 0 0 0 0 0 34 0 0 0 
0 0 338 0 0 0 4 0 0 0 0 0 
6 0 0 0 0 0 43 99 0 0 0 0 
0 0 0 0 0 0 63 0 0 0 0 0 
0 0 0 0 0 73 592 1 0 0 0 0 
0 0 0 36 0 0 0 0 0 0 0 0 
0 0 0 0 0 0 0 0 68 0 0 0 
0 0 0 0 5 0 254 0 0 21 0 0 
0 0 0 4 0 380 0 1 0 0 0 0 
0 0 6 0 0 0 0 0 0 0 139 0 
0 0 0 0 0 1 0 0 49 0 0 2 
0 0 0 0 0 0 0 0 0 106 30 0 
0 37 0 0 0 0 0 0 0 0 0 0 
0 0 46 0 0 2 0 0 0 0 0 23 
44 0 0 0 7 5 0 0 0 0 0 30 
92 0 0 0 0 2 10 0 29 0 0 159 
10 0 0 0 1 34 0 0 16 21 0 0 
0 0 1 0 0 0 9 0 0 0 0 26 
0 0 0 0 0 0 0 25 6 0 0 0 
260 0 0 0 0 0 0 0 1 0 0 0 
0 0 238 13 0 0 0 0 0 0 0 0 
1 33 0 0 0 0 0 2 1 0 1 0 
0 0 0 0 0 68 0 0 0 0 0 0 
0 0 0 0 0 0 0 0 0 0 18 0 
43 48 0 0 0 0 0 0 18 0 1 0 
0 49 0 0 0 0 0 0 0 0 0 0 
