118 1199 0 0 0 65 0 0 0 0 0 0 
0 11 0 4 0 3 0 0 10 0 0 0 
0 0 0 0 0 0 0 164 26 0 0 0 
0 0 0 0 0 232 0 0 0 0 0 0 
0 0 0 0 0 0 0 0 0 0 24 12 
0 0 0 0 0 2 166 22 0 0 0 0 
0 0 0 0 94 0 0 0 0 0 0 0 
21 1 0 2 0 0 0 15 33 0 0 12 
0 10 0 0 0 0 2 0 240 0 0 0 
136 47 0 80 0 2 0 224 0 0 0 0 
0 0 0 5 0 4 0 17 22 42 7 0 
1 0 0 0 0 0 325 0 0 0 0 0 
0 57 27 192 33 0 0 0 0 0 0 0 
0 205 0 0 0 8 0 0 0 0 2 0 
0 0 0 0 0 0 139 0 0 0 0 0 
0 0 100 0 0 0 0 0 0 0 0 0 
0 7 1 0 87 0 0 2 0 5 0 4 
0 0 0 0 0 0 34 164 0 0 0 0 
0 0 0 2 1 0 0 1 0 0 0 46 
0 0 0 0 28 0 28 0 4 0 0 0 
0 0 0 7 201 0 0 0 0 0 0 0 
0 189 0 0 0 0 0 0 0 0 0 0 
0 0 0 0 0 0 0 0 0 37 0 0 
0 0 0 0 0 0 42 0 0 2 0 0 
0 0 0 0 1 0 43 0 0 0 0 0 
0 0 0 0 0 0 0 103 0 0 1 0 
0 0 336 0 0 0 1 0 0 0 0 0 
0 0 0 0 13 5 0 0 0 72 0 0 
0 0 0 0 0 0 65 0 0 0 0 0 
0 0 0 1 0 58 552 0 3 0 0 0 
0 0 0 0 0 0 0 0 66 6 0 0 
0 0 0 2 0 0 288 0 0 1 0 0 
0 0 0 0 0 397 0 0 7 0 0 0 
0 0 0 0 0 0 0 0 0 1 68 0 
0 3 0 0 71 0 0 0 11 0 2 0 
0 0 0 0 0 0 0 0 0 150 16 1 
0 49 0 0 0 0 0 0 0 0 0 0 
1 0 275 4 2 0 0 0 7 0 0 0 
0 0 3 14 0 0 0 1 1 25 18 0 
0 0 0 0 6 0 0 0 0 0 0 26 
0 0 0 0 0 0 0 38 22 0 0 0 
253 0 0 0 0 0 0 2 0 0 0 0 
0 0 234 18 0 0 0 0 0 0 0 0 
0 32 0 0 0 0 4 0 0 0 0 0 
0 0 0 0 0 79 1 0 0 1 0 0 
2 0 0 0 23 0 0 0 4 21 0 0 
0 102 0 0 0 0 0 3 1 0 0 0 
0 0 0 4 0 0 0 27 0 9 3 0 
0 4 0 11 1 0 0 10 3 0 0 0 
0 0 0 0 58 0 0 0 0 0 0 0 
0 0 0 0 0 0 0 0 86 0 0 0 
0 7 0 0 0 0 63 0 6 0 6 0 
0 0 0 0 0 0 0 0 0 76 0 0 
0 0 0 0 0 0 0 0 0 0 22 0 
0 2 5 0 0 0 61 0 0 0 0 0 
0 2 0 0 0 0 69 0 2 0 0 0 
2 0 0 0 0 50 0 0 0 0 10 0 
0 0 0 10 0 0 0 30 0 5 11 0 
0 11 0 0 0 11 0 0 0 0 2 16 
0 0 0 0 0 11 0 14 0 0 0 0 
0 0 301 0 0 45 0 0 0 0 0 0 
0 208 0 0 0 0 0 0 0 0 0 0 
0 0 0 0 0 2 0 223 0 0 0 2 
24 0 0 0 10 0 1 0 0 2 19 2 
0 0 0 72 0 0 0 0 0 0 0 0 
0 33 0 0 0 0 0 0 0 0 0 0 
0 0 0 0 0 0 0 0 0 19 0 0 
1 1 0 0 3 0 0 0 0 15 25 1 
0 0 0 0 0 31 0 0 0 0 0 0 
0 0 2 18 0 0 0 0 12 1 0 0 
4 0 0 0 0 0 6 1 0 4 0 0 
