132 1265 111 0 0 62 0 0 0 0 1 0 
0 0 7 0 0 0 0 0 0 0 22 0 
0 0 0 0 0 0 0 170 22 0 0 0 
0 0 0 0 0 197 0 0 0 0 0 0 
0 0 3 0 0 0 0 0 0 0 14 20 
0 0 0 0 0 2 159 22 0 0 0 0 
0 0 0 0 95 0 0 0 0 0 0 1 
1 0 0 0 1 3 0 306 0 0 1 0 
0 0 0 70 0 0 0 13 175 57 0 1 
2 0 0 0 0 0 4 385 24 107 9 12 
0 8 0 1 0 0 0 15 45 33 11 6 
0 0 0 0 0 120 1 160 0 0 0 66 
0 17 21 224 33 0 0 0 0 0 1 0 
0 199 0 0 0 17 0 0 0 0 0 0 
0 0 0 0 0 0 136 3 0 0 0 0 
0 0 96 0 0 0 0 0 0 0 0 0 
0 1 0 0 119 0 0 1 0 1 0 0 
0 0 0 0 0 0 18 178 0 0 0 0 
4 0 0 0 2 1 0 0 6 1 0 37 
0 0 0 0 38 0 0 22 0 0 0 0 
0 0 0 5 205 0 0 0 0 0 0 0 
0 241 0 0 1 0 0 0 0 0 0 0 
0 0 0 0 0 0 0 0 0 46 0 0 
0 0 0 0 0 1 60 0 0 0 0 0 
0 0 0 0 0 0 50 0 0 0 0 0 
0 0 0 0 0 0 0 104 0 0 0 0 
0 0 0 0 0 0 34 0 0 0 0 0 
0 0 345 0 0 0 0 0 0 0 0 1 
0 0 0 0 5 0 0 1 0 6 53 38 
0 0 0 0 0 0 63 0 0 0 0 0 
0 0 0 0 0 78 540 0 0 0 0 0 
0 0 0 39 0 0 0 0 0 0 0 0 
0 0 0 0 0 0 0 0 59 0 0 0 
8 1 0 0 3 0 248 1 0 0 0 0 
2 0 0 0 0 379 0 0 0 0 0 0 
0 1 0 0 0 0 0 0 0 0 66 0 
0 0 4 0 55 0 0 0 0 9 18 0 
0 0 1 0 0 0 1 0 0 94 30 0 
5 39 0 0 0 0 0 0 0 0 0 0 
218 0 5 0 6 0 0 0 0 49 2 0 
0 0 0 0 0 0 52 0 0 0 0 0 
0 0 0 0 0 0 0 2 0 0 0 28 
0 0 0 0 0 0 0 30 18 2 0 0 
258 0 0 0 0 0 0 0 0 0 0 0 
0 1 246 11 0 0 0 0 0 0 0 0 
0 31 0 0 0 0 0 0 0 0 3 0 
0 0 0 0 0 68 0 0 0 0 0 0 
0 0 0 0 0 0 0 0 0 0 18 0 
1 0 10 0 29 0 0 40 0 0 0 0 
0 5 0 0 0 4 0 0 0 40 0 1 
0 103 0 0 0 0 0 0 0 1 0 0 
0 0 0 0 0 4 8 7 11 0 0 5 
3 0 0 0 0 0 8 0 0 1 0 15 
0 0 0 1 35 0 0 0 0 0 0 0 
0 0 0 0 0 0 0 0 80 0 0 0 
0 0 1 0 0 58 13 5 0 0 0 0 
0 0 0 0 0 0 0 0 0 121 0 0 
0 1 1 0 9 0 0 6 0 0 28 2 
0 0 25 14 0 0 0 0 0 7 0 0 
28 0 0 0 1 0 53 0 0 0 0 0 
0 0 0 0 0 22 0 0 1 23 0 0 
0 0 0 0 0 0 0 36 0 0 7 0 
0 0 0 0 0 0 0 1 0 19 0 0 
0 0 1 8 0 0 0 0 0 2 1 14 
17 7 0 0 0 0 1 0 0 0 0 0 
107 0 115 138 0 0 0 0 15 1 0 0 
0 0 0 0 23 0 0 0 0 0 0 0 
0 29 0 0 0 0 0 0 0 0 0 0 
