0 0 1 0 9 209 1190 0 10 0 0 0 
10 0 0 0 0 0 19 0 0 0 1 0 
0 0 0 0 0 0 0 182 0 0 5 2 
0 0 0 0 72 129 0 0 0 0 0 0 
0 0 0 0 0 0 0 0 0 0 37 0 
0 1 0 0 0 0 178 0 1 0 0 0 
0 0 0 0 0 72 24 0 0 0 0 0 
0 0 0 0 0 0 0 88 0 0 0 0 
0 5 0 220 2 8 0 44 0 0 0 0 
0 0 0 2 1 0 2 0 0 0 0 492 
0 0 0 0 0 0 0 0 120 0 0 0 
0 0 0 0 0 0 328 0 2 0 0 0 
0 0 15 0 278 0 0 0 0 0 0 0 
0 0 0 0 0 216 0 0 0 0 0 2 
0 0 0 0 0 1 128 0 6 0 0 0 
0 0 0 0 0 0 96 0 0 0 0 0 
0 2 0 115 3 0 0 0 0 0 1 0 
0 0 0 0 0 1 26 169 0 0 0 0 
2 4 42 3 0 0 0 0 0 0 0 0 
0 0 0 0 60 0 0 0 0 0 0 0 
0 0 0 71 138 0 0 0 0 0 0 0 
0 1 0 9 0 225 0 1 0 4 0 3 
0 0 0 0 0 0 0 0 0 0 36 10 
0 0 0 0 0 0 60 0 0 0 0 0 
0 0 0 0 0 0 0 0 0 0 0 50 
0 0 0 4 7 0 0 85 6 2 0 0 
0 0 34 0 0 0 0 0 0 0 0 0 
22 0 313 0 0 0 8 0 0 0 0 2 
0 0 0 0 0 0 0 18 7 78 0 0 
0 0 0 64 0 0 0 0 0 0 0 0 
68 0 0 0 0 0 556 0 0 0 0 0 
0 11 6 0 47 0 0 0 0 0 0 0 
0 0 0 0 1 0 267 0 0 0 0 0 
0 0 0 0 0 381 0 0 0 0 0 0 
0 0 0 2 62 1 0 0 2 0 0 0 
0 0 0 0 0 67 18 0 0 0 0 0 
0 0 0 0 0 0 0 0 123 0 0 0 
0 0 0 0 0 0 0 0 0 0 0 44 
0 46 0 0 0 0 205 4 0 0 1 22 
0 0 0 0 0 0 52 0 0 0 0 0 
0 0 0 0 0 0 0 0 0 0 0 30 
0 0 4 0 0 0 0 0 48 0 0 0 
0 0 0 0 0 0 257 0 0 0 0 0 
0 0 0 193 66 0 0 0 0 0 0 0 
0 34 0 0 0 0 0 0 0 0 0 0 
0 0 0 1 46 21 0 0 0 0 0 0 
12 0 0 0 0 0 0 0 2 0 2 2 
0 0 1 1 0 38 0 2 0 0 0 38 
5 0 19 0 0 4 0 2 20 0 0 0 
0 87 0 0 0 1 0 14 0 0 0 1 
0 0 0 21 0 0 11 0 0 0 3 0 
27 0 0 0 0 0 0 0 0 0 0 0 
0 0 0 0 32 0 1 2 0 0 0 0 
3 15 3 0 0 0 59 0 0 0 0 0 
0 0 0 0 72 4 0 0 0 0 0 0 
0 0 0 0 0 0 0 0 122 0 0 0 
0 0 0 0 0 0 0 0 47 0 0 0 
0 0 46 0 0 0 0 0 0 0 0 0 
0 0 0 0 0 0 81 0 0 0 0 0 
0 0 5 0 0 0 0 1 35 1 0 0 
0 0 31 0 0 2 0 8 0 0 1 0 
0 0 0 0 0 0 0 20 0 0 0 0 
0 0 0 0 0 0 0 4 14 0 0 8 
0 0 0 0 24 1 0 0 0 0 0 0 
0 9 0 0 1 0 0 334 34 0 0 0 
0 0 0 0 23 0 0 0 0 0 0 0 
3 0 0 0 14 1 162 2 0 15 0 0 
0 0 0 0 0 0 0 225 0 0 0 0 
0 1 0 0 0 0 16 0 0 0 0 29 
0 0 0 60 12 1 0 1 0 1 0 0 
