219 1030 48 0 31 65 0 0 0 0 0 0 
4 0 0 0 0 0 5 0 18 0 0 1 
0 0 0 0 0 0 0 162 29 0 0 0 
0 0 0 0 0 234 0 0 0 0 0 0 
0 0 0 0 0 1 0 0 0 0 19 16 
0 0 0 0 0 1 165 23 0 0 0 0 
0 0 0 0 95 0 0 0 0 0 0 0 
0 0 2 78 0 4 0 0 0 0 0 0 
0 0 0 0 0 0 0 26 234 0 0 0 
145 0 1 86 0 0 2 252 0 1 4 0 
0 0 0 0 0 0 0 6 10 73 2 0 
1 0 1 1 0 3 289 0 13 0 3 16 
0 66 19 174 44 0 2 0 0 0 0 0 
0 195 0 0 0 19 0 0 0 0 0 0 
0 0 0 0 0 0 135 0 0 0 0 0 
0 0 99 0 0 0 0 0 0 0 0 0 
0 0 0 0 118 0 0 0 0 1 0 1 
0 1 0 1 0 0 46 151 0 0 0 0 
0 0 0 0 0 0 1 0 0 0 0 49 
0 0 3 0 55 0 0 0 0 0 0 2 
0 0 0 7 201 0 0 0 0 0 0 0 
2 187 0 0 0 0 0 0 0 0 0 0 
0 1 0 0 0 1 0 0 0 35 0 0 
0 0 0 0 0 2 44 0 0 0 0 0 
0 0 0 0 0 0 44 0 0 0 0 0 
0 0 0 0 0 0 0 104 0 0 0 0 
0 0 339 0 0 0 0 2 0 0 0 0 
0 0 0 0 45 0 0 0 20 0 0 25 
0 0 0 0 1 0 64 0 0 0 0 0 
0 0 0 0 0 67 548 0 0 0 0 0 
0 0 0 2 0 0 0 0 67 3 0 0 
0 0 0 0 0 0 232 0 0 0 55 1 
0 0 0 0 0 399 0 1 0 0 0 0 
0 0 0 0 0 0 0 0 0 0 69 0 
6 5 2 0 70 0 0 3 0 0 0 1 
0 0 0 0 0 0 0 0 0 141 24 0 
0 43 0 2 0 0 0 0 0 0 0 4 
0 6 263 0 0 0 0 1 12 0 0 3 
13 7 8 0 2 5 20 0 0 3 0 4 
0 0 0 0 1 0 0 0 0 0 0 31 
2 0 0 1 0 0 0 27 23 0 0 0 
255 0 0 0 0 0 0 0 0 0 0 0 
0 0 234 20 0 0 0 0 0 0 0 0 
0 36 0 0 0 0 0 0 0 0 0 0 
0 0 0 0 0 79 0 0 0 0 0 0 
0 0 11 7 6 1 0 0 0 7 0 18 
0 106 0 0 0 0 0 0 0 0 0 0 
0 0 0 0 0 43 0 0 0 0 0 0 
0 0 3 0 0 0 0 0 26 0 0 0 
0 0 0 0 35 0 0 0 0 0 0 0 
0 0 0 0 0 0 0 0 86 0 0 0 
57 0 0 0 8 0 0 17 0 0 0 0 
0 0 0 0 0 0 0 0 0 83 1 0 
0 0 0 0 0 0 0 0 0 0 22 0 
0 0 10 0 0 0 58 0 0 0 0 0 
0 0 0 0 0 0 75 0 0 0 0 0 
7 0 0 10 0 37 0 0 0 0 5 0 
1 0 4 0 0 0 0 49 0 0 0 0 
13 0 0 0 0 0 0 0 27 0 0 0 
0 4 8 1 0 0 0 0 0 0 9 3 
0 0 197 30 0 65 0 1 2 2 0 50 
0 208 0 0 0 0 0 0 0 0 0 0 
0 0 0 0 3 0 0 223 0 0 0 0 
0 0 0 0 0 0 30 0 1 0 27 1 
0 0 0 74 0 0 0 0 0 0 0 0 
0 29 0 0 0 0 0 0 0 0 0 0 
0 0 0 0 0 0 0 0 0 19 0 0 
0 0 0 0 5 0 1 0 0 0 40 0 
0 0 0 0 0 31 0 0 0 0 0 0 
0 0 0 0 23 0 0 0 0 0 0 0 
0 0 0 0 0 17 14 2 0 0 0 0 
