29 0 0 0 0 97 1252 0 0 0 0 0 
0 0 0 0 0 7 0 0 0 7 0 16 
0 0 0 0 0 0 0 185 0 0 0 0 
0 0 0 0 91 89 0 0 0 0 0 0 
0 0 0 0 0 0 0 0 0 0 36 0 
0 0 0 0 0 0 192 0 0 0 0 1 
0 0 0 0 0 72 22 0 0 0 0 0 
0 0 0 0 0 0 0 84 0 0 0 0 
0 0 162 1 6 12 0 3 75 0 0 0 
0 0 0 0 0 1 25 0 0 0 0 462 
0 0 0 0 0 0 0 0 101 0 0 0 
0 0 1 0 0 0 311 0 0 0 0 0 
0 0 13 4 294 0 0 0 0 0 0 0 
0 0 0 0 0 214 0 0 1 0 0 0 
1 0 1 0 0 1 109 22 1 1 0 0 
0 0 0 0 0 0 100 0 0 0 0 1 
0 0 0 103 3 0 0 0 0 0 0 0 
0 0 0 0 0 0 0 197 0 0 1 0 
0 3 44 0 0 1 0 0 3 0 0 0 
0 0 1 0 58 0 0 0 1 0 0 0 
0 0 0 104 102 0 0 0 0 0 0 0 
0 100 0 0 41 0 63 0 0 0 0 0 
0 0 1 0 0 0 0 0 1 0 0 35 
0 0 0 0 0 0 52 0 0 0 0 0 
0 0 0 0 0 0 0 0 0 0 0 44 
1 0 10 0 0 0 0 91 0 0 2 0 
0 0 29 0 0 0 0 0 0 0 22 0 
2 55 0 0 1 0 5 0 3 17 7 0 
1 0 16 7 1 0 0 0 0 0 0 40 
0 0 0 0 0 2 598 0 0 0 0 4 
64 0 0 0 0 1 6 0 0 0 0 0 
0 0 0 0 0 0 300 0 0 0 0 0 
0 0 0 0 0 412 0 0 0 0 0 0 
4 0 0 0 12 0 0 17 30 6 0 1 
0 0 0 0 0 70 19 0 0 0 0 0 
0 0 0 0 1 0 0 0 167 0 0 0 
0 0 0 0 0 0 0 0 0 0 0 50 
1 2 0 42 0 0 240 0 0 0 0 0 
0 0 61 0 0 0 1 0 0 0 0 0 
3 0 0 1 0 0 0 0 0 0 0 28 
0 0 3 0 0 0 0 0 44 0 0 0 
0 0 0 0 0 0 254 0 0 0 0 0 
0 0 0 176 72 1 0 0 0 0 1 0 
0 38 0 0 0 0 0 0 0 0 0 0 
0 0 0 0 0 0 18 0 0 0 0 29 
0 91 0 0 0 0 1 10 0 5 0 0 
0 0 0 0 0 0 0 0 3 0 41 0 
28 0 0 0 0 1 0 0 0 0 0 0 
0 0 0 0 26 3 0 0 0 0 0 0 
12 0 0 0 3 0 0 71 0 0 0 0 
0 0 1 0 78 0 0 0 0 0 0 1 
0 0 0 0 0 0 0 0 76 0 0 0 
0 0 0 2 0 0 0 0 0 4 16 0 
0 0 67 0 0 0 0 1 0 0 0 0 
0 0 0 0 0 0 76 0 0 1 0 0 
0 0 0 0 16 0 0 35 12 0 0 0 
0 0 1 0 0 0 22 0 0 0 33 0 
0 0 0 0 0 0 0 40 0 1 1 0 
0 0 21 2 2 0 0 0 0 0 0 0 
1 6 0 0 0 0 0 318 1 0 0 0 
0 8 0 1 17 4 41 118 8 0 0 0 
0 0 0 0 0 0 0 226 0 0 0 0 
0 0 0 0 0 0 10 3 0 0 37 4 
0 0 0 63 9 0 0 0 0 0 0 0 
0 0 0 0 10 9 0 0 8 4 0 0 
0 0 0 0 0 0 0 0 0 0 19 0 
1 0 0 0 0 0 0 0 50 0 0 0 
0 0 0 5 9 14 0 3 0 0 0 0 
0 8 6 0 0 5 4 0 0 0 10 0 
0 0 5 0 0 0 0 27 6 0 0 0 
0 0 17 0 0 114 0 0 0 0 0 0 
0 0 0 0 30 1 0 0 0 0 0 0 
0 64 199 0 0 9 0 0 11 0 2 0 
