1 0 0 0 0 0 365 0 0 0 0 0 
0 0 0 0 0 0 0 42 0 0 0 0 
10 0 5 0 0 8 0 162 0 0 0 1 
0 0 0 0 95 86 0 0 0 0 0 0 
0 0 0 0 0 0 0 0 0 0 36 0 
0 0 0 0 0 0 170 0 0 0 0 0 
0 0 1 0 0 64 30 0 0 0 0 0 
0 0 0 0 0 0 0 84 0 0 0 0 
0 0 1 0 0 0 7 0 221 0 4 26 
0 0 0 0 0 0 8 0 25 0 0 454 
0 0 0 1 0 0 0 0 108 0 0 0 
0 0 0 0 0 0 318 0 0 0 0 0 
0 0 10 12 299 0 0 0 0 0 0 0 
0 0 0 0 1 217 0 0 0 0 0 0 
0 0 0 3 5 0 83 0 0 0 0 6 
0 0 0 0 0 0 102 0 0 0 0 0 
0 0 0 99 7 0 0 0 0 0 0 0 
0 0 4 0 0 0 3 189 0 0 0 0 
0 0 43 0 8 0 0 0 0 0 0 0 
0 0 0 0 60 0 0 0 0 0 0 0 
0 0 0 69 137 0 0 0 0 0 0 0 
21 0 2 0 113 0 13 0 17 5 1 32 
0 0 0 0 0 0 0 0 0 0 0 37 
0 1 0 0 0 0 0 0 0 0 0 43 
0 0 1 1 0 0 0 100 0 3 0 0 
0 0 46 0 2 0 3 0 0 0 0 0 
0 31 0 0 53 3 0 0 0 0 0 0 
0 59 0 0 0 0 0 6 0 0 0 0 
4 0 0 1 0 0 569 1 0 27 0 0 
0 0 0 0 0 0 74 0 0 0 0 1 
0 0 0 0 0 427 0 0 0 0 0 0 
44 0 0 20 0 0 0 0 2 0 0 0 
0 0 0 0 0 70 21 0 0 0 0 0 
0 1 0 0 0 1 0 0 175 1 0 1 
0 0 0 0 0 0 0 0 0 0 0 50 
0 0 0 0 0 1 175 17 9 29 0 51 
0 0 50 0 0 0 11 0 0 0 0 0 
0 1 0 0 0 0 1 0 0 0 0 30 
0 0 0 0 0 0 0 0 43 0 0 0 
0 0 0 0 0 0 254 0 0 0 0 0 
0 0 1 178 74 0 0 2 0 0 0 0 
0 37 1 0 0 0 0 0 0 0 0 0 
0 0 1 0 1 0 0 0 25 0 0 19 
13 67 2 0 0 0 0 22 0 0 0 0 
6 0 0 35 0 1 0 4 0 0 0 0 
27 1 0 0 0 0 0 1 0 0 0 0 
0 0 0 0 29 0 0 0 0 0 0 0 
45 0 0 0 0 1 43 0 0 0 0 0 
0 0 0 7 75 0 0 0 0 0 0 0 
0 0 0 0 0 0 0 1 57 0 0 0 
18 0 0 0 0 0 0 0 0 0 0 2 
0 0 68 0 0 0 0 0 0 0 0 0 
0 0 0 0 0 0 81 0 0 0 0 0 
2 19 14 0 0 0 0 0 10 0 10 0 
18 0 0 0 0 0 0 0 0 5 14 0 
0 0 0 0 0 0 0 0 0 26 0 0 
0 0 2 0 1 4 0 10 0 8 0 0 
8 9 3 0 7 0 0 297 0 1 0 3 
155 0 0 0 0 0 37 0 2 0 0 0 
0 0 0 0 0 0 0 224 0 0 0 0 
3 46 0 0 0 0 0 0 0 0 5 0 
0 0 0 54 2 5 0 0 0 0 0 0 
0 27 0 0 0 0 0 0 3 0 0 0 
0 0 0 0 0 0 0 0 0 0 19 0 
0 1 0 0 0 0 0 0 50 0 0 0 
17 0 0 0 0 15 0 0 1 0 0 1 
0 33 0 1 0 0 0 0 0 0 1 0 
0 0 0 3 0 0 0 28 7 0 0 0 
0 1 0 0 0 124 0 0 3 0 0 3 
0 0 0 0 31 0 0 0 0 0 0 1 
0 0 217 0 7 0 0 0 0 0 57 0 
0 0 1 28 5 0 0 0 0 0 0 1 
0 0 0 2 0 137 1147 0 0 0 0 0 
0 0 0 0 0 0 108 0 4 0 0 1 
