0 0 0 0 0 123 1247 0 0 0 1 0 
0 6 0 4 0 0 6 0 1 0 0 13 
0 0 15 1 0 0 0 169 0 0 0 0 
0 0 0 0 86 90 0 0 0 0 0 3 
0 0 0 0 0 0 0 0 0 0 36 0 
0 0 0 0 0 0 191 0 0 0 0 0 
0 1 0 0 0 74 19 0 0 0 0 0 
0 0 0 0 0 0 0 84 0 0 0 0 
0 0 123 0 1 10 9 66 49 0 1 0 
0 4 3 0 11 0 0 0 1 0 0 470 
0 0 0 0 0 0 0 0 100 0 0 0 
0 0 0 0 0 0 315 0 0 0 0 0 
0 0 7 11 294 0 0 0 0 0 0 0 
0 0 0 0 0 212 0 0 1 0 0 0 
0 0 0 0 0 0 132 0 0 3 0 0 
0 0 0 0 0 0 101 0 0 0 0 0 
0 0 0 102 4 0 0 0 0 0 0 0 
1 0 0 2 10 0 2 181 0 0 0 1 
0 9 32 0 0 8 0 0 0 2 0 0 
0 0 0 1 59 0 0 0 0 0 0 0 
0 0 0 68 135 3 0 0 0 0 0 0 
0 89 0 0 92 2 19 0 2 0 0 0 
0 0 2 0 0 14 0 0 0 0 0 21 
0 0 0 0 0 0 47 6 0 0 0 0 
0 0 0 0 0 0 0 0 0 0 0 44 
0 0 0 0 0 0 0 103 1 0 0 0 
0 0 27 0 0 0 0 0 0 0 25 0 
14 0 0 0 0 0 53 0 0 16 4 3 
0 0 45 13 0 0 3 0 0 2 2 0 
0 0 0 0 0 0 529 11 22 40 5 0 
46 0 1 1 0 0 0 0 23 0 0 0 
0 0 0 0 0 0 301 0 0 0 0 0 
0 0 0 0 0 418 0 0 0 0 0 0 
2 0 0 1 0 0 2 10 50 0 2 3 
0 0 1 0 0 66 21 0 0 0 0 0 
0 0 0 0 0 0 0 1 162 0 0 0 
0 0 0 0 0 0 0 0 0 0 0 51 
0 0 0 7 0 2 270 0 7 0 0 0 
0 0 46 0 0 0 15 1 0 0 0 0 
0 0 0 0 0 0 0 0 0 0 0 32 
0 1 0 0 0 0 0 0 45 0 0 0 
0 5 2 2 0 0 243 0 0 0 1 0 
0 0 0 169 77 1 0 2 0 0 0 2 
1 38 0 0 0 0 0 0 0 0 0 0 
0 0 0 0 0 0 1 0 0 1 2 42 
0 71 0 0 0 0 0 25 5 6 0 0 
22 7 12 0 0 0 0 0 0 0 3 0 
29 0 0 0 0 0 0 0 0 0 0 0 
0 0 0 0 25 4 0 0 0 0 0 0 
39 0 0 0 0 0 3 43 0 0 0 1 
0 0 0 0 80 0 0 0 0 0 0 0 
0 1 5 0 0 0 0 0 77 0 0 0 
0 0 0 0 0 0 0 0 1 0 21 0 
0 0 66 0 0 0 0 1 1 0 0 0 
0 0 0 0 0 0 74 0 0 1 0 0 
0 0 0 0 0 0 0 59 1 3 0 0 
2 0 4 30 3 4 4 1 0 0 0 8 
0 0 0 0 4 1 0 37 0 0 0 0 
0 0 13 0 0 0 5 7 0 0 0 0 
0 1 0 0 8 0 0 316 0 0 0 2 
0 3 0 0 0 56 13 111 0 0 14 0 
0 0 0 0 0 0 0 224 0 0 0 0 
1 0 0 0 15 0 6 0 0 0 24 8 
0 0 0 59 12 0 0 1 0 0 0 0 
0 3 0 0 13 0 0 14 1 0 0 0 
0 0 0 0 0 0 0 0 0 0 19 0 
0 0 0 0 0 0 0 0 51 0 0 0 
1 0 0 0 0 28 0 0 0 0 0 2 
0 24 0 2 5 1 0 1 0 0 0 0 
0 0 4 0 0 0 0 29 5 0 0 0 
0 0 0 0 0 132 0 0 0 0 0 0 
0 0 0 0 31 0 0 0 0 0 0 0 
1 43 223 5 0 8 0 3 0 0 0 0 
