3 0 25 0 0 194 1182 0 0 0 1 0 
0 0 0 2 2 25 0 0 0 0 0 0 
0 0 0 1 0 0 0 179 0 6 0 0 
1 0 0 0 85 106 0 0 0 0 0 0 
0 0 0 0 0 0 0 0 0 0 37 0 
0 0 1 0 0 0 181 0 0 0 0 0 
0 0 2 0 0 67 27 0 0 0 0 0 
0 0 0 0 0 0 0 84 0 0 0 0 
0 0 36 126 32 0 0 67 2 0 0 0 
0 0 1 0 0 0 6 0 0 17 0 469 
0 0 0 0 0 0 0 0 123 0 0 0 
0 0 0 0 0 0 352 0 0 0 0 0 
0 0 9 0 288 0 0 0 0 0 0 0 
0 0 1 0 1 216 0 0 0 0 0 1 
0 0 1 0 1 0 119 6 0 0 4 2 
0 0 0 0 0 0 96 0 0 0 0 0 
0 1 0 114 8 0 0 0 0 0 0 0 
0 0 12 1 0 0 3 163 0 0 16 1 
0 0 0 0 48 0 0 1 0 0 0 2 
1 0 0 0 59 0 0 0 0 0 0 0 
2 0 1 74 132 0 0 0 0 0 0 0 
1 0 0 2 16 151 0 4 3 0 1 11 
0 2 0 0 0 0 0 1 3 0 0 31 
0 0 0 0 0 0 45 3 0 0 0 0 
1 0 0 0 0 0 0 0 0 0 0 49 
0 2 0 2 0 0 0 99 0 1 0 0 
0 0 34 0 0 0 0 0 0 0 0 0 
3 0 337 0 0 0 0 0 0 3 0 0 
0 0 0 0 6 0 0 0 31 0 0 54 
0 18 0 0 0 0 46 0 0 0 0 0 
16 1 36 52 0 4 466 0 1 45 0 0 
0 0 0 32 0 0 35 0 0 0 0 0 
0 0 0 0 0 0 274 0 0 0 0 0 
0 0 0 0 0 385 1 0 0 0 0 0 
0 0 1 0 17 0 49 0 0 0 0 0 
0 0 0 0 0 67 18 0 0 0 0 0 
0 0 0 3 0 0 0 0 129 0 0 1 
0 0 0 0 0 0 0 0 0 0 0 49 
0 42 0 0 0 5 223 2 0 6 0 0 
0 1 0 0 0 0 49 0 2 0 0 0 
0 0 0 0 0 0 0 0 2 0 1 27 
0 0 0 0 0 0 0 0 50 0 0 3 
0 0 0 0 8 0 249 0 0 0 0 0 
0 0 0 176 82 0 0 0 0 0 0 0 
0 36 0 0 0 0 0 0 0 0 0 0 
0 0 1 0 49 27 0 0 0 0 0 0 
0 0 0 8 0 67 0 0 0 0 1 0 
0 0 12 2 0 0 0 0 0 0 15 21 
0 101 0 0 0 1 0 3 1 0 0 0 
0 0 1 0 0 33 0 0 0 0 1 0 
44 0 0 0 0 0 0 0 0 1 0 0 
0 0 0 0 35 0 0 0 0 0 0 0 
0 0 13 0 7 0 37 22 0 0 2 0 
0 0 0 3 71 3 0 0 0 0 0 0 
0 0 0 0 0 0 0 0 110 0 0 0 
0 1 0 0 21 0 0 0 25 0 0 0 
0 0 48 0 0 0 0 0 0 0 0 0 
0 0 0 0 0 0 73 0 0 0 0 0 
0 0 19 0 0 0 1 0 0 25 1 9 
0 26 0 0 0 19 0 0 0 0 0 0 
1 2 0 0 0 1 0 40 0 0 2 0 
2 0 0 0 0 0 10 0 0 1 12 0 
2 0 0 0 11 0 0 268 96 1 0 0 
0 0 0 0 23 0 0 0 0 0 0 0 
0 0 0 0 0 0 191 0 0 0 0 2 
0 0 0 0 0 0 0 227 0 0 0 0 
1 17 1 0 10 0 0 0 0 0 0 0 
0 0 0 62 13 0 0 0 0 0 0 0 
14 0 0 0 16 3 0 15 0 0 0 0 
0 0 0 0 0 0 0 0 0 0 19 0 
0 0 0 0 9 0 0 4 9 0 2 0 
