318 1324 18 52 5 46 23 0 8 20 27 3 
21 0 204 128 6 0 0 7 15 3 24 0 
0 0 0 0 0 0 0 133 29 0 1 0 
0 0 0 0 0 196 0 0 0 0 0 0 
0 0 0 0 0 0 0 0 6 0 16 12 
0 0 0 0 0 1 159 23 0 0 0 0 
0 0 0 0 55 0 0 1 0 0 0 0 
0 0 1 0 0 7 0 305 1 9 0 0 
0 0 0 46 0 1 0 0 173 72 0 21 
0 0 0 0 81 0 0 0 0 0 0 0 
0 4 204 0 0 0 0 97 8 26 0 224 
1 0 0 0 0 0 0 20 22 70 0 0 
1 0 57 71 0 8 43 97 43 0 28 0 
1 27 23 221 30 0 0 0 0 0 0 0 
0 200 0 0 0 6 0 0 1 0 0 0 
0 0 0 0 0 0 129 5 0 0 0 0 
0 0 96 0 0 0 0 0 0 0 0 0 
0 4 0 0 118 0 0 0 0 0 0 0 
0 1 1 0 0 0 18 203 0 0 0 0 
0 0 0 0 0 0 0 0 0 0 0 104 
11 0 0 0 57 0 0 0 0 2 0 0 
0 0 1 5 204 0 0 0 0 0 0 0 
0 192 0 0 0 0 0 0 0 0 0 0 
0 0 0 0 0 0 0 0 0 145 0 0 
0 0 0 0 0 0 46 0 0 0 0 0 
0 0 0 0 0 0 39 0 0 0 0 0 
0 0 1 0 0 0 0 103 0 0 0 0 
0 0 0 0 0 0 0 0 0 19 0 0 
0 0 0 0 0 0 48 0 0 0 0 0 
0 0 0 0 0 0 0 0 34 0 0 0 
0 0 343 0 0 0 0 0 0 0 0 0 
10 0 0 0 0 0 56 82 0 0 0 0 
0 0 0 0 0 0 63 0 0 0 0 0 
0 0 0 0 0 78 588 0 0 0 0 0 
0 0 0 39 0 0 0 0 0 0 0 0 
0 0 0 0 0 0 0 0 68 0 0 0 
0 0 0 0 0 0 279 1 0 1 0 0 
0 0 2 5 0 378 0 0 0 0 0 0 
0 0 3 0 0 0 0 0 0 0 142 0 
0 0 0 0 0 1 0 0 35 0 0 16 
0 0 0 0 0 0 0 0 0 109 36 0 
0 34 1 0 1 0 0 1 0 0 0 0 
0 0 29 0 0 0 0 0 0 0 0 42 
23 0 0 0 33 0 0 0 1 3 0 26 
111 0 0 0 0 0 1 0 51 0 0 129 
0 0 0 0 1 58 0 0 19 4 0 0 
0 6 0 0 0 0 5 4 0 0 0 21 
0 0 0 0 0 0 0 24 6 0 0 0 
261 0 0 0 0 0 0 0 0 0 0 0 
0 0 232 19 0 0 0 0 0 0 0 0 
0 30 0 0 0 0 0 0 0 0 8 0 
0 0 0 0 0 68 0 0 0 0 0 0 
0 0 0 0 0 0 0 0 0 0 18 0 
38 53 0 0 0 0 0 0 18 0 0 0 
0 44 0 0 0 1 0 0 0 0 0 0 
