48 1251 0 0 4 36 0 0 0 0 0 0 
0 24 1 0 0 0 2 0 0 0 0 15 
0 0 0 0 0 0 0 163 21 0 0 0 
0 0 0 0 0 180 0 0 0 0 0 0 
0 1 1 0 0 0 0 0 0 1 21 12 
0 0 0 0 0 1 169 22 0 0 0 0 
1 0 0 0 93 0 0 0 0 0 0 0 
0 16 0 35 0 10 0 0 4 0 2 17 
0 0 0 0 0 0 30 1 227 0 0 1 
83 0 0 1 0 0 0 0 23 0 377 0 
1 0 0 0 0 0 0 36 22 37 0 6 
0 0 0 0 0 0 310 3 0 0 0 0 
0 63 17 199 29 0 0 0 0 0 0 0 
0 207 0 0 1 5 0 0 0 0 2 0 
0 0 0 0 0 0 134 0 0 0 0 0 
0 0 102 0 0 0 0 0 0 0 0 0 
1 0 0 0 105 0 0 0 0 0 0 0 
0 0 0 0 0 0 29 169 0 0 0 0 
0 0 0 0 0 0 0 0 0 0 0 51 
0 0 3 0 56 0 1 0 0 0 0 0 
0 0 0 9 196 0 0 0 1 0 0 0 
0 200 0 0 0 0 0 0 0 0 0 0 
0 0 0 0 0 1 0 0 0 36 0 0 
0 0 0 0 0 0 54 0 0 0 0 0 
0 0 0 0 0 0 44 0 0 0 0 0 
0 0 0 0 0 0 0 102 1 0 1 0 
0 0 51 0 0 0 0 0 0 0 0 0 
0 0 21 0 0 0 69 0 1 0 0 0 
0 0 0 0 0 0 65 0 0 0 0 0 
0 0 0 0 0 74 529 0 0 0 0 0 
0 0 0 0 0 0 0 0 68 3 0 0 
0 140 0 13 0 0 129 13 24 0 0 0 
0 0 0 0 0 423 2 0 0 0 0 0 
0 0 0 0 0 0 0 0 0 0 64 0 
81 0 1 0 0 6 0 0 0 0 0 0 
0 0 0 0 0 0 0 0 0 164 18 0 
0 50 0 0 0 0 0 0 0 0 0 0 
0 0 259 20 0 0 0 0 0 0 0 9 
0 0 0 2 0 14 0 46 0 0 0 0 
0 0 2 0 0 1 0 0 0 0 0 29 
0 0 0 0 0 0 0 32 14 0 0 0 
253 0 1 0 0 1 0 0 0 0 0 0 
0 0 237 13 0 0 0 0 0 1 0 0 
0 38 0 0 0 0 0 0 0 0 0 0 
1 1 16 0 0 2 0 0 26 0 0 0 
0 101 0 0 0 0 0 0 0 0 6 0 
0 0 0 0 0 4 0 0 0 34 5 1 
0 9 0 0 6 7 0 7 0 0 0 0 
0 0 1 0 27 0 0 0 0 0 0 0 
1 0 0 0 0 0 0 0 85 0 0 0 
0 3 15 0 0 0 0 38 0 0 0 25 
0 0 0 0 0 0 0 0 0 62 0 0 
0 0 0 0 0 0 0 0 0 0 22 0 
0 0 6 0 0 0 62 0 0 0 0 0 
0 0 0 1 0 0 81 0 0 0 1 0 
0 0 16 0 0 35 0 0 0 1 3 4 
0 0 0 0 0 30 1 0 4 0 0 0 
0 19 5 0 2 0 0 0 0 0 0 0 
0 4 10 0 0 1 0 8 1 0 1 0 
0 0 325 0 0 0 0 0 0 1 0 0 
0 157 0 0 41 0 0 0 0 0 1 0 
0 0 0 0 0 0 3 222 1 0 0 0 
0 14 0 35 0 0 0 4 0 0 1 0 
0 0 0 78 0 0 0 0 0 0 0 0 
0 31 0 0 0 0 0 0 0 0 0 0 
1 0 0 0 0 0 0 0 0 17 1 0 
0 0 0 8 0 39 2 0 1 1 0 0 
0 0 0 0 0 34 0 0 0 0 0 0 
0 0 3 0 1 1 0 0 1 0 0 29 
1 0 0 0 0 3 0 0 34 0 0 0 
0 0 0 0 1 130 0 0 0 0 0 0 
0 0 0 0 32 0 0 0 0 0 0 0 
0 0 279 0 0 1 0 0 0 0 0 0 
0 0 0 0 0 2 0 32 0 0 0 1 
