1 0 0 0 0 137 1275 0 0 0 0 0 
0 0 0 0 0 25 0 0 2 0 0 0 
8 0 0 0 0 0 0 176 0 0 1 0 
1 0 0 0 72 114 0 0 0 0 0 0 
0 0 0 0 0 0 0 0 0 0 38 0 
0 0 0 0 2 0 179 0 0 0 0 0 
0 0 0 0 0 75 22 0 0 0 0 0 
0 0 0 0 0 0 0 84 0 0 0 0 
0 0 2 0 68 5 0 0 177 7 0 0 
4 0 0 0 11 0 0 0 0 0 0 479 
0 0 0 0 0 0 0 0 98 0 0 0 
0 0 0 0 0 0 333 0 0 0 0 0 
0 0 12 0 287 0 0 0 0 0 0 0 
0 0 0 0 0 213 0 0 0 0 0 0 
0 0 0 2 5 0 130 0 0 0 0 0 
0 0 0 0 0 0 96 0 0 0 0 0 
0 0 0 117 7 0 0 0 0 0 0 0 
0 8 0 1 0 0 0 185 0 0 0 6 
0 0 0 0 37 13 0 0 0 0 0 1 
0 0 0 0 60 0 0 0 0 0 0 0 
0 0 0 83 125 0 0 0 0 0 0 0 
0 0 0 0 0 174 9 0 0 0 0 0 
1 0 0 0 0 0 0 0 0 8 0 28 
0 0 0 0 0 0 45 0 0 0 0 1 
0 0 0 0 0 0 0 0 0 0 0 47 
0 0 0 0 7 0 0 97 0 0 0 0 
0 0 34 0 0 0 0 0 0 0 0 0 
0 0 317 14 1 0 0 0 0 0 6 0 
22 0 0 0 0 5 0 45 14 0 4 0 
0 0 0 14 23 28 0 0 0 0 0 0 
0 0 0 3 0 0 615 0 0 0 0 0 
1 41 0 0 2 0 0 21 0 0 3 0 
0 0 0 0 0 0 275 0 0 1 0 0 
0 0 0 0 0 389 0 0 0 0 0 0 
0 0 51 0 4 3 8 0 0 0 0 0 
0 0 0 0 0 68 17 0 0 0 0 0 
2 1 0 0 5 0 0 0 122 3 0 0 
0 0 0 0 0 0 0 0 0 0 0 49 
3 12 0 5 12 0 179 0 0 0 0 68 
0 0 1 0 0 0 38 7 0 0 3 3 
1 0 0 0 0 0 0 2 0 0 0 27 
0 0 0 3 0 0 0 0 50 0 0 0 
0 0 0 0 0 0 253 0 0 0 0 0 
0 0 0 171 82 0 2 0 0 0 1 0 
0 36 0 0 0 0 0 0 0 0 0 0 
0 1 0 0 53 24 0 0 0 0 0 0 
11 0 0 0 0 70 0 0 1 1 0 0 
2 0 0 0 0 12 1 28 0 7 0 0 
0 77 0 0 0 0 0 26 3 0 0 0 
39 1 3 0 0 0 0 0 0 0 0 0 
42 0 0 0 0 0 3 0 0 0 0 0 
0 0 0 0 58 0 0 0 0 0 0 0 
0 0 56 0 0 0 0 10 0 0 20 0 
0 0 0 0 77 0 0 0 0 0 0 0 
0 0 1 0 0 0 0 1 107 0 0 0 
0 18 0 0 1 0 3 0 0 6 15 5 
0 0 45 0 0 0 0 1 0 0 0 0 
0 2 0 0 0 0 80 0 0 0 0 0 
0 0 0 0 0 0 1 0 0 31 1 26 
0 6 0 0 0 0 0 2 0 0 35 0 
0 0 0 0 0 0 0 46 0 0 0 0 
21 0 0 0 0 0 0 3 0 0 1 0 
0 0 0 0 1 2 0 334 32 0 6 1 
0 0 0 0 0 2 150 0 45 0 0 0 
0 0 0 0 0 0 0 225 0 0 0 0 
0 0 0 0 3 21 6 0 0 1 1 0 
0 1 1 60 12 0 0 0 0 0 1 0 
1 0 0 0 0 0 23 3 27 0 0 0 
0 0 0 0 0 0 0 0 0 0 19 0 
0 0 0 0 0 0 1 0 45 0 0 0 
