0 0 0 0 0 122 1279 0 4 0 0 0 
4 0 0 0 0 24 0 0 0 0 0 0 
0 0 0 0 0 0 0 186 0 0 0 0 
0 0 0 2 58 127 0 0 0 0 1 0 
1 0 0 0 1 0 0 0 0 0 37 0 
0 0 0 1 0 0 179 0 0 0 0 0 
0 0 0 0 0 71 26 0 0 0 0 0 
0 0 0 0 0 0 0 84 0 0 0 0 
0 0 0 0 40 0 7 0 189 22 0 0 
0 0 0 0 25 15 0 9 0 2 0 443 
0 0 0 0 0 0 0 0 98 0 0 0 
0 0 0 0 0 0 334 0 0 0 0 0 
0 0 11 0 285 0 0 0 0 0 0 2 
0 0 0 0 0 214 0 0 0 0 0 0 
0 0 3 0 3 1 125 0 0 0 5 0 
0 0 0 0 0 0 96 0 0 0 0 0 
0 0 0 110 14 0 0 0 0 0 0 0 
0 40 2 1 0 0 0 150 4 0 0 2 
0 0 0 0 48 0 2 0 0 0 1 0 
0 0 0 0 60 0 0 0 0 0 0 0 
0 0 0 66 133 0 0 0 0 9 0 0 
0 3 2 0 0 145 12 14 0 0 0 6 
0 0 0 0 0 0 0 0 0 0 1 36 
0 0 0 0 0 0 45 0 0 0 1 0 
0 0 0 0 0 0 0 0 0 0 0 46 
2 8 0 0 0 0 0 87 0 0 0 7 
0 0 34 0 0 0 0 0 0 0 0 0 
0 0 333 0 0 2 0 0 4 0 0 0 
24 1 0 0 0 32 0 27 0 0 5 0 
0 3 1 0 0 40 7 0 1 12 0 0 
0 0 0 0 0 4 603 11 0 1 0 0 
0 56 0 0 0 0 0 0 12 0 0 0 
0 0 0 0 0 0 283 0 0 0 0 0 
0 0 0 0 0 393 0 0 0 0 0 0 
0 0 26 0 0 0 0 4 38 0 0 0 
0 0 0 0 0 64 21 0 0 0 0 0 
0 0 0 0 1 0 0 0 134 0 0 0 
0 0 0 0 0 0 0 0 0 0 0 49 
2 1 3 0 20 0 248 0 0 0 0 6 
0 0 0 0 0 0 47 5 0 0 0 0 
0 0 0 1 0 0 0 0 0 0 0 29 
0 0 0 0 0 0 0 0 52 0 0 1 
0 0 0 0 0 0 251 0 0 0 0 2 
0 0 0 191 60 0 5 0 0 0 0 0 
0 36 0 0 0 0 0 0 0 0 0 0 
0 0 0 0 56 22 0 0 0 0 0 0 
6 0 1 4 0 64 0 0 0 0 8 0 
0 2 5 0 34 0 0 9 0 0 0 0 
0 73 2 0 0 0 0 3 21 7 0 0 
29 0 9 0 0 3 0 0 0 0 0 2 
43 0 0 0 0 0 0 0 2 0 0 0 
3 0 0 0 54 0 0 0 0 0 0 0 
0 0 81 0 1 0 0 0 0 0 4 0 
0 0 0 0 77 0 0 0 0 0 0 0 
0 1 1 0 0 0 0 0 104 0 0 0 
0 0 0 0 0 0 0 1 0 0 47 0 
0 0 46 0 0 0 0 0 0 0 0 0 
0 0 0 0 0 0 75 0 0 1 0 0 
0 0 0 8 0 0 0 0 0 50 0 1 
0 0 6 0 0 0 0 0 0 0 37 0 
0 0 0 0 0 0 0 46 0 0 0 0 
13 0 0 0 3 0 0 9 0 0 0 0 
0 0 0 3 0 1 0 274 90 0 6 0 
0 1 0 0 0 0 142 0 56 0 0 4 
0 0 0 0 0 0 0 226 0 0 0 0 
0 0 0 0 12 11 0 0 0 8 0 0 
0 1 1 59 13 1 0 0 0 0 0 0 
21 0 0 0 0 0 28 2 0 1 0 0 
0 0 0 0 0 0 0 0 0 0 19 0 
1 0 0 0 0 0 0 0 45 0 0 0 
