0 0 0 0 0 0 355 0 0 0 0 0 
0 0 0 0 0 0 0 42 0 0 0 0 
0 0 0 0 0 0 2 176 0 7 0 0 
0 0 0 0 100 81 0 0 0 0 0 0 
0 0 0 0 0 0 0 0 0 0 36 0 
0 0 0 0 0 0 191 0 0 0 0 0 
0 0 0 0 0 71 23 0 0 1 0 0 
0 0 0 0 0 0 0 84 0 0 0 0 
0 0 1 0 0 0 0 0 238 0 1 21 
0 0 0 0 0 1 0 0 0 0 0 482 
0 0 0 0 0 0 0 0 104 1 0 0 
0 0 0 0 1 0 315 0 0 0 0 0 
0 0 10 3 299 0 0 0 0 0 0 0 
0 0 2 0 0 218 0 0 0 0 0 0 
0 0 0 1 0 0 89 0 0 0 0 0 
0 0 0 0 0 0 101 0 0 0 0 0 
0 1 0 98 7 0 0 0 0 0 0 0 
0 0 0 0 0 34 0 163 0 0 0 0 
3 17 18 1 4 0 0 0 0 8 0 0 
0 0 0 0 59 0 0 0 0 0 1 0 
0 0 0 65 139 0 0 2 0 0 0 0 
0 0 19 2 156 0 0 7 19 0 0 0 
0 0 0 0 0 0 0 0 0 0 0 37 
0 0 0 0 0 0 49 0 0 0 0 3 
0 0 0 0 0 0 0 0 0 0 0 44 
2 0 0 8 0 0 0 94 0 0 0 0 
0 0 0 8 0 0 0 4 0 24 0 16 
0 37 1 0 2 0 0 0 2 43 0 5 
0 59 0 0 0 0 4 0 0 0 0 0 
6 0 9 38 0 0 547 0 0 5 0 2 
0 21 0 13 0 0 3 0 36 0 0 0 
0 0 0 0 0 425 0 0 0 0 0 0 
0 0 0 1 0 0 63 0 0 0 0 0 
0 1 0 0 0 69 19 0 0 0 0 0 
0 25 0 2 0 0 0 0 151 0 4 0 
0 0 0 0 0 0 0 0 0 0 0 51 
34 0 0 0 0 0 247 0 0 0 3 0 
0 0 59 0 0 0 3 0 0 0 0 0 
0 0 0 0 0 0 0 0 0 0 0 32 
0 0 0 0 0 0 0 0 46 0 0 0 
0 0 5 0 0 0 251 0 0 0 0 0 
0 0 0 177 79 0 0 0 0 0 0 1 
1 36 1 0 0 0 0 0 0 0 0 0 
0 38 0 4 0 0 0 0 0 0 4 0 
0 100 0 0 3 0 0 1 0 0 0 0 
0 0 0 43 0 0 0 0 1 0 0 0 
28 0 0 0 0 0 1 0 0 0 0 0 
0 0 0 0 25 0 4 0 0 0 0 0 
0 0 0 0 10 0 75 0 1 0 0 0 
0 0 0 0 81 0 0 0 0 0 0 0 
0 2 0 0 0 0 0 0 54 0 0 1 
0 0 0 0 0 0 20 0 0 2 0 0 
0 0 67 0 0 0 0 0 0 1 0 0 
0 0 0 0 0 0 81 0 0 0 0 0 
0 0 0 0 0 2 38 0 2 14 0 0 
8 10 0 0 0 6 9 0 0 0 0 2 
12 0 0 2 0 3 0 9 0 0 0 0 
0 0 1 5 4 0 0 0 0 15 0 0 
0 0 0 13 0 25 0 291 0 0 0 0 
120 0 11 0 0 0 54 0 11 0 0 0 
0 0 0 0 0 0 0 224 0 0 0 0 
0 0 1 0 0 53 0 0 0 0 0 0 
0 0 0 62 3 0 0 0 0 0 0 0 
0 0 6 0 0 2 0 0 22 0 1 0 
0 0 0 0 0 0 0 0 0 0 19 0 
0 0 0 0 0 0 0 0 51 0 0 0 
0 0 0 0 0 32 0 0 2 0 0 0 
1 0 1 0 0 0 21 0 0 0 0 12 
0 0 0 0 1 0 0 24 4 8 0 0 
0 0 0 0 0 131 0 0 0 0 0 0 
0 0 0 0 32 0 0 0 0 0 0 0 
0 7 274 0 2 0 0 0 0 0 0 0 
0 0 0 0 0 0 3 0 0 0 25 7 
0 0 0 0 0 124 1174 0 0 0 0 1 
0 0 1 0 1 0 41 1 1 1 0 1 
