36 1323 0 0 5 16 1 0 0 0 0 6 
0 0 5 0 0 0 22 0 0 1 0 0 
0 0 0 0 0 0 0 157 29 0 0 1 
0 0 0 0 0 184 0 0 0 0 0 0 
0 0 0 0 0 0 0 7 0 0 10 19 
0 0 0 0 0 1 163 25 0 0 0 0 
0 0 0 1 93 0 0 0 0 0 0 0 
0 15 4 0 0 27 0 46 0 0 0 0 
0 0 0 0 0 1 0 0 257 0 0 0 
313 0 0 0 0 65 0 0 0 6 92 6 
1 0 0 0 0 0 0 21 33 49 0 0 
0 0 0 0 1 0 312 0 0 0 2 0 
0 43 26 210 30 0 0 0 1 0 0 0 
0 209 0 0 0 6 0 0 0 0 0 0 
0 0 0 0 0 0 132 0 0 0 0 0 
0 0 102 0 0 0 0 0 0 0 0 0 
0 0 0 0 100 0 0 0 0 0 0 6 
0 0 0 0 0 0 32 159 0 7 0 0 
0 0 0 0 1 0 0 4 0 0 0 46 
0 7 4 0 33 0 0 6 10 0 0 0 
0 0 0 6 199 0 0 0 1 0 0 0 
1 202 0 0 0 0 0 0 0 0 0 0 
0 0 0 0 0 0 0 0 0 37 0 0 
0 0 1 0 0 0 53 0 0 0 0 0 
0 0 0 0 0 0 43 0 0 0 0 0 
0 0 0 0 0 0 0 104 0 0 0 0 
0 0 335 0 0 0 0 0 0 1 0 0 
0 0 0 0 0 0 0 0 0 90 0 0 
0 0 0 0 0 0 64 0 0 0 0 0 
0 0 0 0 0 63 544 0 0 0 0 0 
0 0 0 0 0 0 0 0 68 3 0 0 
0 13 2 0 0 0 171 0 78 0 26 6 
1 0 0 0 0 406 0 0 0 2 0 0 
0 0 0 0 0 0 0 0 0 0 70 0 
38 0 0 0 29 0 0 0 19 0 0 0 
0 0 1 0 0 0 0 0 0 146 16 0 
0 49 0 0 0 0 0 0 0 0 0 1 
2 0 266 0 0 0 0 1 0 15 0 0 
0 0 0 0 0 0 0 35 0 0 0 27 
2 3 0 0 1 0 0 0 0 0 0 27 
0 1 0 0 0 0 0 29 17 0 0 0 
260 0 0 0 0 0 0 0 0 0 0 0 
0 0 238 12 1 0 0 1 0 0 0 0 
0 38 0 0 0 0 0 0 0 0 0 0 
0 0 2 20 0 0 8 0 0 2 0 18 
9 96 0 0 0 0 0 0 1 0 0 0 
0 7 0 0 0 37 0 0 0 0 0 0 
4 14 0 0 0 11 0 0 0 0 0 0 
0 0 0 0 26 0 0 0 0 0 0 0 
0 2 0 1 0 0 0 0 84 0 0 0 
0 0 0 0 73 1 0 0 0 6 0 0 
0 0 0 0 0 0 0 0 0 79 0 0 
0 0 0 0 0 0 0 0 0 0 22 0 
0 0 10 0 0 0 56 0 1 0 1 0 
0 0 0 0 0 0 81 0 0 0 0 0 
45 0 0 0 7 0 0 0 0 0 0 7 
0 0 0 1 36 0 5 0 0 16 0 0 
1 0 19 0 0 0 0 0 0 20 0 0 
0 0 1 0 0 0 21 0 0 0 0 3 
0 0 291 0 0 53 0 0 0 0 1 1 
0 161 0 0 0 0 0 0 29 0 0 0 
0 0 0 0 0 1 3 195 0 7 3 9 
0 52 0 0 0 0 0 0 0 0 0 0 
0 0 0 69 0 0 0 0 0 0 1 0 
0 36 0 0 0 0 0 0 0 0 0 0 
0 0 0 0 1 0 0 0 0 15 0 3 
0 12 0 0 0 18 13 0 0 6 2 0 
0 0 0 0 0 31 0 0 0 0 0 0 
0 3 7 0 0 0 19 0 0 0 0 4 
0 0 9 0 0 0 0 10 0 1 0 0 
0 0 0 0 0 129 0 0 4 0 0 0 
0 0 0 1 30 0 0 0 0 0 0 0 
