236 1273 104 66 9 93 43 0 33 6 12 93 
40 4 190 22 67 0 8 0 25 39 9 0 
0 0 0 0 0 0 0 132 30 0 0 0 
0 0 0 0 0 196 0 0 0 0 0 0 
0 0 0 0 0 0 0 0 0 0 24 10 
0 0 0 0 0 1 169 21 0 0 0 0 
0 0 0 0 56 0 0 0 0 0 0 0 
12 0 0 0 0 22 0 277 0 13 0 0 
0 0 4 66 0 8 0 0 182 30 2 24 
0 0 0 0 67 1 0 0 0 0 0 0 
7 0 161 5 37 15 14 49 10 16 32 219 
0 0 0 0 3 0 0 11 31 86 0 0 
0 0 27 58 26 0 9 76 78 6 42 17 
0 28 11 243 23 0 0 0 3 0 0 0 
0 200 0 0 0 4 0 1 0 0 0 0 
0 0 0 0 0 0 129 3 0 0 0 0 
0 0 95 0 0 0 0 0 0 0 0 0 
0 0 0 0 116 0 0 0 0 6 0 0 
0 0 0 0 0 1 27 195 0 0 0 0 
0 0 0 0 0 0 0 12 0 12 0 80 
0 6 0 0 48 16 0 0 0 0 0 0 
0 0 0 6 204 0 0 0 0 0 0 0 
0 194 0 0 0 0 0 0 0 0 0 0 
0 0 0 0 0 0 0 0 0 148 0 0 
0 0 0 0 0 0 39 0 0 0 0 0 
0 0 0 0 0 0 39 0 0 0 0 0 
0 0 0 0 0 0 0 104 0 0 0 0 
0 0 0 0 0 0 0 0 0 17 0 2 
0 0 0 0 0 0 34 0 0 0 0 0 
0 0 0 0 0 0 0 0 34 0 0 0 
1 0 0 10 0 3 0 0 0 0 0 0 
0 0 339 0 0 0 0 0 1 0 0 0 
15 0 0 45 0 0 19 57 8 0 4 0 
0 0 0 0 0 0 57 0 0 0 0 0 
0 1 0 0 0 59 610 0 0 0 0 0 
0 0 0 39 0 0 0 0 0 0 0 0 
0 0 0 0 0 0 0 0 68 0 0 0 
6 0 29 0 0 1 229 1 5 9 0 0 
0 0 0 0 0 380 0 0 0 0 0 2 
0 0 8 0 0 2 0 0 0 0 134 0 
0 0 0 0 0 13 0 0 41 0 0 1 
0 0 0 0 0 0 0 0 0 84 39 0 
0 36 0 0 0 0 0 0 0 0 1 0 
0 0 27 1 0 10 0 0 0 0 0 32 
50 0 0 0 0 0 0 1 0 0 0 34 
98 6 2 0 62 11 20 0 5 0 0 94 
0 5 0 0 2 14 0 0 22 33 6 0 
0 0 2 0 0 0 7 0 1 0 0 26 
0 0 0 0 0 0 0 24 7 0 0 0 
258 0 0 0 0 0 0 0 2 0 0 0 
0 0 231 17 0 0 0 0 0 0 0 0 
2 26 1 3 0 2 0 0 0 1 0 3 
0 0 0 0 0 68 0 0 0 0 0 0 
0 0 0 0 13 0 0 0 0 0 0 0 
0 0 0 0 0 0 0 0 0 0 18 0 
3 16 4 6 0 0 0 0 2 2 0 8 
