57 1503 48 0 1 108 0 0 0 0 4 7 
0 0 152 236 0 0 0 0 16 0 10 0 
0 0 0 0 0 0 0 152 40 0 0 0 
0 0 0 0 0 194 0 0 0 0 0 0 
0 0 0 0 0 0 0 0 0 0 26 12 
0 0 0 0 0 1 159 22 0 0 0 0 
1 0 0 0 94 0 0 0 0 0 0 1 
0 3 1 0 0 15 0 301 2 0 0 2 
0 0 0 62 0 3 0 11 209 29 1 0 
0 12 54 0 0 0 0 434 0 0 0 49 
0 2 0 0 0 0 1 28 20 19 50 4 
0 0 0 0 0 0 0 300 0 17 31 0 
5 22 21 222 36 0 0 0 0 0 0 0 
0 187 0 0 0 18 1 2 0 0 0 0 
0 0 0 0 0 0 126 3 0 0 0 0 
0 0 97 0 0 0 0 0 0 0 0 0 
0 10 1 0 107 0 0 1 1 3 0 0 
0 0 0 0 0 0 28 169 0 0 2 0 
0 5 0 0 0 0 0 9 0 0 2 61 
0 0 9 0 39 0 0 0 8 4 0 0 
0 0 0 5 205 0 0 0 0 0 0 0 
0 190 0 0 0 0 0 0 0 0 0 0 
0 0 0 0 0 0 0 0 0 47 0 0 
0 0 0 0 0 0 46 0 0 0 0 0 
0 0 0 0 0 0 45 0 0 0 1 0 
0 0 0 0 0 0 0 104 0 0 0 0 
0 0 0 0 0 0 34 0 0 0 0 0 
0 0 341 0 0 0 0 0 0 0 0 0 
0 0 0 23 0 22 16 0 0 40 0 0 
0 0 0 0 0 0 63 0 0 0 0 0 
0 0 0 0 0 66 610 0 0 0 0 0 
0 0 0 39 0 0 0 0 0 0 0 0 
0 0 0 0 0 0 0 0 69 0 0 0 
0 8 0 2 0 0 219 2 0 20 0 2 
0 3 1 0 0 386 0 0 2 0 0 0 
0 0 0 0 0 0 0 0 0 0 65 0 
0 0 0 15 71 0 0 2 0 0 0 0 
1 0 0 0 0 0 0 0 2 115 16 0 
0 40 0 0 0 0 1 0 1 0 0 0 
268 0 0 0 0 0 0 0 13 0 0 0 
0 0 0 0 0 21 0 25 2 24 2 1 
0 0 0 0 0 0 0 0 0 0 0 31 
0 0 0 0 0 0 0 31 9 0 0 0 
260 0 0 0 0 0 0 0 0 0 0 0 
0 0 237 13 0 0 0 0 1 2 0 0 
0 34 0 0 0 0 0 0 0 0 0 0 
0 0 0 0 0 68 0 0 0 0 0 0 
0 0 0 0 0 0 0 0 0 0 18 0 
0 0 0 0 0 0 0 1 63 0 1 14 
0 0 0 0 50 0 0 0 0 0 0 0 
2 91 0 0 0 0 0 0 3 0 0 0 
0 0 0 12 14 0 1 1 2 0 0 0 
0 0 0 16 11 0 0 0 0 0 0 0 
0 0 0 0 57 0 0 0 0 0 0 0 
0 0 0 0 0 1 0 0 79 0 0 0 
0 3 0 7 0 0 0 0 1 1 0 2 
0 32 2 0 10 24 0 1 0 0 0 6 
0 0 0 0 0 0 0 0 0 109 0 0 
3 0 0 0 0 0 0 0 0 0 44 0 
0 0 17 0 0 0 0 0 0 0 13 2 
22 4 0 1 0 0 43 0 10 0 0 0 
