1 0 0 0 0 202 1177 0 0 0 0 0 
0 0 0 0 0 28 0 0 0 0 0 0 
2 21 0 0 0 0 0 161 0 4 0 0 
0 0 0 0 92 91 1 0 0 0 0 0 
0 0 0 0 0 0 0 0 0 0 36 0 
0 0 0 0 0 0 181 0 0 1 0 0 
1 0 1 0 0 68 24 0 0 0 0 0 
0 0 0 0 0 0 0 84 0 0 0 0 
1 0 59 0 82 0 0 0 111 0 3 0 
0 0 0 0 1 0 1 9 1 0 0 471 
0 0 0 0 0 0 0 0 101 0 0 0 
0 0 0 0 0 0 323 0 0 0 0 0 
0 0 8 24 280 0 0 0 0 0 0 0 
0 0 1 0 0 213 0 0 0 0 0 0 
0 1 14 0 0 0 118 0 0 0 0 6 
0 0 0 0 0 0 100 0 0 0 0 0 
0 0 0 102 5 0 0 0 0 0 0 0 
0 0 0 0 5 0 0 192 0 0 0 0 
0 20 4 0 0 0 0 0 9 16 0 3 
0 0 0 1 59 0 0 0 0 0 0 0 
0 0 0 53 155 0 0 0 0 0 0 0 
0 0 0 0 0 0 153 39 8 1 3 0 
0 0 0 0 0 0 0 0 0 0 0 37 
0 0 0 0 0 0 47 0 0 0 0 0 
0 0 0 0 0 0 0 0 0 0 0 44 
0 0 6 2 0 0 0 96 0 0 0 0 
1 1 307 5 26 0 0 0 0 0 0 0 
28 0 0 0 2 0 0 0 59 0 0 1 
0 0 0 0 0 0 0 0 0 0 0 65 
3 0 0 5 2 2 600 0 4 0 0 0 
13 0 0 0 0 0 23 35 0 0 0 0 
0 0 0 0 0 0 298 0 0 0 0 0 
0 0 0 0 0 407 0 0 0 0 0 0 
0 22 0 0 0 0 47 0 0 0 0 0 
0 0 0 0 0 67 19 0 0 0 0 0 
0 0 0 19 0 1 0 0 147 0 0 0 
0 0 0 0 0 1 0 0 0 0 0 49 
0 0 0 32 0 29 196 0 0 0 26 0 
0 0 61 0 0 0 1 0 0 0 0 0 
0 0 0 0 0 0 0 0 0 0 0 32 
0 0 0 0 0 0 0 0 52 0 0 0 
0 0 0 0 0 0 258 0 0 0 0 0 
0 0 0 146 101 1 0 0 0 0 0 0 
0 38 0 0 0 0 0 0 0 0 0 0 
6 6 0 0 0 0 0 21 0 2 3 12 
0 59 0 0 0 0 39 8 0 0 0 0 
0 0 0 1 15 0 11 0 0 17 0 0 
28 0 0 1 0 0 0 0 0 0 0 0 
0 0 0 0 58 0 0 0 0 0 0 0 
1 0 0 0 0 0 0 0 0 1 15 70 
0 0 0 0 80 0 0 0 0 0 0 0 
0 0 0 0 0 0 2 0 74 0 0 0 
0 0 0 0 0 22 0 0 0 0 0 0 
0 0 65 0 0 1 0 0 2 0 0 0 
0 0 0 0 0 0 75 0 0 0 0 0 
0 0 2 10 0 0 3 42 0 0 0 3 
9 0 10 0 36 0 0 0 0 0 1 0 
0 0 0 0 0 2 0 38 0 0 0 0 
0 0 0 0 2 19 0 2 2 0 0 0 
0 0 0 0 0 0 35 276 7 3 0 26 
0 0 0 0 0 13 20 118 0 0 2 38 
0 0 0 0 0 0 0 226 0 0 0 0 
0 0 0 5 0 0 0 0 20 0 29 1 
0 0 0 53 17 0 0 0 0 0 1 0 
0 4 0 0 0 0 1 0 2 0 27 0 
0 0 0 0 0 0 0 0 0 0 19 0 
0 0 0 0 0 0 0 0 51 0 0 0 
0 0 0 0 0 29 2 0 0 0 0 0 
0 26 2 1 0 0 0 0 0 4 0 0 
0 0 0 0 0 0 0 20 0 0 0 0 
0 0 0 2 5 107 0 15 0 0 0 0 
