0 0 1 1 0 126 1269 0 2 0 2 0 
0 0 6 21 0 0 0 1 0 0 0 0 
0 0 0 0 0 1 0 185 0 0 0 0 
0 1 0 0 54 131 0 0 0 0 0 0 
0 0 0 0 0 0 0 0 0 0 38 0 
1 0 0 0 0 0 180 0 0 1 0 0 
0 0 0 0 0 73 24 0 0 0 0 0 
0 0 0 0 0 0 0 87 0 0 0 0 
5 0 0 0 0 15 3 2 234 0 0 0 
2 0 2 39 0 0 4 0 0 0 0 448 
0 0 0 1 0 0 0 0 95 0 1 0 
0 0 0 0 1 0 332 0 0 0 0 0 
0 0 11 0 279 0 0 0 0 0 0 0 
0 0 0 2 0 213 0 0 0 0 0 0 
2 0 0 0 0 5 126 0 0 0 0 0 
0 0 0 0 0 0 101 0 0 0 0 0 
0 1 0 119 3 0 0 0 0 0 0 0 
16 0 12 0 5 0 0 166 0 0 0 0 
0 0 0 0 0 0 0 0 0 0 51 0 
0 0 0 0 60 0 0 0 0 0 0 0 
0 0 0 87 119 0 0 2 0 0 0 0 
0 0 0 0 1 145 0 45 0 0 0 1 
0 3 0 3 0 0 0 0 0 0 0 31 
0 0 0 0 1 0 46 0 0 0 0 0 
0 0 0 0 0 0 0 0 0 1 0 44 
0 0 0 0 0 0 5 92 6 0 0 2 
0 0 319 11 3 0 3 4 0 0 0 0 
0 9 0 0 0 66 0 0 0 0 0 12 
0 0 0 0 0 45 0 9 0 11 0 0 
0 0 0 103 79 0 424 0 0 8 8 0 
0 0 47 14 5 5 0 0 0 0 0 0 
0 0 0 0 0 0 282 0 0 0 0 0 
0 0 0 0 0 388 0 0 0 0 0 0 
0 0 0 0 0 0 15 0 0 0 24 28 
0 0 0 0 0 68 18 0 0 0 0 0 
0 6 0 0 1 0 0 0 159 0 0 0 
0 0 0 0 0 0 0 0 0 0 0 49 
27 0 0 0 0 0 256 0 0 0 0 0 
0 0 3 0 0 25 24 0 0 0 0 0 
0 0 0 0 0 0 0 0 0 0 0 31 
1 1 0 0 0 0 0 0 48 0 0 0 
0 0 0 0 0 0 251 0 1 0 0 0 
0 0 0 169 86 0 0 0 0 0 0 0 
0 36 0 0 0 0 0 0 0 0 0 0 
0 0 0 0 45 33 0 0 0 0 0 0 
0 0 0 0 0 84 0 0 0 0 0 0 
0 0 0 0 0 0 0 0 0 0 1 49 
0 58 3 0 17 0 1 24 0 4 0 0 
0 0 0 0 0 1 41 0 0 0 0 2 
26 0 1 0 0 0 0 0 0 0 0 0 
0 0 0 0 57 0 0 0 0 0 0 0 
0 0 4 0 0 0 0 4 0 0 78 0 
0 0 0 0 83 0 0 0 0 0 0 0 
0 0 0 0 0 0 0 0 80 0 0 0 
0 0 0 0 21 10 2 0 10 0 0 5 
0 1 78 0 0 0 1 0 0 0 0 0 
0 0 0 0 0 0 75 0 0 0 0 0 
0 0 0 47 1 0 3 0 0 0 6 0 
0 2 1 0 0 0 3 5 32 0 0 0 
0 0 0 0 0 0 0 39 0 0 0 0 
0 0 3 0 4 0 0 0 0 0 0 18 
5 0 0 0 2 0 0 308 54 0 0 0 
0 0 0 23 0 0 102 0 53 2 4 18 
0 0 0 0 0 0 0 222 0 0 0 0 
4 0 3 0 0 0 0 20 0 0 0 16 
0 0 0 62 12 0 0 0 0 0 1 0 
2 8 0 0 0 0 23 12 0 0 0 0 
0 0 0 0 0 0 0 0 0 0 19 0 
0 0 0 0 0 0 0 0 46 0 0 0 
0 0 0 0 0 0 0 12 0 0 0 6 
