0 0 0 0 0 0 376 0 0 0 0 0 
0 0 0 0 0 0 0 44 0 0 0 0 
0 0 0 0 1 0 0 184 2 0 0 0 
0 0 0 0 97 83 0 0 0 0 0 0 
0 0 0 0 0 0 0 0 0 0 36 0 
0 0 1 0 0 0 169 0 0 0 0 0 
0 0 0 0 0 76 19 0 0 0 0 0 
0 0 0 0 0 0 0 84 0 0 0 0 
1 0 0 0 0 0 0 0 259 0 0 0 
0 13 1 0 3 20 20 2 0 0 0 430 
0 0 0 0 0 0 0 0 107 0 0 0 
0 0 0 0 0 0 311 0 0 0 0 0 
0 0 8 7 298 2 0 0 0 0 0 0 
1 0 0 0 0 221 0 0 0 0 0 0 
0 0 0 0 0 3 92 0 0 1 0 0 
0 0 0 0 0 0 102 0 0 0 0 0 
0 0 0 97 7 0 0 0 2 0 1 0 
2 0 4 0 0 0 9 182 0 0 0 1 
7 1 26 0 12 0 0 5 0 0 0 0 
0 0 0 0 60 0 0 0 0 0 0 0 
3 0 0 81 122 0 0 0 0 0 0 0 
94 0 5 0 16 0 0 0 1 0 0 87 
0 0 0 1 0 0 0 3 0 0 0 33 
0 0 0 0 0 0 0 0 0 0 0 44 
0 0 1 0 1 0 0 97 1 1 3 0 
0 0 42 0 0 0 2 0 0 0 8 0 
0 34 0 11 1 35 0 6 0 0 0 0 
0 42 0 11 0 4 0 4 0 0 4 0 
15 0 0 7 0 0 568 0 0 0 9 0 
0 0 2 0 0 1 71 0 3 0 0 0 
0 0 0 0 0 428 0 0 0 0 0 0 
0 16 6 34 0 0 8 0 0 0 0 0 
0 0 0 0 0 70 22 0 0 0 0 0 
0 0 0 0 3 2 0 3 173 0 0 0 
0 0 0 0 0 0 0 0 0 0 0 50 
0 0 0 7 0 0 149 3 45 51 0 25 
0 0 51 0 0 0 10 0 0 0 0 0 
0 8 0 0 0 0 0 0 0 0 0 24 
0 0 0 0 0 0 0 0 43 0 0 0 
0 0 0 2 0 0 249 1 0 0 0 0 
0 0 0 145 103 0 9 0 0 0 0 0 
0 38 0 0 0 0 0 0 0 0 0 0 
0 0 0 0 44 0 0 0 2 0 0 0 
0 99 0 0 0 0 0 3 2 0 0 0 
0 11 0 16 1 0 0 1 0 1 0 16 
29 0 0 0 0 0 0 0 0 0 0 0 
0 4 0 0 25 0 0 0 0 0 0 0 
28 2 1 1 3 0 45 6 2 0 0 0 
0 0 0 0 81 0 0 0 0 1 0 0 
0 0 0 0 0 0 2 0 55 0 0 0 
14 0 0 0 0 6 0 0 2 0 0 0 
0 0 67 0 0 0 0 0 0 0 0 1 
0 0 0 0 0 0 74 0 1 0 0 0 
1 50 0 0 0 5 0 0 0 0 0 0 
0 0 0 0 0 5 0 0 3 0 29 0 
0 0 0 0 0 0 0 0 0 25 1 0 
0 0 0 0 1 0 12 3 6 3 0 0 
0 17 0 1 0 0 0 312 0 0 0 0 
0 0 0 0 0 32 115 5 7 0 0 34 
0 0 0 0 0 0 0 221 0 0 0 0 
1 20 0 0 17 3 0 0 8 0 5 0 
0 0 0 59 6 0 0 0 0 0 0 0 
0 30 0 0 0 0 0 0 0 0 0 0 
0 0 0 0 0 0 0 0 0 0 19 0 
0 0 1 1 0 1 0 0 48 0 0 0 
0 0 0 0 0 30 0 0 0 0 2 2 
0 3 12 0 0 0 0 0 2 18 0 0 
0 0 0 0 0 0 0 31 5 0 0 0 
1 0 0 0 0 127 0 0 3 0 0 0 
0 0 0 0 32 0 0 0 0 0 0 0 
7 0 211 0 0 0 0 0 12 0 50 0 
0 0 0 16 0 0 0 0 19 0 0 0 
0 0 0 0 0 172 1096 0 2 1 13 0 
0 4 0 0 0 0 112 0 1 0 0 0 
