83 1178 0 0 0 79 0 0 0 0 1 4 
0 0 0 0 0 0 0 0 0 0 0 42 
1 0 0 0 0 0 0 160 24 0 0 0 
0 0 0 0 0 180 0 0 0 0 0 0 
2 0 0 0 0 0 0 0 0 1 18 15 
0 0 0 0 0 1 173 18 0 0 0 0 
0 0 0 0 94 0 0 0 0 0 0 0 
0 41 0 0 0 0 3 0 0 0 19 21 
1 0 0 1 0 0 0 14 244 0 0 0 
124 1 0 1 4 0 5 0 88 7 244 10 
0 0 0 4 1 0 0 31 15 55 0 1 
0 0 0 0 2 0 294 1 0 0 0 18 
0 55 18 218 21 0 0 0 0 0 0 0 
0 199 0 0 0 16 0 0 0 0 0 0 
0 0 0 0 0 0 136 0 0 0 0 0 
0 0 101 0 0 0 0 0 0 0 0 0 
0 0 1 0 104 0 0 1 0 0 0 0 
0 0 0 0 0 0 27 169 0 0 1 0 
1 0 2 0 0 0 0 0 0 0 0 48 
3 0 0 3 54 0 0 0 0 0 0 0 
0 0 0 7 199 0 0 0 0 0 0 0 
0 200 0 0 0 0 0 0 0 0 0 0 
0 0 0 0 0 0 0 0 0 37 0 0 
0 0 0 0 0 0 52 0 0 0 0 0 
0 0 0 1 0 0 43 0 0 0 0 0 
0 0 0 0 0 0 0 104 0 0 0 0 
0 0 52 0 0 0 0 0 0 0 0 0 
2 0 56 1 0 0 28 2 0 0 0 2 
0 0 0 0 0 0 64 0 0 0 0 0 
0 0 0 2 0 62 538 0 0 0 0 0 
0 0 0 0 0 0 0 0 69 2 0 0 
4 108 0 18 0 0 101 28 8 47 0 0 
0 0 0 10 1 410 0 0 0 0 0 0 
0 0 0 0 0 0 0 0 0 0 64 0 
88 0 0 0 0 0 0 0 0 0 0 0 
0 0 0 0 0 0 0 0 0 167 15 0 
1 49 0 0 0 0 0 0 0 0 0 0 
0 0 223 35 0 0 29 1 0 0 0 0 
0 0 0 0 7 0 2 52 1 0 0 0 
0 0 0 0 0 0 0 0 0 0 0 32 
0 0 0 0 0 0 0 33 13 0 0 0 
255 0 0 0 0 0 0 0 0 0 0 0 
0 0 239 10 2 0 0 0 0 1 0 0 
0 30 0 0 0 0 0 4 0 0 0 4 
0 0 46 0 0 0 0 0 0 0 0 0 
0 89 17 0 0 0 0 0 0 0 0 1 
0 12 2 0 0 9 0 0 0 15 5 1 
7 0 0 0 3 0 12 7 0 0 0 0 
1 4 0 0 22 0 0 0 1 0 0 0 
0 1 0 0 0 0 0 0 84 0 0 0 
0 0 6 0 0 1 0 49 0 0 25 0 
0 0 0 0 0 0 0 0 0 57 0 0 
0 0 0 0 0 0 0 0 0 0 22 0 
0 0 5 0 0 4 59 0 0 0 0 0 
0 0 0 0 0 0 85 0 0 0 0 0 
0 0 0 0 0 59 0 0 0 0 0 0 
0 0 0 0 0 22 0 0 0 12 0 1 
0 0 22 0 0 0 0 0 0 4 0 0 
0 0 13 0 0 0 0 0 0 0 0 12 
0 0 305 0 0 15 4 0 0 0 1 0 
0 168 0 0 18 13 1 0 0 0 0 0 
1 0 4 0 5 0 0 189 28 0 0 0 
20 2 0 32 0 0 0 0 0 0 0 0 
0 0 0 72 0 0 0 0 0 0 0 0 
0 31 0 0 0 0 0 0 0 0 0 0 
0 0 0 0 0 0 0 0 0 19 0 0 
0 3 0 0 0 48 0 0 0 0 0 0 
0 0 0 0 0 34 0 0 0 0 0 0 
7 0 17 0 0 0 0 0 0 0 11 0 
0 33 0 0 0 5 0 0 0 0 0 0 
0 0 0 0 0 129 2 0 0 0 0 0 
0 0 0 0 32 0 0 0 0 0 0 0 
0 0 279 0 0 0 2 0 0 0 0 0 
0 0 0 0 0 0 0 35 0 0 0 0 
