158 1094 52 0 0 96 7 0 0 0 0 0 
0 3 0 4 0 0 0 0 0 16 0 5 
0 0 0 0 0 0 0 161 25 0 0 0 
0 0 0 0 0 187 0 0 0 0 0 0 
0 0 0 0 0 0 0 0 0 0 29 9 
0 0 0 0 0 1 162 20 0 0 0 0 
0 0 1 0 96 0 0 0 0 0 0 0 
0 0 0 0 79 0 4 1 0 0 0 0 
0 0 0 5 1 3 9 26 211 0 0 4 
1 0 0 0 0 0 0 491 0 2 0 0 
0 3 1 1 0 3 0 13 12 24 38 1 
0 0 0 0 0 1 331 0 0 0 0 0 
0 40 14 213 28 0 0 0 0 0 0 0 
0 202 0 0 0 12 0 0 0 0 0 0 
0 0 0 0 0 0 134 3 0 0 0 0 
0 0 96 0 0 0 0 0 0 0 0 0 
0 0 0 0 120 0 0 0 0 0 4 0 
0 0 0 0 0 0 39 160 0 0 0 0 
1 2 0 0 0 0 0 0 2 5 1 40 
0 0 0 9 50 0 0 0 0 0 1 0 
0 0 0 6 202 0 0 0 0 0 0 0 
0 181 0 0 0 0 0 0 1 0 0 0 
0 0 0 0 0 0 0 0 0 37 0 0 
0 0 0 0 0 0 47 0 0 0 0 0 
0 0 0 0 0 0 46 0 1 0 0 0 
0 0 0 0 0 0 0 104 0 0 0 0 
0 0 0 0 0 0 34 0 0 0 0 0 
0 0 338 0 0 0 0 0 1 0 0 0 
0 5 0 1 0 18 0 1 0 0 9 55 
0 0 0 0 0 0 65 0 0 0 0 0 
0 0 0 0 1 66 549 0 0 0 0 0 
0 0 0 0 0 0 0 0 65 3 0 0 
0 0 26 0 2 8 245 0 0 0 0 0 
0 0 0 0 0 387 3 0 0 0 2 1 
0 0 0 0 0 0 0 0 0 0 66 0 
0 0 0 0 77 0 3 5 0 0 0 0 
0 0 0 0 0 0 0 0 0 104 26 1 
0 43 0 0 4 0 0 1 1 0 0 0 
0 0 115 85 0 0 14 47 0 0 19 0 
0 0 1 21 0 0 0 0 0 30 0 0 
0 0 0 0 0 0 0 0 0 1 0 29 
0 0 0 0 0 0 0 29 24 0 0 0 
252 0 1 0 0 0 0 0 0 0 0 0 
0 0 244 10 0 1 1 0 0 0 0 0 
0 32 4 0 0 0 0 0 0 0 0 0 
0 0 0 0 0 78 0 0 0 0 0 0 
14 17 0 0 0 2 0 0 0 0 50 0 
0 0 7 23 19 0 0 0 0 0 1 0 
2 90 1 0 0 4 0 0 0 0 9 0 
3 0 0 0 0 30 0 10 0 0 0 0 
1 0 2 0 0 0 0 0 0 0 39 3 
0 0 0 0 57 0 0 1 0 0 0 0 
0 0 0 0 0 0 0 0 86 0 0 0 
0 0 0 0 0 0 0 10 0 65 2 0 
0 0 0 0 0 0 0 0 0 113 0 0 
0 0 0 0 0 0 0 0 0 0 48 0 
0 0 43 0 0 0 0 3 0 0 0 0 
0 2 0 0 0 0 73 0 0 1 0 0 
21 30 0 0 0 0 1 6 0 1 0 0 
2 0 0 6 0 0 0 0 26 0 9 0 
11 0 3 18 4 0 0 0 2 8 0 0 
0 0 0 0 0 1 1 0 0 21 2 0 
0 0 264 19 0 0 0 0 4 2 6 80 
1 199 1 0 0 0 0 0 0 0 0 0 
0 0 0 6 2 0 0 216 1 0 0 0 
0 0 0 0 0 0 23 0 0 5 3 0 
0 0 0 78 0 0 0 0 0 0 0 0 
0 54 0 0 0 0 0 0 0 0 0 0 
0 0 0 0 0 0 0 0 0 19 0 0 
0 2 0 0 0 22 12 0 5 3 0 2 
