177 293 201 168 176 167 135 180 157 148 147 130 
33 50 51 29 27 39 27 16 44 35 23 21 
0 2 0 1 2 0 0 122 34 0 2 1 
0 0 0 0 0 261 0 0 0 0 0 0 
3 13 3 0 0 4 0 2 0 0 2 16 
0 0 0 1 0 2 165 22 0 0 0 0 
9 0 4 5 32 6 3 0 0 0 2 0 
20 39 17 16 36 31 23 58 26 14 31 18 
21 20 42 38 13 3 12 33 59 27 22 32 
0 0 0 0 80 1 0 0 0 0 0 0 
47 46 35 37 70 26 71 49 39 19 64 60 
12 10 6 14 12 4 1 15 25 26 10 0 
30 30 22 20 19 33 53 21 19 23 32 30 
5 37 18 150 34 14 6 10 16 8 9 4 
14 126 2 10 8 10 3 7 4 3 10 3 
0 0 0 0 0 0 131 0 0 0 0 0 
0 0 90 0 0 0 0 0 0 0 0 0 
4 6 4 5 33 21 6 11 6 17 4 5 
4 12 7 3 2 2 21 146 10 3 9 4 
8 3 12 9 11 6 1 13 9 16 6 9 
18 13 3 5 18 2 1 3 2 2 0 3 
0 4 1 7 192 0 0 0 3 1 2 0 
0 193 0 0 0 0 0 0 0 0 0 0 
0 0 0 0 0 0 0 0 0 151 0 0 
0 0 0 0 0 0 39 0 0 0 0 0 
0 0 0 0 0 0 35 0 0 0 0 0 
0 1 1 0 0 0 0 101 0 1 0 0 
0 0 0 0 0 0 0 0 0 19 0 0 
0 0 0 0 0 0 34 0 0 0 0 0 
0 0 0 0 0 0 0 0 34 0 0 0 
3 1 1 0 2 2 1 0 3 0 1 0 
6 1 315 1 0 0 7 5 5 3 3 0 
15 19 9 18 7 9 15 15 6 17 14 4 
0 0 0 0 3 0 53 0 0 1 0 0 
12 8 22 15 19 55 473 19 11 15 14 9 
0 0 0 39 0 0 0 0 0 0 0 0 
0 0 0 0 1 0 0 0 67 0 0 0 
32 24 21 33 12 19 28 22 19 12 21 19 
24 17 18 39 46 138 10 14 24 17 8 16 
4 6 8 3 0 4 2 0 7 0 126 0 
4 0 4 0 0 10 5 2 13 1 3 0 
7 3 0 16 1 0 0 0 2 50 44 2 
0 3 0 0 2 0 5 0 0 2 1 10 
0 31 0 0 0 0 0 0 2 3 0 0 
16 1 2 2 5 17 0 3 6 7 3 8 
5 11 2 3 6 11 0 11 10 7 10 10 
27 8 13 28 31 30 48 18 18 27 17 18 
12 10 0 8 1 7 2 5 13 19 0 4 
0 3 4 0 0 9 7 0 4 2 3 3 
0 0 0 0 0 0 0 0 0 0 0 7 
0 0 0 0 0 0 0 24 0 0 0 1 
208 4 2 7 1 2 6 6 6 6 8 7 
3 2 212 13 5 2 2 1 0 0 2 0 
