0 0 0 0 0 187 1200 0 0 9 2 1 
0 0 15 0 8 2 0 0 0 0 3 0 
0 0 0 0 0 0 0 187 0 0 0 0 
0 0 0 0 62 123 0 0 0 1 0 0 
0 0 0 0 0 0 0 0 0 0 39 0 
0 0 0 0 0 0 180 0 0 0 0 0 
0 0 0 0 0 80 17 0 0 0 0 0 
0 0 0 0 0 0 0 84 0 0 0 0 
0 0 0 1 23 13 0 0 217 4 0 0 
0 1 8 0 24 5 0 0 22 1 0 433 
0 0 0 0 0 0 0 0 99 0 0 0 
0 0 0 0 0 0 335 0 0 0 0 0 
0 0 10 0 287 0 0 0 0 0 0 0 
0 0 0 0 0 213 0 0 0 0 0 1 
0 0 0 0 0 0 122 0 0 0 14 0 
0 0 0 0 0 0 99 0 0 0 0 0 
0 0 0 111 13 0 0 0 0 0 0 0 
0 0 0 1 10 0 0 179 0 7 0 0 
0 0 0 0 50 0 1 0 0 0 0 0 
0 0 2 0 58 0 0 0 0 0 0 0 
0 0 0 85 122 0 0 0 0 0 1 0 
0 0 0 0 11 111 35 27 0 0 0 0 
0 0 0 0 0 0 1 0 0 0 0 36 
0 0 0 0 0 0 48 0 0 0 0 0 
0 0 0 0 0 0 1 0 0 0 0 45 
0 33 3 0 0 0 0 68 0 0 0 0 
0 0 34 0 0 0 0 0 0 0 0 0 
0 7 333 0 0 0 0 0 0 0 0 0 
0 0 0 0 0 31 0 33 0 3 22 0 
0 7 4 3 0 46 0 5 0 0 0 0 
0 0 0 86 0 0 529 2 0 0 0 0 
2 0 4 0 0 0 2 0 37 23 0 0 
0 0 0 0 0 0 282 0 0 0 0 0 
0 0 0 0 0 394 0 0 0 0 0 0 
0 0 30 0 0 0 0 27 0 0 8 2 
0 0 0 0 0 68 17 0 0 0 0 0 
0 0 0 0 0 0 0 0 129 0 0 0 
0 0 0 0 1 0 0 0 0 0 0 48 
1 0 0 0 0 0 243 0 32 0 5 2 
0 0 1 0 0 0 50 0 0 0 0 1 
0 1 1 0 0 1 0 0 0 0 0 27 
0 0 1 0 0 0 0 0 51 0 0 1 
0 0 0 0 0 0 251 1 0 0 0 0 
0 0 0 186 71 0 0 0 0 0 0 0 
0 36 0 0 0 0 0 0 0 0 0 0 
1 0 0 0 54 23 0 0 0 0 0 0 
0 0 0 41 0 41 0 0 0 0 2 0 
0 0 0 0 42 0 0 7 0 1 0 0 
0 69 0 0 0 0 0 36 1 0 0 0 
0 0 0 11 0 0 0 0 4 0 28 0 
43 0 0 0 0 0 0 0 2 0 0 0 
0 0 0 0 58 0 0 0 0 0 0 0 
0 0 31 1 0 0 0 0 0 0 24 30 
0 0 0 0 76 0 0 0 1 0 0 0 
0 0 0 0 0 0 0 0 111 0 0 0 
0 0 0 0 0 0 0 0 0 0 48 0 
0 0 45 0 0 0 0 0 0 0 0 1 
0 0 0 0 0 0 75 0 0 0 0 0 
0 0 2 0 0 0 0 0 0 56 1 0 
0 0 0 16 0 0 0 0 1 0 26 0 
0 0 1 0 0 0 0 45 0 0 0 0 
0 0 0 0 2 0 0 0 0 0 1 22 
9 2 0 0 1 0 0 285 77 0 0 0 
10 0 8 32 0 0 95 0 21 0 3 34 
0 0 0 0 0 0 0 226 0 0 0 0 
0 0 0 0 0 0 0 23 0 9 0 1 
0 0 0 62 13 0 0 0 0 0 0 0 
19 1 3 8 3 0 2 10 0 3 0 1 
0 0 0 0 0 0 0 0 0 0 19 0 
0 0 0 0 0 0 0 0 46 0 0 0 
