0 0 0 0 0 138 1259 1 6 0 0 0 
12 0 0 0 0 13 0 0 0 0 3 0 
0 0 0 0 1 0 1 182 0 1 0 0 
0 0 0 0 55 130 0 0 0 1 0 0 
0 0 0 0 0 0 0 0 0 1 38 0 
0 0 1 0 0 0 179 0 0 0 0 0 
0 0 0 0 0 76 21 0 0 0 0 0 
0 0 0 0 0 0 0 84 0 0 0 0 
0 0 0 1 36 0 14 0 194 13 0 0 
0 0 0 0 44 31 0 16 0 4 0 399 
0 0 0 0 0 0 0 0 97 0 0 0 
0 0 0 0 0 0 338 0 0 0 0 0 
0 0 9 0 288 0 0 0 0 0 0 0 
0 0 0 0 0 213 0 0 0 0 0 0 
0 0 0 0 2 0 129 0 0 0 5 0 
0 0 0 0 0 0 96 0 0 0 0 0 
0 0 0 114 10 0 0 0 0 0 0 0 
0 23 0 0 0 0 0 166 0 0 1 10 
0 0 0 1 32 0 8 0 0 4 6 0 
0 0 0 0 59 0 0 0 0 0 0 1 
0 1 1 73 133 0 0 0 0 0 0 0 
0 0 0 0 0 136 16 29 0 0 0 1 
0 0 0 0 0 0 3 0 0 0 0 34 
0 0 0 0 0 0 47 1 0 0 0 0 
0 0 0 0 0 0 0 0 0 0 0 46 
3 4 0 0 0 0 0 89 0 4 1 3 
0 0 34 0 0 0 0 0 0 0 0 0 
0 0 334 2 4 0 0 0 1 0 0 0 
4 0 0 0 2 58 6 20 0 0 0 0 
0 4 0 0 0 49 11 0 0 1 0 0 
0 0 0 1 0 18 590 8 0 0 0 0 
0 40 0 0 0 0 0 0 28 0 0 0 
0 0 0 0 0 0 281 0 0 0 1 0 
0 0 0 0 0 393 0 0 0 0 0 0 
0 9 27 0 0 0 0 5 26 0 0 0 
0 0 0 0 0 64 21 0 0 0 0 0 
0 0 0 0 0 0 0 0 134 0 0 0 
0 0 0 0 0 0 0 0 0 0 0 49 
7 0 6 0 10 0 257 0 0 0 0 0 
0 0 0 0 0 0 45 7 0 0 0 0 
0 7 0 2 0 0 0 0 0 0 0 21 
0 0 0 0 0 0 10 0 43 0 0 0 
0 0 0 0 0 0 253 0 0 0 0 0 
1 0 0 184 70 0 0 0 0 0 0 0 
0 36 0 0 0 0 0 0 0 0 0 0 
0 0 0 0 41 37 0 0 0 0 0 0 
3 0 0 13 0 63 0 5 0 0 0 0 
0 2 0 0 21 0 0 23 0 0 4 0 
0 46 0 0 0 0 0 21 35 4 0 0 
33 0 3 2 0 1 0 0 0 0 1 3 
43 1 0 0 0 1 0 0 0 0 0 0 
0 0 0 0 57 0 0 0 0 1 0 0 
0 0 71 0 0 0 0 7 0 0 8 0 
0 0 0 0 77 0 0 0 0 0 0 0 
0 0 0 0 0 0 0 0 107 1 0 0 
0 0 0 0 0 0 0 0 0 0 46 2 
3 0 41 2 0 0 0 0 0 0 0 0 
0 0 0 0 0 0 75 1 0 0 0 0 
0 0 0 18 0 0 0 0 0 41 0 0 
0 3 9 0 0 0 0 8 0 0 23 0 
0 0 0 0 0 0 0 46 0 0 0 0 
6 1 0 0 0 0 0 7 0 11 0 0 
0 0 0 1 0 0 0 216 151 0 6 0 
0 2 0 0 0 0 117 0 84 0 0 0 
0 0 0 0 0 0 0 226 0 0 0 0 
1 0 0 0 7 3 0 0 0 20 0 0 
0 0 0 60 15 0 0 0 0 0 0 0 
31 0 0 0 0 0 14 3 0 2 1 0 
0 0 0 0 0 0 0 0 0 0 19 0 
0 0 0 0 0 0 0 0 46 0 0 0 
