166 1392 52 55 0 64 24 0 2 20 34 40 
9 10 191 102 4 3 0 0 27 7 53 0 
0 0 0 0 0 0 0 132 31 0 0 0 
0 0 0 0 0 196 0 0 0 0 0 0 
0 0 0 0 0 0 0 0 0 0 24 10 
0 0 0 0 0 1 162 21 0 0 0 0 
0 0 0 0 54 0 0 2 0 0 0 0 
0 0 3 0 0 6 0 299 6 9 0 0 
0 0 0 41 0 7 0 0 174 68 0 25 
0 0 0 0 81 0 0 0 0 0 0 0 
1 0 280 1 0 6 0 82 6 10 1 176 
0 0 0 0 0 0 0 12 18 99 0 0 
0 0 38 47 0 0 45 36 118 0 62 0 
0 54 14 193 44 0 0 0 1 0 0 0 
0 195 0 0 0 5 3 0 0 0 1 0 
0 0 0 0 0 0 131 3 0 0 0 0 
0 0 96 0 0 0 0 0 0 0 0 0 
0 5 0 0 111 0 0 0 0 3 3 0 
0 0 0 0 1 0 16 204 0 2 0 0 
1 0 0 0 0 0 0 1 2 0 0 100 
4 0 0 0 57 1 0 0 0 8 0 0 
0 0 0 5 205 0 0 0 0 0 0 0 
0 194 0 0 0 0 0 0 0 0 0 0 
0 0 0 0 0 0 0 0 0 148 0 0 
0 0 0 0 0 0 46 0 0 0 0 0 
0 0 0 0 0 0 39 0 0 0 0 0 
0 0 0 0 0 0 0 103 0 0 1 0 
0 0 0 0 0 0 0 0 1 18 0 0 
0 0 0 0 0 0 48 0 0 0 0 0 
0 0 0 0 0 0 0 0 34 0 0 0 
0 0 340 0 0 0 0 1 1 0 0 0 
9 0 0 1 0 0 29 109 0 0 0 0 
0 1 0 0 0 0 61 0 0 0 0 0 
0 0 0 0 0 71 597 0 0 0 0 0 
0 0 0 36 0 0 0 0 0 0 0 0 
0 0 0 0 0 0 0 0 68 0 0 0 
0 0 0 0 1 0 260 1 0 17 1 0 
0 0 0 0 0 384 0 0 0 0 0 0 
0 0 5 0 0 0 0 0 2 0 138 0 
0 0 0 0 0 0 0 0 47 5 0 0 
0 0 0 0 1 0 0 0 0 92 31 0 
0 37 0 0 0 0 0 0 0 0 0 0 
0 0 22 0 0 16 0 0 0 0 0 32 
38 0 0 0 14 0 0 0 1 0 0 33 
71 0 0 0 6 5 9 0 35 0 0 166 
5 0 0 0 0 41 0 0 9 23 0 4 
0 0 0 0 0 0 7 0 0 0 0 29 
0 0 0 0 0 0 0 27 4 0 0 0 
259 1 0 0 1 0 0 0 0 0 0 0 
0 1 238 12 0 0 0 0 0 0 0 0 
0 32 0 0 0 0 1 5 0 0 0 0 
0 0 0 0 0 68 0 0 0 0 0 0 
0 0 0 0 0 0 0 0 0 0 18 0 
33 60 0 0 0 0 0 0 16 0 0 0 
1 42 0 0 0 0 0 0 0 0 0 2 
