219 1114 0 0 0 30 0 0 1 11 1 0 
0 0 0 0 15 6 0 0 8 0 0 0 
0 0 0 0 0 0 0 162 28 0 0 0 
0 0 0 0 0 232 0 0 0 0 0 0 
1 0 0 0 0 0 0 0 0 0 16 19 
0 0 0 0 0 1 157 26 0 0 0 0 
0 0 0 0 93 0 0 0 0 1 0 0 
0 1 0 0 0 1 0 6 76 0 0 0 
0 0 0 0 0 0 0 0 256 0 0 0 
339 23 0 27 8 62 2 22 0 5 0 0 
0 0 0 0 0 0 4 27 26 31 9 0 
0 0 0 0 9 3 311 0 0 0 0 0 
0 62 29 191 25 0 0 0 2 0 0 0 
0 205 0 0 0 9 0 0 0 1 0 0 
0 0 0 0 0 0 141 0 0 0 0 0 
0 0 102 0 0 0 0 0 0 0 0 0 
0 0 0 0 94 3 1 0 0 4 2 3 
0 0 0 0 1 0 24 173 0 0 0 0 
0 0 0 0 0 4 0 0 1 0 0 45 
0 0 0 1 58 0 0 0 0 0 0 1 
0 0 0 4 204 0 0 0 0 0 0 0 
0 194 0 0 0 0 0 0 0 0 0 0 
0 0 0 0 0 0 0 0 0 37 0 0 
0 1 0 0 0 0 46 0 0 0 0 0 
0 0 0 0 0 0 44 0 0 0 0 0 
1 0 0 0 0 1 0 102 0 0 0 0 
0 0 338 0 0 0 0 0 0 0 0 0 
0 0 0 1 1 0 26 0 0 49 13 0 
0 0 0 0 0 0 64 0 0 0 0 0 
0 0 0 0 0 79 536 0 0 0 0 0 
0 0 0 0 0 0 0 0 68 3 0 0 
0 0 0 0 0 0 292 0 0 0 7 0 
0 0 6 0 0 399 0 0 0 0 0 0 
0 0 0 0 0 0 0 0 0 0 69 0 
0 0 0 0 20 0 5 0 62 0 0 0 
0 0 0 0 0 0 0 0 0 158 13 0 
0 49 0 0 0 0 0 0 0 0 0 0 
0 0 237 34 0 4 0 0 0 9 1 1 
0 1 0 0 10 0 0 2 0 45 0 4 
3 0 0 0 0 0 4 0 0 0 0 25 
0 0 0 0 0 0 0 38 17 0 0 0 
257 0 0 0 0 0 0 0 0 0 0 0 
0 0 237 13 0 0 0 0 0 0 0 0 
0 33 0 0 2 0 0 0 0 0 0 3 
0 0 23 1 0 45 9 2 0 0 0 0 
5 0 7 2 33 1 0 0 0 0 2 0 
0 105 0 0 0 0 0 1 0 0 0 0 
1 0 0 0 0 2 0 30 0 6 0 5 
20 0 0 0 0 9 0 0 0 0 0 0 
0 0 0 0 58 0 0 0 0 0 0 0 
0 0 0 0 0 0 1 0 86 0 0 0 
5 4 0 3 0 2 2 0 60 0 0 6 
0 0 0 0 0 0 0 0 0 73 0 0 
0 0 0 0 0 0 0 0 0 0 22 0 
0 0 12 0 0 0 56 0 0 0 0 0 
0 0 0 0 0 1 53 8 0 12 1 0 
14 0 0 0 0 2 0 0 0 6 38 0 
0 0 0 12 0 0 0 39 0 5 0 0 
0 2 0 0 0 0 0 20 0 18 0 0 
0 0 5 17 0 3 0 0 0 0 0 0 
0 0 328 0 0 0 0 0 19 0 0 0 
0 187 1 2 0 0 0 0 7 0 2 0 
1 0 1 0 0 0 0 182 0 43 0 0 
33 0 0 2 9 10 0 0 0 0 0 0 
0 0 0 72 0 0 0 0 0 0 0 0 
0 34 0 0 0 0 0 0 0 0 0 0 
0 0 0 0 0 0 0 1 0 18 0 0 
0 0 0 0 0 0 13 0 5 0 33 0 
0 0 0 0 0 31 0 0 0 0 0 0 
3 0 0 6 0 24 0 0 0 0 0 0 
0 0 0 0 0 1 8 0 0 0 0 5 
