133 95 162 111 157 163 136 174 155 179 159 125 172 151 183 173 116 173 182 152 177 157 173 170 154 
0 0 0 0 11 0 0 0 0 9 0 0 0 0 10 0 0 0 0 10 0 0 0 0 15 
28 0 0 0 0 24 0 0 1 0 49 0 0 0 0 24 0 0 0 0 27 0 0 0 0 
0 0 0 0 0 28 19 29 17 30 0 0 0 0 0 0 0 0 0 0 0 0 0 0 0 
0 0 0 0 2 0 0 0 8 1 0 1 0 1 0 12 17 22 23 12 0 0 0 0 0 
0 0 0 0 0 0 0 0 0 0 7 10 9 5 9 0 0 0 0 0 0 0 0 0 0 
49 91 51 70 39 1 13 0 0 0 0 1 0 0 0 0 10 0 1 0 1 11 0 0 0 
0 0 0 18 0 0 0 0 9 0 0 0 0 21 0 1 0 2 23 0 0 0 0 12 0 
0 0 17 0 0 0 0 4 0 0 1 0 10 0 0 0 0 14 0 0 0 0 12 0 0 
0 33 4 0 0 0 23 0 0 0 0 41 0 0 1 4 36 0 0 0 0 24 0 0 0 
