152 105 162 135 165 172 129 170 153 179 170 117 171 150 175 186 116 182 193 142 184 143 170 166 148 
0 0 0 0 0 0 0 0 0 0 9 11 10 8 10 0 0 0 0 0 0 0 0 0 0 
0 0 0 0 21 0 0 0 0 14 0 0 1 0 16 0 0 0 0 13 0 0 0 0 20 
0 3 0 16 0 0 5 0 18 0 0 1 0 18 0 0 0 0 19 0 0 0 0 16 0 
34 58 54 47 23 0 11 0 0 0 0 0 0 0 0 0 5 0 0 0 0 5 0 0 1 
0 0 0 0 0 0 0 0 0 0 0 1 0 1 2 9 17 16 17 19 0 0 0 0 0 
0 0 18 0 0 16 12 26 9 17 0 0 9 0 0 0 0 12 0 0 0 0 15 0 0 
1 53 0 1 0 0 25 0 0 0 0 48 0 1 0 0 40 1 0 0 0 44 0 0 0 
0 0 0 0 0 5 9 11 10 9 0 0 0 0 0 0 1 0 0 0 0 0 0 0 0 
23 0 0 0 0 23 0 0 0 0 37 0 0 0 0 19 0 0 0 0 21 0 0 0 0 
