0 0 0 0 0 0 27529 58 
0 0 0 0 0 0 453 20386 
1 0 9231 0 3 2 0 2 
0 225 0 108 452 0 0 0 
0 0 8916 0 0 1 0 0 
0 6059 0 0 0 0 2 0 
0 0 0 0 0 0 10368 5 
1 0 0 0 0 0 11086 388 
0 0 2 0 0 0 24723 0 
0 0 0 0 0 0 0 15632 
0 0 2434 186 47 0 0 178 
0 19054 8 5 400 5 0 60 
0 0 0 0 2393 0 0 0 
1 0 3164 0 0 37 0 0 
0 224 0 0 0 0 1090 0 
3007 0 0 0 0 1 0 0 
0 2 0 0 0 3 6732 0 
1 0 14 24 26 1 9627 1 
0 0 0 0 0 0 14865 0 
0 6107 1 0 0 0 0 0 
0 0 0 0 0 0 2622 71 
0 0 0 0 0 0 64 10536 
0 1 0 0 0 0 10303 0 
0 2202 1 0 0 0 0 1 
0 0 0 898 624 0 0 0 
7 630 0 1 3 0 0 3 
0 1987 0 0 0 15 0 2165 
0 0 0 0 0 0 2444 0 
0 0 0 1 113 0 156 216 
0 3973 0 16 1 0 156 2 
0 1 0 0 0 0 1 7872 
0 0 0 0 1947 0 0 1 
0 0 0 0 0 0 4171 0 
3 0 526 0 298 0 2302 0 
0 95 0 2623 819 4 1421 281 
0 0 205 15 1304 455 1037 0 
3 5553 0 1 1 0 0 28 
0 2 16 520 0 0 0 3 
0 0 0 0 0 0 1 11587 
0 0 0 0 428 0 462 5 
0 0 0 0 0 1 5690 0 
0 5136 0 1 0 0 59 0 
0 0 1 0 0 1 5466 0 
0 0 7940 10 14 0 3 0 
5 9508 3953 8 0 178 1139 425 
0 6 0 0 0 0 5522 0 
0 0 0 0 0 0 0 4742 
0 0 209 2 0 0 374 29 
0 0 7 0 0 15 523 4158 
0 0 1569 0 0 0 220 851 
0 0 0 0 0 0 0 3171 
0 7 0 0 0 0 0 4675 
0 219 6 0 0 0 0 2394 
0 0 206 0 0 13 83 619 
0 0 0 0 11 0 7798 2 
0 0 0 0 0 0 205 1624 
0 961 0 0 0 10 205 0 
3 0 0 0 0 0 0 2412 
0 2 0 0 0 0 0 2755 
0 0 0 0 0 0 4185 0 
554 1484 0 3 2 6 6 1523 
0 856 25 0 19 0 2 1084 
0 2 0 0 3 0 783 0 
0 0 411 51 0 15 1 0 
0 43 0 15 0 4 654 0 
3 0 0 0 0 2 554 0 
0 0 0 0 0 0 6670 16 
0 0 0 0 0 0 0 1386 
2 34 1592 120 43 0 0 140 
11 0 0 0 0 0 164 727 
0 0 0 0 0 0 1380 0 
1 1594 0 1 0 0 0 1 
0 506 537 4 5 58 85 560 
340 0 1 0 1 0 3 0 
0 0 0 2 0 0 0 835 
3 820 0 1 0 0 104 58 
0 2 0 29 0 2 0 224 
0 0 0 1 0 0 1 933 
0 0 2667 0 0 0 0 0 
6 0 248 0 0 0 346 0 
1 0 0 0 0 0 1172 0 
53 0 8 6 0 7 244 0 
2 0 781 0 0 20 0 0 
0 0 0 0 0 0 393 144 
39 839 0 0 0 9 0 1 
0 1 13 0 0 337 17 0 
8 0 33 0 0 0 489 503 
0 0 1051 0 2 1 3 0 
0 0 1 0 0 613 22 2 
0 2 5822 7 66 0 7 8 
0 0 0 0 0 0 23 2882 
0 5 1713 0 0 7 0 1 
0 0 2153 0 0 0 0 0 
0 2705 0 22 304 96 1 0 
0 0 0 0 0 1 6089 82 
0 0 0 0 0 0 8502 83 
0 0 0 0 1 24 248 1 
753 0 0 0 0 0 0 0 
4 12 1 8 757 3 39 13 
1 0 0 0 1 0 0 595 
0 0 0 0 0 0 859 2 
0 0 0 0 0 0 728 0 
0 2 11548 824 1253 0 94 504 
0 0 0 0 0 14 2926 0 
0 0 0 0 0 0 10 1550 
0 0 6 0 0 0 0 137 
0 0 0 0 0 1239 0 0 
0 1 0 1 2 0 0 252 
0 0 0 2 28 5 1 459 
0 1 0 0 27 0 214 695 
371 46 0 2 0 0 0 0 
0 0 0 0 1181 177 0 0 
0 0 720 1 0 0 9 1 
0 0 0 0 0 0 3167 0 
0 0 0 0 0 1 0 5005 
0 0 4059 0 0 27 0 0 
0 20 0 0 0 65 83 5761 
0 0 0 2 0 1 4972 154 
0 0 0 0 0 1 1165 0 
0 0 0 0 0 0 0 1297 
0 1 0 4 2 1 7917 1009 
0 0 625 0 1 0 0 0 
0 48 2442 52 1 0 0 0 
