0 0 0 0 0 27545 12 0 
0 0 0 0 0 20494 211 0 
0 0 0 49 337 5278 3681 4 
0 659 124 0 0 0 0 1 
1543 0 0 0 0 0 0 7349 
467 0 0 0 0 0 0 5675 
4 1056 27 0 0 4374 216 4751 
11365 0 0 0 0 0 0 282 
0 0 0 1 0 24868 0 0 
512 15827 0 6 1 0 0 0 
0 0 0 0 0 194 288 2363 
0 0 60 0 38 10727 8463 297 
1 0 0 0 0 0 33 2341 
0 4 55 1742 1340 9 12 35 
0 0 0 0 1 991 420 0 
0 2635 0 0 0 373 0 0 
71 6449 0 0 0 10 3 4 
0 0 8189 0 1302 58 0 12 
2 0 0 0 0 14700 0 1 
11 25 0 0 2 5992 1 0 
0 3 1542 0 190 0 779 1 
0 1 14 0 304 10340 57 0 
0 10291 0 0 0 9 0 3 
2203 0 0 0 0 4 0 0 
0 0 1519 0 3 0 0 0 
0 18 534 0 0 14 75 3 
0 0 63 1 0 9 3251 821 
0 8 0 0 0 0 1 2616 
0 0 0 0 0 0 0 540 
0 0 0 0 0 0 4131 8 
7787 0 0 3 0 0 1 0 
18 1922 1 0 0 0 1 6 
113 65 173 0 2053 1433 403 5 
3129 0 0 0 0 0 0 0 
831 0 0 0 0 1 0 4401 
0 0 0 0 0 0 63 2949 
0 0 0 0 0 4 4684 874 
22 0 20 6 2 223 273 0 
349 1789 7 227 0 4174 811 1596 
0 24 0 0 0 0 78 798 
232 4186 0 0 0 277 418 734 
0 0 0 0 0 0 0 5092 
0 4 5490 0 0 0 0 0 
0 2 0 0 96 7781 0 0 
0 0 0 0 11 13558 2 13 
0 729 4819 0 0 0 0 67 
0 4787 0 0 0 0 0 0 
614 0 0 0 0 0 0 0 
0 0 471 1 6 4157 0 0 
0 0 0 0 0 74 2535 0 
0 0 3199 0 0 0 0 0 
0 6573 0 2 0 0 0 1 
0 0 1 0 0 1 2599 0 
0 1 0 0 0 2 114 813 
0 0 0 0 1 7895 1 3 
0 0 1653 161 0 0 0 0 
0 0 1 0 0 0 480 724 
152 17 4 51 20 561 1865 14 
0 2 3 353 238 315 1301 245 
0 0 0 0 1 4232 0 0 
0 1 0 0 1 3573 1 1 
162 0 0 0 0 1 0 1847 
1 782 0 0 0 5 0 0 
0 391 0 0 3 0 0 0 
0 1 0 0 0 0 0 707 
0 1 2 0 5 0 353 196 
1 1 0 0 0 6680 0 1 
0 77 0 0 0 0 1345 4 
0 0 0 1 1 1 190 1756 
6 1 0 1 0 0 0 882 
1 1368 0 0 0 0 4 0 
0 1 0 0 0 0 0 1590 
0 0 36 0 21 1716 0 0 
0 0 271 15 0 56 2 1 
0 177 0 51 0 607 0 0 
0 0 0 0 0 0 0 986 
0 0 1 104 152 0 0 0 
0 93 0 0 0 21 43 777 
0 0 0 0 0 0 743 1859 
0 0 0 0 1 1 14 2204 
0 0 0 0 0 1664 0 1 
0 0 0 0 0 0 122 489 
2 921 0 0 19 0 0 168 
0 4 2 0 0 312 0 0 
183 0 4 2 0 54 0 11 
0 2 1 0 0 830 1 0 
96 0 599 0 0 0 1 0 
1 0 0 0 0 0 1 886 
0 0 0 0 0 0 368 0 
0 0 1 0 0 0 1101 0 
0 0 25 23 854 131 0 0 
1 0 365 0 0 12 0 0 
0 0 0 0 0 0 52 5930 
2966 0 0 0 0 0 0 0 
0 1725 0 0 0 0 0 0 
0 0 0 0 0 0 2144 0 
0 1 0 0 1491 1643 0 0 
6043 0 0 1 0 0 12 0 
0 0 0 0 1 8585 0 0 
3 0 0 0 0 0 268 3 
0 0 10 0 0 744 0 0 
0 0 0 0 0 61 115 678 
0 0 592 0 0 0 0 0 
204 404 0 126 0 115 0 3 
359 62 0 29 0 0 278 0 
0 0 0 0 0 0 0 14577 
0 18 0 14 32 160 1955 741 
0 0 0 0 1555 0 0 5 
6 0 59 0 23 0 0 172 
0 0 0 0 21 0 402 816 
2 1 16 0 0 20 0 221 
0 0 0 0 0 0 244 256 
0 993 0 0 0 0 0 3 
0 0 5 1 0 0 0 413 
0 0 0 0 0 335 995 0 
0 2 0 0 0 0 387 342 
727 29 450 5 65 565 50 999 
0 0 0 0 0 0 4982 0 
0 0 0 0 0 0 4103 12 
2 0 0 0 0 5840 0 0 
0 111 0 2 0 3022 1954 9 
0 0 0 0 0 0 54 1019 
2 3 1 6 0 40 1191 0 
0 8998 0 0 0 0 2 0 
570 0 0 0 0 0 0 55 
