0 0 0 0 0 27598 13 0 
1 0 0 0 0 20538 193 0 
1 0 0 41 352 5340 3552 4 
0 660 122 1 0 0 2 0 
1432 0 0 0 0 0 0 7442 
394 0 0 0 0 0 0 5562 
3 848 105 10 5 4072 137 5271 
11237 2 1 0 0 0 3 247 
1 0 0 0 0 24583 5 2 
323 15369 0 0 0 31 0 0 
1 0 0 0 0 184 260 2400 
0 0 130 2 61 10383 8585 313 
0 1 0 0 0 0 42 2337 
6 0 0 1630 1566 0 0 0 
0 0 0 0 0 920 449 0 
18 2584 0 0 0 405 1 0 
243 6524 0 0 0 8 11 0 
0 0 8194 0 1360 63 0 18 
0 0 0 0 0 14733 0 0 
0 0 0 0 0 6087 0 0 
0 0 1849 0 180 1 641 1 
0 0 0 0 258 10263 83 1 
0 10309 0 0 1 0 0 0 
2207 0 0 0 0 0 0 0 
0 0 1514 0 8 0 0 0 
10 0 623 1 0 4 6 0 
0 0 37 0 0 0 3296 816 
0 5 0 0 1 0 0 2426 
0 0 0 0 0 0 0 499 
0 0 0 0 1 0 4134 12 
7794 0 0 1 0 0 0 0 
42 1851 0 1 0 53 0 0 
0 41 0 0 4141 0 0 0 
3123 0 0 0 0 0 0 1 
742 0 0 0 0 0 0 4501 
0 0 0 0 0 0 56 2968 
0 5 0 0 0 0 4690 897 
2 8 1 11 0 0 520 3 
71 9273 415 45 14 1346 279 388 
0 26 0 0 0 2 46 823 
0 5706 0 4 0 0 0 0 
0 0 0 0 0 0 0 5252 
0 4 5516 0 0 0 7 1 
0 0 0 1 89 7831 0 0 
0 0 0 0 18 15289 2 5 
0 1297 4162 0 0 7 2 42 
6 4711 0 0 0 2 1 0 
610 1 0 0 0 0 0 3 
0 0 366 0 0 4351 0 0 
0 1 1 0 0 79 2571 0 
0 5 3191 3 0 0 0 0 
0 4371 0 0 0 0 0 0 
0 0 0 0 1 0 2616 0 
0 0 0 0 0 0 116 813 
0 0 3 0 0 7831 0 0 
0 0 1647 158 0 0 1 0 
0 0 0 0 0 0 469 715 
0 4 0 54 10 291 1872 158 
10 0 0 0 44 609 2100 4 
0 0 0 0 0 4355 0 0 
1 0 0 0 0 3573 0 0 
199 0 0 0 0 0 0 1784 
0 788 0 0 0 0 0 0 
0 390 4 0 0 0 0 0 
0 0 0 0 0 0 0 711 
0 3 1 0 0 0 440 113 
0 0 0 1 1 6805 0 0 
0 0 1 0 0 0 1375 0 
0 0 0 0 0 1 150 1810 
0 2 0 0 0 0 0 903 
0 1360 0 13 0 0 0 0 
0 0 0 0 0 0 0 1642 
0 3 25 0 12 1718 0 0 
0 161 27 0 0 93 0 64 
0 204 0 109 0 522 0 0 
0 2 0 1 0 0 0 984 
0 0 1 98 0 0 157 0 
38 0 13 32 301 132 36 380 
0 0 0 3 0 0 654 1944 
0 0 1 0 0 0 122 488 
0 783 0 0 0 0 0 386 
0 0 128 130 26 0 34 0 
0 0 0 0 0 803 0 0 
8 0 525 0 0 0 0 4 
0 0 0 2 0 0 3 875 
0 1 0 0 0 0 367 0 
0 0 0 0 0 0 1043 0 
0 0 22 8 849 178 0 0 
11 0 563 0 39 0 1 24 
0 0 0 0 0 1 45 5912 
2979 0 0 0 0 0 1 0 
0 1725 0 0 0 0 0 0 
0 0 0 0 0 0 2167 1 
0 0 0 0 1498 1632 0 0 
6168 0 0 0 0 0 21 0 
0 0 0 0 1 8548 2 0 
0 1 0 0 0 0 273 0 
4 1 0 0 0 748 0 0 
0 0 0 0 2 59 55 712 
0 0 591 0 1 0 0 0 
95 384 0 212 88 0 2 84 
4 0 71 44 0 0 605 0 
0 0 0 0 0 0 0 14251 
0 0 35 0 111 0 2787 0 
0 1 0 0 1558 1 0 0 
0 86 6 0 5 46 0 0 
0 0 0 0 19 0 463 757 
0 0 0 0 28 35 86 111 
0 0 1 3 0 0 218 267 
0 1016 0 0 0 0 0 0 
5 0 0 0 0 0 0 414 
0 0 0 0 0 346 1012 0 
1 0 0 0 0 0 338 392 
327 0 554 8 27 196 19 1980 
0 4 0 1 0 0 5025 2 
0 0 0 0 0 1 4052 14 
0 0 0 0 0 5966 0 0 
14 90 120 0 1 4460 452 0 
0 0 0 0 0 0 38 1077 
0 0 0 0 2 40 1260 0 
0 8866 0 0 0 0 0 0 
581 0 0 0 0 1 0 43 
0 0 0 0 0 0 12 2510 
