0 1 0 2 3 21899 61 0 
0 0 0 0 0 20253 199 0 
0 0 4 58 415 5274 3553 5 
0 688 83 8 0 0 0 0 
1494 0 0 0 5 0 0 7448 
412 0 0 2 0 0 0 6465 
121 902 72 0 0 3491 144 5882 
11407 0 0 0 0 1 0 416 
0 0 1 1 2 28352 0 0 
357 16119 0 0 0 0 0 0 
0 0 0 1 0 256 359 2227 
0 0 82 1 69 10692 8513 255 
0 0 0 0 0 0 49 2338 
37 59 0 1563 925 199 237 178 
0 1 0 1 1 1052 362 1 
0 2642 0 6 0 338 0 1 
224 6233 133 0 0 108 3 64 
0 7 7725 0 1537 65 6 23 
0 2 0 0 0 14668 1 0 
0 0 0 0 0 5957 120 0 
0 0 1671 0 223 4 636 0 
0 0 232 0 411 10929 44 21 
0 10390 0 0 0 0 0 3 
2305 0 0 0 0 0 0 0 
0 0 1519 0 0 2 1 0 
0 42 327 0 37 30 54 119 
0 8722 0 1 0 0 0 0 
2 1 44 0 0 0 3316 817 
0 6 0 0 0 7 34 3024 
0 1 0 0 0 2 0 537 
0 0 0 1 0 0 4129 9 
7756 0 2 0 0 1 0 0 
23 1907 0 0 3 15 0 0 
184 8 403 0 348 2537 620 116 
3124 0 0 0 0 0 0 0 
775 0 0 0 0 1 0 4471 
0 0 0 0 0 0 57 2939 
3 0 0 1 2 15 4467 984 
0 8 3 0 0 377 144 13 
301 1460 2 11 0 5230 978 927 
0 12 0 0 0 0 94 805 
422 3754 17 21 25 172 510 902 
0 0 0 0 0 0 0 4200 
1 0 5490 0 3 0 1 0 
0 0 0 0 106 7739 0 0 
0 0 0 0 8 13519 2 3 
233 1849 3463 0 0 126 93 31 
5 4760 1 0 2 0 0 0 
595 0 1 15 0 0 3 0 
2 1 437 0 0 4230 0 0 
0 0 0 0 0 80 2431 0 
0 0 3203 0 0 0 0 0 
0 6438 0 0 0 0 2 0 
0 0 0 1 0 0 2625 0 
0 0 1 0 8 0 134 792 
0 0 0 0 0 7860 0 0 
0 0 1665 137 0 7 0 0 
0 0 0 0 0 0 568 539 
203 96 2 11 0 1259 1059 145 
0 138 4 17 0 461 1553 285 
0 0 0 0 0 4363 0 0 
0 0 0 0 0 3511 47 0 
200 1 0 0 0 0 0 1814 
0 809 0 0 0 0 0 0 
0 392 0 0 2 0 0 0 
3 1 0 0 0 0 0 714 
0 0 0 0 0 8 306 243 
0 0 0 0 0 8742 0 0 
64 627 0 1 8 32 1030 47 
0 0 0 0 0 1 172 1867 
0 4 0 53 0 56 12 1075 
0 1344 0 0 0 0 1 0 
0 0 0 0 0 0 0 1683 
0 0 33 5 9 1729 1 0 
6 0 183 2 0 155 0 0 
0 220 0 0 0 631 2 2 
7 3 5 0 0 442 0 0 
0 0 0 1 0 0 0 985 
138 0 23 0 8 0 73 15 
12 304 0 0 0 95 162 367 
0 0 0 0 0 0 451 2018 
0 0 1 0 1 0 15 2109 
0 1 0 0 0 1638 0 0 
0 0 0 0 0 0 118 503 
0 1045 0 1 0 0 0 66 
0 29 0 0 2 192 16 79 
179 0 0 65 9 0 1 0 
0 0 0 1 2 838 0 0 
88 0 629 1 0 0 1 4 
467 0 1 0 0 0 0 60 
0 0 0 8 0 0 214 936 
0 0 0 0 0 0 368 0 
0 0 0 0 0 0 1230 0 
0 0 35 13 828 158 0 0 
4 12 341 20 0 1 0 0 
0 0 0 0 0 0 48 6165 
2960 0 0 0 0 0 0 0 
0 1727 0 3 0 0 0 0 
0 0 0 0 0 1 2164 0 
0 0 0 0 1494 1621 2 0 
5944 0 0 1 0 0 31 0 
0 0 0 0 36 8852 6 0 
0 0 0 0 0 0 274 0 
0 0 0 0 0 753 2 0 
0 0 0 0 0 60 137 656 
0 0 582 15 0 2 0 0 
120 373 0 7 13 121 106 118 
448 248 1 0 12 0 5 3 
0 0 0 2 0 0 0 14415 
22 0 0 16 6 0 908 1973 
0 0 0 0 1082 0 0 0 
0 0 2 0 3 0 213 49 
0 0 0 0 33 0 406 814 
28 39 14 0 0 125 25 23 
0 0 0 4 0 0 239 268 
0 1074 0 0 0 0 0 0 
0 0 17 0 0 0 13 375 
0 0 1 0 0 357 972 0 
8 0 0 0 143 219 0 0 
0 0 0 0 0 0 363 368 
753 253 17 2 0 864 102 562 
0 0 0 0 0 0 4823 0 
0 0 0 0 0 0 4207 15 
0 1 0 0 0 4855 0 0 
10 0 0 4 44 62 634 0 
234 22 0 0 0 3350 1381 124 
