0 0 0 2 0 22280 49 0 
0 0 0 0 0 20275 211 0 
0 0 0 66 378 5250 3603 2 
0 677 90 8 0 0 0 0 
1568 0 0 0 0 0 0 7380 
395 0 0 1 2 0 0 6369 
113 820 78 0 0 3585 141 5878 
11476 0 0 0 0 2 0 365 
0 0 1 0 0 28342 0 0 
383 16071 0 0 0 0 0 0 
1 0 0 0 0 270 332 2237 
0 0 82 0 67 10633 8579 255 
0 0 0 0 0 0 34 2353 
31 50 0 1639 921 172 216 161 
0 0 0 0 1 1079 337 1 
0 2662 0 3 0 324 14 5 
236 6196 143 0 0 103 7 63 
1 3 7798 0 1468 64 5 24 
0 0 0 3 0 14651 0 0 
0 3 0 0 2 5983 89 0 
0 0 1658 0 196 9 649 1 
0 0 209 0 423 10866 66 15 
0 10382 0 1 0 0 0 4 
2305 0 0 0 0 0 0 0 
0 0 1522 0 0 0 0 0 
0 59 337 0 45 31 59 78 
0 8736 0 0 1 0 0 0 
7 3 38 0 0 0 3342 790 
0 8 0 0 0 1 38 3019 
0 0 0 1 0 0 0 539 
0 0 0 0 0 0 4129 10 
7738 0 2 0 0 1 0 0 
8 1928 0 1 6 9 0 0 
189 5 446 0 276 2544 653 103 
3118 0 1 5 0 0 0 0 
723 0 0 0 0 0 0 4524 
0 0 0 0 0 0 53 2943 
0 0 0 0 0 3 4467 1002 
0 4 4 0 0 359 172 6 
347 1436 1 14 0 5101 1040 967 
0 14 1 0 1 0 86 809 
461 3734 9 18 16 210 534 848 
0 0 0 0 0 0 0 4299 
3 0 5514 0 0 0 0 0 
0 0 0 0 92 7768 3 0 
0 0 0 0 9 13522 2 4 
248 1816 3510 0 0 130 84 23 
4 4763 0 0 3 0 0 0 
596 0 4 12 0 0 2 0 
1 0 415 0 0 4259 0 0 
1 0 0 1 0 81 2428 0 
0 0 3203 0 0 0 0 0 
0 6460 0 0 0 0 4 0 
0 0 0 1 0 0 2625 0 
0 0 0 0 5 0 130 800 
0 0 0 0 1 7859 0 0 
0 0 1651 152 0 5 0 1 
0 0 0 1 0 0 578 528 
177 98 0 23 0 1210 1091 176 
0 146 0 21 3 441 1571 276 
0 0 1 0 0 4405 0 0 
2 0 0 1 0 3514 35 1 
187 0 1 0 0 0 0 1827 
0 781 0 0 0 0 0 0 
1 390 0 2 0 0 0 1 
1 1 0 0 0 0 0 716 
0 0 0 0 0 2 308 247 
0 0 0 0 0 8357 0 0 
68 580 0 0 18 21 1070 44 
0 0 0 1 0 0 164 1877 
0 4 0 51 0 32 10 1103 
0 1373 0 0 0 0 0 0 
0 0 0 0 0 0 0 1696 
0 0 21 2 12 1740 1 1 
3 0 192 4 0 143 4 0 
0 246 0 0 0 603 1 4 
3 4 0 0 0 450 0 0 
0 0 0 0 0 0 0 986 
125 0 27 0 7 0 68 30 
7 297 0 0 0 76 151 409 
0 0 0 0 0 0 432 2091 
0 0 0 0 0 0 11 2114 
0 0 0 0 0 1639 0 0 
0 0 1 0 0 1 118 501 
0 1056 0 2 0 0 0 53 
0 20 0 1 5 195 13 84 
177 0 1 65 11 0 0 0 
0 0 0 3 1 837 0 0 
116 0 581 2 0 0 2 10 
456 0 1 0 1 0 0 69 
0 0 0 1 0 0 196 961 
0 0 0 0 0 0 368 0 
0 0 0 0 0 0 1230 0 
0 0 26 10 829 169 0 0 
4 14 329 26 0 5 0 0 
0 0 0 0 1 0 56 6106 
2976 0 0 0 0 0 0 0 
0 1730 0 0 0 0 0 0 
0 0 0 0 0 0 2144 0 
0 0 0 0 1513 1600 0 0 
5932 0 0 0 0 0 27 0 
0 0 0 0 32 8900 1 0 
0 0 0 0 0 0 274 0 
0 0 0 0 0 753 2 0 
0 0 0 0 0 54 140 659 
0 0 582 10 4 3 0 0 
112 352 0 11 8 111 109 152 
383 317 0 0 8 0 7 2 
0 0 0 0 0 0 0 14417 
9 0 0 12 6 0 846 2052 
0 1 0 0 1081 0 0 0 
0 2 4 0 1 0 221 39 
0 0 1 0 33 0 436 783 
29 37 13 0 0 121 24 30 
0 0 3 3 0 0 226 273 
0 1071 0 0 0 0 0 0 
0 0 7 0 0 2 6 390 
0 0 0 0 0 368 962 0 
10 0 0 0 152 208 0 0 
0 0 0 0 0 0 354 377 
718 305 17 0 0 859 90 574 
0 0 0 0 0 0 4837 0 
0 0 0 0 0 0 4209 13 
0 0 0 1 0 4846 0 1 
11 0 0 3 38 63 637 1 
212 17 0 0 0 3318 1437 117 
