3 61 57 0 12 0 2198 1044 
41 340 165 24 0 11 3007 20999 
0 16 12918 0 52 0 17 41 
0 11 677 18 412 0 418 47 
0 118 8762 21 180 0 1283 195 
50 9690 185 4 0 8 447 230 
0 9 0 0 0 0 12950 13 
0 192 312 24 103 41 18407 894 
47 406 426 34 217 0 63657 767 
42 39 147 0 79 0 446 25966 
0 151 2321 106 594 12 37 10 
35 575 5978 71 88 0 277 151 
624 19803 781 9 275 20 2707 2692 
63 6 18 0 0 0 15 5540 
0 0 0 0 1372 90 0 0 
0 0 2477 0 0 85 0 0 
70 887 233 28 145 13 723 905 
2953 8 23 0 5 0 15 47 
6 65 96 6 29 8 8276 186 
9 282 284 39 80 29 9416 431 
0 12 0 0 0 0 14256 26 
0 4564 16 0 12 0 12 4 
0 14 83 12 107 0 1113 259 
24 211 40 0 35 0 984 10924 
31 255 214 0 135 4 12790 343 
8 53 0 0 78 0 1929 45 
0 1144 237 8 70 6 888 142 
0 0 0 881 771 0 287 17 
15 240 22 5 0 0 58 15 
47 312 309 58 214 0 7595 1388 
158 824 513 6 90 0 1151 894 
15 75 35 17 14 0 1950 128 
7 0 8 0 83 7 1845 63 
0 26 160 24 1863 0 17 0 
15 1014 88 5 31 0 1157 481 
26 98 68 0 8 0 151 10144 
9 14 0 0 1653 15 511 76 
0 0 0 0 0 0 6107 1 
19 24 290 11 279 0 440 110 
0 66 97 198 669 0 4277 583 
65 117 151 6 579 46 165 21 
19 4753 44 0 9 0 251 163 
9 147 0 203 0 0 199 55 
0 0 8 0 479 0 13 0 
8 28 79 0 24 0 171 5726 
12 24 237 0 194 0 218 65 
5 14 0 4 3 0 3778 18 
79 747 1977 184 1570 5 8045 1185 
13 216 121 0 25 5 764 126 
0 1438 188 9 93 0 289 107 
6 40 42 9 43 15 5993 128 
12 130 5843 28 176 0 602 70 
171 1722 1074 56 601 0 4067 1925 
0 133 197 4 29 0 2946 204 
71 33 34 10 0 0 361 2061 
0 16 123 0 0 0 290 85 
83 665 410 24 334 16 2642 3061 
12 686 3351 5 55 118 638 223 
7 135 373 0 113 5 834 328 
13 112 44 0 24 0 361 2844 
0 64 36 0 4 10 160 3835 
85 64 69 0 71 0 594 274 
56 50 5 0 0 0 337 97 
30 281 6 5 0 4 70 227 
5 30 25 0 44 0 6007 45 
0 29 7 0 0 1184 276 49 
7 0 36 0 0 0 331 1532 
66 1585 599 84 234 0 2718 543 
0 0 0 6 0 0 40 1739 
0 5 0 0 0 0 138 1224 
0 58 60 25 11 0 4384 83 
286 72 40 0 138 0 748 392 
52 239 124 12 46 0 876 894 
0 0 22 0 8 0 567 252 
0 271 91 0 52 4 116 154 
6 350 4 0 35 0 780 16 
0 23 20 0 5 4 137 124 
493 31 0 0 5 0 78 134 
4 24 0 13 0 0 694 98 
0 0 0 0 12 0 15 1236 
25 206 470 5 138 0 739 547 
7 18 12 0 26 0 549 378 
26 102 113 0 106 14 911 221 
9 677 0 0 0 0 7 48 
0 125 173 13 55 0 533 209 
756 9 29 0 17 0 34 0 
32 49 174 0 6 0 247 285 
0 137 23 0 11 0 73 398 
0 463 6 8 17 0 390 171 
0 75 24 0 14 0 113 133 
0 0 0 0 0 0 0 324 
4 21 1866 21 57 0 34 0 
31 90 1146 11 207 0 705 64 
0 1538 12 0 26 0 36 0 
10 39 130 4 67 0 537 81 
44 179 649 28 59 0 496 81 
0 16 0 0 0 0 15 127 
0 41 6 0 25 0 1096 23 
0 0 29 0 0 0 229 0 
0 37 12 15 24 150 144 93 
0 8 738 0 0 5 35 7 
0 10 12 0 7 0 281 439 
0 244 254 0 0 15 0 0 
10 166 221 20 19 0 84 74 
0 14 58 0 50 0 62 35 
0 14 0 0 5 0 331 337 
8 164 86 0 0 0 19 0 
0 37 89 5 11 0 125 122 
0 24 283 69 36 0 198 66 
57 149 62 0 70 0 379 34 
0 0 0 0 0 197 14 14 
0 0 0 0 0 0 213 53 
