0 0 0 0 0 0 27562 74 
0 0 0 0 0 0 442 20407 
0 0 9226 0 0 0 1 0 
1 213 14 282 274 1 0 0 
0 2 8902 0 0 0 0 0 
0 5953 0 0 0 0 0 0 
0 0 0 3 0 0 10370 3 
0 0 0 0 0 0 11026 393 
0 0 0 0 0 0 24862 0 
0 0 0 0 0 0 0 15633 
0 0 2256 270 58 2 0 212 
5 19201 0 0 328 3 2 15 
0 0 0 0 2386 0 1 0 
0 0 3168 0 0 34 0 0 
0 227 0 3 0 0 1084 1 
3005 0 0 0 0 0 2 1 
0 0 0 0 0 0 6637 2 
0 0 11 44 31 0 9627 0 
0 0 0 0 0 0 14783 0 
0 6113 0 0 0 0 0 0 
0 0 1 0 0 0 2633 74 
0 0 0 0 0 0 66 10600 
0 0 0 0 0 0 10312 0 
0 2197 3 1 0 1 0 0 
0 1 0 886 635 0 0 0 
37 606 1 0 0 0 0 0 
0 1904 2 1 7 1 15 2248 
0 0 0 0 0 0 2444 0 
11 1 9 0 112 12 245 97 
0 3975 11 0 0 10 152 0 
0 0 0 0 0 0 2 7781 
0 1 1 0 1943 1 2 0 
0 0 0 0 0 0 4175 0 
0 5 458 2 189 8 2467 0 
1 104 0 2752 762 0 1074 551 
0 0 243 1 1341 345 1093 1 
0 5552 0 0 0 4 2 29 
0 0 21 516 0 0 0 4 
1 0 0 0 0 0 0 11654 
0 6 0 0 388 0 501 0 
0 0 0 0 0 0 5746 0 
0 5106 0 0 2 11 129 0 
0 0 0 3 0 0 5430 0 
0 0 7951 14 13 0 1 0 
0 8855 3971 4 0 293 1452 649 
3 3 0 0 0 0 5503 19 
0 0 0 0 1 0 0 4783 
0 0 200 0 0 0 360 54 
6 0 0 0 7 0 510 4178 
0 3 1632 0 0 0 224 782 
0 0 0 0 0 0 0 3195 
0 5 1 0 0 1 0 4562 
8 345 9 2 0 0 0 2248 
2 0 245 1 61 3 48 561 
0 1 0 0 19 0 7777 9 
0 0 0 0 0 0 222 1588 
0 960 5 0 1 0 214 0 
0 0 0 3 2 0 0 2384 
0 0 0 0 0 0 0 2767 
0 0 0 0 0 0 4265 0 
639 1470 0 1 4 0 0 1458 
0 884 0 7 0 1 15 1081 
0 2 0 0 2 0 784 0 
0 0 345 54 0 73 3 3 
0 36 0 0 0 4 668 8 
8 0 0 0 15 0 535 0 
0 0 1 0 0 0 6472 14 
1 0 0 0 1 0 0 1328 
0 14 1661 51 0 4 0 179 
9 2 0 0 0 0 159 732 
1 0 0 3 8 2 1354 5 
0 1653 0 0 0 0 0 0 
2 716 379 0 0 65 1 580 
327 3 13 0 0 0 2 0 
0 0 3 0 0 0 0 827 
0 817 6 0 0 6 92 66 
0 1 9 4 0 1 0 243 
0 0 0 0 0 0 0 935 
0 0 2661 7 0 0 0 0 
0 0 190 26 0 4 378 2 
0 0 0 0 0 0 1173 0 
27 0 1 10 0 3 276 1 
0 0 781 0 0 22 0 0 
0 0 0 0 0 0 382 155 
0 875 7 0 1 0 5 0 
1 0 0 0 0 321 0 46 
0 0 0 0 0 1 339 692 
0 0 1053 0 0 1 3 0 
0 0 7 0 0 611 20 0 
3 0 5847 0 106 0 0 1 
0 0 0 0 0 0 26 2975 
0 18 1708 0 0 0 0 0 
1 0 2149 0 0 2 1 0 
0 2723 0 0 273 112 0 1 
0 0 0 4 0 0 6108 121 
0 0 0 1 0 0 8508 83 
4 5 0 0 0 7 253 5 
753 0 0 0 0 0 0 0 
0 6 0 1 753 2 72 1 
0 2 0 1 8 0 0 588 
0 0 4 0 0 0 919 1 
0 0 0 0 0 2 726 0 
0 52 11403 870 1279 0 74 555 
0 0 0 0 0 12 2928 0 
0 0 0 1 0 0 11 1548 
0 0 0 1 26 0 0 116 
0 0 0 0 1 1237 1 0 
0 0 0 0 1 0 2 248 
0 0 4 4 0 0 0 492 
2 1 0 0 29 0 280 627 
355 0 0 1 0 63 0 0 
3 0 0 0 1174 181 0 0 
0 0 708 10 0 0 13 0 
0 0 0 0 0 0 3163 0 
0 0 0 0 0 0 0 5060 
0 1 4067 0 0 18 0 0 
0 2 0 0 0 67 89 5691 
1 0 0 0 0 0 4984 149 
0 2 0 1 1 0 1162 0 
0 0 0 0 2 1 0 1311 
0 0 0 1 0 0 7823 1089 
0 1 623 1 0 0 0 0 
0 0 2564 0 0 1 0 0 
