0 0 0 0 0 0 27518 151 
0 0 2 0 0 0 418 20286 
0 0 9266 1 0 0 0 0 
0 287 0 216 281 0 0 0 
0 0 8832 4 2 0 5 0 
0 6196 0 0 0 0 0 0 
0 0 0 0 0 0 10460 4 
0 0 0 0 0 0 11204 431 
0 0 0 0 0 0 24640 0 
0 10 0 0 0 0 0 15941 
0 0 2370 211 28 1 0 204 
0 19379 0 0 185 0 1 0 
0 0 0 0 2373 7 0 0 
0 0 3154 0 0 44 0 0 
0 115 0 1 3 0 1258 0 
3008 0 0 0 0 0 0 0 
0 0 1 0 0 0 6728 0 
0 0 15 32 32 2 9566 0 
0 0 0 0 0 0 14649 0 
0 6059 0 0 0 6 0 0 
0 0 0 1 0 0 2595 73 
0 0 0 0 0 0 51 10644 
0 0 0 0 0 0 10291 0 
0 2206 0 0 0 0 1 0 
0 1 0 890 631 0 0 0 
1 614 6 0 0 0 23 0 
2 1670 0 48 41 0 4 2377 
0 0 0 0 0 0 2510 0 
0 0 17 4 39 7 307 166 
0 3845 14 6 12 1 266 0 
0 0 0 0 0 0 1 7834 
0 1 0 0 1945 0 0 0 
0 0 0 0 0 0 4183 0 
3 0 496 0 379 0 2246 0 
89 0 0 3110 507 36 1373 127 
0 0 225 0 1258 289 1242 2 
1 5555 0 0 0 1 0 31 
0 0 35 510 0 0 0 0 
0 0 0 0 0 0 0 10816 
15 0 0 0 252 7 626 0 
0 0 1 0 0 0 5754 0 
0 5018 0 0 13 0 54 0 
0 0 0 0 0 0 5513 0 
0 0 7948 6 8 0 1 0 
0 9351 3309 0 32 296 1663 602 
6 9 0 0 0 0 5477 0 
0 0 0 0 0 0 0 4803 
1 0 236 0 0 0 347 30 
0 0 0 0 0 0 543 4160 
3 0 1544 0 3 1 254 852 
0 0 0 0 0 0 0 3199 
0 0 0 1 0 0 0 5087 
0 388 0 0 65 94 2 2060 
16 0 319 28 90 11 112 353 
0 0 0 0 14 0 7904 0 
0 0 0 0 1 0 221 1588 
0 973 0 3 0 0 204 0 
0 0 0 0 0 0 0 2393 
0 1 0 0 0 0 0 2762 
0 0 0 0 0 0 4307 0 
748 947 0 0 63 0 0 1829 
8 564 0 0 11 0 0 1400 
0 0 0 0 5 2 800 14 
1 0 381 1 0 0 0 11 
3 37 0 0 0 0 670 1 
0 0 1 10 0 0 548 0 
0 0 0 0 0 0 6749 11 
1 1 0 0 0 0 0 1395 
0 0 1812 0 66 0 62 18 
14 0 0 0 0 0 186 690 
0 0 1 0 1 0 1339 0 
0 1565 0 0 1 0 6 0 
0 599 439 0 0 241 0 476 
296 0 0 3 0 22 24 0 
0 0 1 5 0 0 0 831 
0 785 0 0 2 0 94 105 
0 0 1 6 0 0 0 250 
0 0 0 0 0 0 0 935 
0 0 2608 0 0 0 0 4 
1 1 135 0 0 0 474 0 
0 0 0 0 0 0 1161 0 
0 0 0 0 0 1 309 8 
0 3 0 0 0 256 0 1 
0 0 779 0 0 24 0 0 
0 1 0 0 0 0 434 125 
0 873 0 0 15 0 0 0 
0 0 53 0 0 312 3 0 
0 0 0 0 0 0 422 621 
0 0 1037 1 0 4 0 14 
0 0 0 0 0 363 15 0 
0 0 5856 0 125 0 0 0 
0 0 0 0 0 0 24 2907 
0 0 1717 0 0 0 0 8 
0 0 2167 1 0 0 0 0 
0 2749 3 0 236 126 0 0 
0 0 0 0 0 0 5960 93 
0 0 0 0 0 0 8452 82 
0 0 0 1 0 55 216 2 
753 0 0 0 1 0 0 0 
1 23 2 0 768 0 43 0 
0 0 0 0 0 0 1 591 
3 2 1 0 0 0 865 0 
0 0 0 0 0 1 723 0 
0 123 9163 1587 1974 0 901 570 
0 0 0 0 0 13 2920 0 
0 0 0 0 0 0 21 1539 
0 0 7 0 0 0 0 136 
0 0 1 0 0 1235 1 2 
0 0 0 1 0 0 0 259 
0 0 5 0 0 0 0 506 
0 0 0 0 4 19 299 670 
417 0 0 0 0 1 1 0 
0 0 0 0 1172 186 0 0 
0 14 710 1 0 0 5 1 
1 0 0 1 0 0 3050 0 
0 0 0 0 0 0 0 4999 
3 0 4033 0 0 31 0 0 
0 14 0 3 0 53 88 5748 
0 0 1 0 0 1 4975 144 
0 0 1 0 0 0 1072 0 
0 0 0 0 1 0 0 1301 
0 1 0 3 0 0 7999 878 
0 11 613 1 0 0 0 0 
0 3 2445 0 0 0 2 42 
