0 0 0 0 0 0 11200 282 
0 0 0 0 2 0 472 20009 
0 1 9346 0 0 0 0 0 
0 47 19 238 317 0 158 0 
0 0 8940 0 1 0 5 0 
0 7864 0 0 1 0 0 0 
0 0 0 0 0 0 10585 0 
0 0 0 0 0 0 11551 396 
0 1 0 0 0 0 35403 0 
1 9 0 0 0 0 0 16777 
0 0 2414 237 41 0 0 158 
48 18442 231 0 233 3 316 350 
0 0 0 0 2380 0 0 0 
0 0 3159 0 0 43 0 0 
0 327 75 2 3 14 936 36 
2986 0 1 0 0 0 0 0 
0 0 0 0 1 1 6774 0 
0 0 18 30 37 0 9395 0 
0 0 0 0 7 0 14757 0 
0 6044 1 0 1 0 1 0 
0 0 0 0 0 1 2411 60 
0 0 0 0 0 0 78 11545 
1 0 0 0 0 1 10370 0 
0 2303 0 0 2 0 0 1 
0 0 0 886 636 0 1 0 
0 591 0 9 0 0 0 9 
1 0 0 0 0 0 7704 1010 
24 1230 79 30 58 0 607 2160 
0 0 0 0 0 0 3078 10 
1 0 6 0 104 2 245 191 
0 3652 2 0 105 0 285 99 
0 0 0 0 0 0 2 7821 
0 1 0 0 1947 0 0 0 
0 0 0 0 0 0 4188 0 
0 20 438 0 287 0 2273 106 
0 155 41 1303 900 13 2541 283 
1 57 387 0 910 331 1308 6 
0 5442 0 0 0 0 0 19 
0 0 25 520 0 0 0 0 
0 0 0 0 0 0 0 8901 
0 27 80 6 65 0 735 0 
0 0 0 0 0 0 5812 0 
11 2684 80 1 47 0 229 44 
0 0 0 0 0 0 5484 0 
0 1 7830 10 7 0 4 0 
87 4169 2605 2 687 94 3654 2305 
1 0 2 9 0 0 5721 0 
0 0 0 0 0 0 0 4766 
0 2 247 1 2 0 303 24 
0 0 0 0 7 0 902 3764 
21 84 1047 0 0 1 488 873 
1 0 0 0 0 0 0 3191 
0 0 0 0 0 0 0 6189 
0 479 157 0 182 0 492 1317 
11 152 175 10 27 0 76 479 
0 0 0 0 0 0 7671 0 
0 0 0 0 0 0 259 1548 
0 903 4 0 0 3 207 1 
0 0 0 0 0 0 0 2721 
0 0 0 0 0 0 0 2511 
0 1 0 0 0 0 4069 0 
453 640 233 0 3 43 998 1116 
0 736 53 1 0 2 176 1060 
11 1 0 0 5 0 639 0 
1 232 144 0 4 2 0 11 
0 101 0 2 0 0 629 0 
3 0 48 0 0 0 502 4 
1 0 1 0 0 0 11235 28 
0 0 0 0 0 1 0 1766 
0 28 1080 2 242 0 546 166 
14 0 0 0 0 0 603 586 
0 0 0 1 1 16 1473 0 
0 1786 0 0 0 0 0 0 
2 463 342 5 9 71 126 750 
335 0 0 0 8 0 1 2 
4 9 0 0 0 0 0 852 
42 35 4 0 9 0 0 367 
0 723 0 0 7 0 76 186 
0 39 3 1 0 0 6 207 
0 0 0 0 0 0 0 886 
0 0 2474 0 0 0 0 1 
0 0 1988 1 7 1 89 23 
27 1603 1 0 0 3 5 0 
6 13 192 5 5 12 387 1 
0 0 0 0 1 0 1124 0 
0 0 9 0 12 0 295 2 
0 0 0 0 12 235 0 7 
0 0 829 0 0 12 0 0 
0 0 0 0 0 0 559 198 
9 0 514 0 3 0 0 1 
0 557 2 3 0 0 267 330 
1 10 45 41 0 259 12 0 
0 0 0 0 5 0 647 578 
1 0 955 0 23 0 53 2 
0 0 6 0 0 344 28 0 
0 0 6110 0 90 0 0 0 
0 0 0 0 0 0 23 2875 
0 55 1640 0 24 0 10 0 
51 0 2111 0 0 3 0 0 
0 2816 0 0 250 34 9 16 
3 0 0 0 0 0 5712 298 
0 0 0 0 0 0 10188 76 
0 1 0 0 0 30 242 1 
755 0 0 0 0 0 0 0 
0 0 0 0 796 20 36 0 
0 19 0 0 0 2 0 578 
0 13 2 0 19 2 822 0 
1 0 0 0 0 0 716 0 
67 580 4761 380 1502 0 6107 1026 
0 0 0 0 0 15 2914 0 
0 0 0 2 0 0 0 1080 
0 1 0 0 0 0 0 266 
0 0 0 0 0 1253 0 0 
0 0 0 0 1 0 0 278 
0 0 21 0 0 0 3 482 
2 0 13 0 0 0 114 954 
399 2 0 2 0 2 0 0 
0 0 0 0 1166 164 0 0 
0 0 0 3 0 0 58 309 
0 30 674 0 4 13 9 1 
0 0 0 0 0 0 2370 0 
0 0 0 0 0 0 1 5044 
0 0 4148 0 0 27 0 0 
6 289 22 0 62 50 493 3953 
0 0 0 0 0 0 0 551 
0 0 0 0 0 0 5034 73 
