0 0 0 0 0 0 27732 56 
0 0 0 0 0 0 433 20500 
0 2 9236 0 0 0 0 0 
0 242 0 182 360 0 0 1 
0 0 8935 0 0 0 0 0 
0 5950 0 0 0 0 1 0 
0 0 0 0 0 0 10371 1 
0 0 0 0 0 0 10958 396 
0 0 1 0 0 0 24707 0 
0 0 0 0 0 0 1 15548 
0 0 2235 208 79 0 0 281 
1 18962 1 27 447 16 0 69 
0 0 0 0 2387 0 0 0 
0 0 3165 0 0 35 0 2 
0 287 0 3 0 0 1024 0 
3008 0 0 0 0 0 0 0 
0 1 0 2 0 0 6699 0 
1 0 16 31 36 0 9598 0 
0 0 0 2 0 0 14804 0 
0 6129 0 0 0 0 0 0 
0 0 0 0 0 0 2640 53 
0 0 0 0 0 1 52 10590 
0 2 3 0 9 0 10287 0 
3 2201 0 0 0 0 0 0 
0 0 0 876 646 0 0 0 
16 587 0 37 0 1 0 3 
0 1790 13 0 1 0 6 2329 
0 0 0 0 0 0 2444 0 
0 2 0 2 123 0 238 120 
0 3990 0 2 0 0 148 10 
0 0 0 0 0 0 1 7769 
0 0 0 0 1947 0 1 0 
0 0 0 0 0 0 4174 1 
0 4 677 0 144 1 2297 0 
1 1 34 2560 1045 52 1278 271 
0 0 326 4 1517 209 968 1 
0 5555 0 0 0 0 1 27 
4 0 21 515 0 0 0 0 
0 0 0 0 1 0 0 11562 
0 8 0 0 278 1 607 1 
0 0 0 0 0 0 5737 0 
0 5200 0 0 1 0 70 0 
0 0 0 0 1 0 5485 0 
1 0 7949 10 7 0 1 1 
0 8981 4290 0 0 264 1100 572 
0 0 9 0 0 0 5503 0 
0 1 0 0 0 0 0 4782 
0 2 205 0 0 3 365 39 
0 0 2 0 0 0 438 4259 
0 1 1472 0 0 0 344 827 
0 0 0 0 0 0 0 3190 
0 11 0 0 0 0 0 4738 
0 151 0 0 4 0 0 2467 
0 0 196 0 0 0 124 601 
0 0 0 0 52 0 7754 2 
1 0 0 0 0 0 196 1618 
0 927 10 2 0 6 231 0 
0 0 0 0 0 0 0 2431 
1 0 0 0 0 0 0 2723 
0 0 0 0 0 0 4089 0 
556 1290 0 0 0 19 0 1717 
0 778 0 0 8 0 1 1195 
3 1 0 0 0 0 784 0 
0 0 385 94 0 0 0 0 
0 114 0 0 0 0 602 0 
31 0 6 0 2 0 519 0 
0 0 0 0 0 0 6624 13 
0 0 0 0 0 0 0 1350 
0 0 1614 24 81 53 0 108 
18 0 0 0 0 0 161 723 
59 0 4 1 0 4 1305 0 
18 1616 0 0 0 0 0 1 
0 593 521 0 0 9 0 647 
343 0 0 1 0 1 0 0 
0 11 0 0 0 1 0 826 
1 790 0 10 0 0 119 66 
0 1 5 0 0 0 0 251 
0 0 0 0 0 0 0 935 
1 0 2651 0 0 0 0 0 
0 0 252 0 4 20 324 0 
0 0 0 0 1 0 1170 0 
8 0 5 0 0 0 305 0 
1 0 777 0 0 23 0 1 
0 0 0 0 0 0 399 138 
0 877 1 0 0 0 2 8 
0 0 0 0 0 368 0 0 
2 0 6 0 0 0 463 562 
16 3 1019 15 0 4 0 0 
0 1 0 1 0 619 17 0 
0 1 5863 0 98 0 0 0 
0 0 0 0 0 0 22 2983 
0 8 1718 0 0 0 0 0 
0 0 2153 0 0 0 0 0 
0 2684 0 0 379 70 0 7 
0 0 0 0 6 0 6229 67 
0 0 0 0 0 0 8516 83 
0 0 0 4 0 25 228 17 
753 0 0 0 0 0 0 0 
0 6 0 0 787 0 42 0 
0 0 0 2 0 0 1 589 
0 0 1 0 0 0 862 1 
0 0 0 0 0 0 728 0 
2 11 11834 1184 876 0 63 275 
1 0 0 0 0 22 2911 0 
0 0 0 2 0 0 15 1543 
0 0 0 0 0 1 0 142 
0 0 3 0 0 1236 0 0 
0 0 0 0 0 0 0 260 
0 0 0 0 0 0 0 500 
0 23 0 11 0 4 243 650 
401 0 0 0 1 1 16 0 
0 0 0 0 1190 168 0 0 
0 0 704 0 0 0 11 16 
0 0 0 0 0 0 3162 0 
0 3 0 0 0 0 0 5029 
1 0 4049 2 0 30 0 0 
3 3 0 0 1 45 39 5700 
0 0 0 0 0 0 4970 165 
0 0 1 6 0 0 1159 0 
0 0 0 0 0 2 0 1321 
0 0 0 0 0 0 8080 871 
0 4 621 0 0 0 0 0 
0 36 2491 31 0 0 6 0 
