0 0 0 0 0 0 25437 272 
0 0 0 0 0 0 459 20141 
0 0 9308 8 0 1 3 3 
0 102 3 203 470 0 1 0 
0 5 8963 0 0 0 1 0 
0 6189 0 0 0 0 0 0 
0 0 0 0 1 0 10523 0 
0 0 0 0 0 0 11380 370 
0 0 0 0 0 0 26466 0 
0 6 0 1 0 0 0 16384 
0 0 2377 192 31 0 0 229 
0 19111 113 1 227 0 22 93 
0 0 0 0 2378 0 0 0 
0 0 3159 0 0 42 0 0 
2 459 0 0 0 0 980 1 
3006 0 0 0 0 0 0 2 
0 0 0 1 0 0 6824 0 
0 0 22 29 37 0 9250 1 
0 0 0 0 0 0 14783 0 
0 6013 0 0 0 0 0 0 
0 1 0 0 0 0 2451 69 
0 0 0 0 0 0 63 11288 
0 0 0 1 0 0 10351 0 
0 2305 0 0 0 0 0 0 
0 0 0 928 594 0 0 0 
0 384 0 78 0 1 0 146 
0 0 0 0 0 4 7705 986 
0 1413 66 33 5 0 149 2471 
0 0 0 0 0 0 2390 0 
0 0 0 0 165 0 237 138 
0 3917 0 0 81 0 102 44 
0 0 0 0 0 0 1 7827 
0 0 0 0 1947 0 1 0 
0 0 0 0 0 0 4295 0 
1 2 406 0 264 0 2415 36 
0 44 0 2153 1272 4 1529 239 
0 0 588 3 899 331 1185 0 
0 5470 2 0 1 0 0 21 
0 0 24 520 0 0 0 0 
0 0 0 0 0 0 0 8912 
0 3 0 1 318 0 587 0 
0 0 0 0 0 0 5786 1 
0 4837 1 0 0 0 63 1 
0 0 0 0 0 0 5506 0 
0 0 7830 21 10 0 7 0 
0 6296 2884 0 388 191 2350 1504 
0 2 0 0 0 0 5836 0 
0 0 0 0 0 0 0 4750 
2 0 196 0 0 0 370 46 
0 0 0 0 0 0 704 3964 
0 0 1202 0 0 0 538 752 
0 0 0 0 0 0 0 3203 
0 0 0 0 0 0 0 6544 
1 255 30 13 121 3 181 2014 
0 0 170 17 0 0 173 584 
0 2 0 0 24 0 7819 0 
0 0 0 0 0 0 225 1584 
2 942 0 0 0 13 241 9 
0 0 0 0 0 0 0 2775 
0 0 0 0 0 0 0 2458 
0 0 0 0 0 0 4276 0 
742 1082 109 0 27 0 306 1294 
1 662 0 3 0 0 107 1238 
0 0 0 0 11 0 782 1 
7 60 163 0 147 0 0 17 
1 51 0 0 2 0 654 0 
0 0 4 16 23 1 497 16 
0 0 0 0 0 0 6768 10 
0 0 0 0 0 0 0 1823 
0 0 1380 0 301 23 69 282 
8 0 0 0 0 0 536 624 
0 0 0 0 0 16 1356 1 
0 1654 1 0 0 0 0 9 
15 561 493 0 2 104 0 593 
317 0 0 0 3 0 3 23 
0 0 2 4 0 0 0 822 
0 793 0 0 0 0 83 112 
2 58 30 0 0 26 0 141 
0 0 0 0 0 0 0 935 
1 0 2656 0 1 1 0 0 
0 3 2087 14 0 7 0 0 
0 1648 0 2 0 0 0 0 
4 0 301 0 0 0 306 0 
1 0 0 0 2 0 1106 0 
0 1 0 0 0 0 317 0 
2 0 0 0 0 251 0 1 
0 0 858 0 0 20 0 0 
0 0 0 0 0 1 535 160 
0 1 527 0 0 0 0 0 
0 797 0 17 0 19 139 53 
6 4 8 0 0 347 0 3 
0 7 0 0 0 0 283 940 
0 5 1017 0 10 1 0 0 
0 0 0 0 0 354 24 0 
5 0 5842 3 93 0 0 0 
0 0 0 0 0 0 26 2870 
0 51 1678 0 1 0 0 0 
0 2 2141 1 0 0 0 0 
0 2726 0 0 270 117 4 0 
0 3 0 1 0 0 5782 235 
0 0 0 0 0 0 8544 87 
0 0 0 0 0 49 188 37 
755 0 0 0 0 0 0 0 
0 0 0 0 807 24 28 0 
0 0 0 0 0 0 1 598 
11 0 0 0 0 0 843 1 
0 0 0 0 0 0 724 0 
100 313 6677 797 1720 0 4314 570 
0 0 0 0 0 15 2854 0 
0 0 0 1 0 1 0 1080 
1 2 1 0 0 3 0 260 
0 0 0 0 0 1237 1 1 
0 0 0 0 0 1 3 250 
1 0 0 0 0 0 0 510 
0 0 12 0 0 0 106 961 
376 0 10 0 0 0 0 19 
2 0 0 0 1139 189 0 0 
0 0 0 0 0 0 95 447 
1 0 715 0 0 1 21 0 
0 0 0 0 0 0 2720 0 
0 0 0 0 0 0 0 4545 
0 0 4198 2 0 14 0 0 
1 331 0 0 0 81 332 4569 
0 0 0 0 0 0 4956 134 
0 2 0 1 0 0 1048 0 
0 3 0 0 0 0 0 1050 
