0 0 0 0 0 0 27899 179 
0 0 0 0 0 0 414 20367 
1 0 9313 0 0 0 0 0 
4 157 2 249 362 10 0 0 
0 0 8839 0 0 1 0 0 
0 6175 2 0 0 1 0 0 
0 0 0 0 0 0 10475 2 
0 0 0 0 0 0 11179 394 
0 0 0 0 0 0 24666 0 
0 5 0 0 0 0 0 16323 
0 0 2377 193 47 0 0 204 
0 19393 11 0 123 1 29 1 
0 0 0 0 2374 0 0 0 
1 0 3156 0 0 40 0 0 
0 197 0 3 3 0 1180 0 
3006 1 1 0 0 0 0 0 
0 0 0 0 0 0 6527 0 
0 0 16 24 40 0 9548 0 
0 0 0 0 0 0 14646 0 
0 6050 0 0 0 0 1 0 
2 0 0 0 0 0 2448 66 
0 0 0 0 0 0 73 10633 
0 0 0 0 0 0 10293 0 
0 2202 0 0 0 0 2 0 
0 0 0 910 612 0 0 0 
2 424 194 0 0 1 1 22 
0 1701 0 0 0 0 0 2435 
0 0 0 0 0 0 2566 0 
0 0 0 19 129 0 253 140 
2 4009 0 0 0 0 139 0 
0 0 0 0 0 0 1 7847 
0 0 0 0 1946 0 1 0 
0 0 0 0 0 0 4188 0 
0 0 533 1 325 0 2265 0 
0 48 0 3151 799 0 1171 68 
1 0 375 0 1285 260 1103 0 
0 5567 0 0 0 0 0 25 
0 0 37 508 0 1 0 0 
0 0 0 0 0 0 0 9358 
52 0 0 0 139 7 700 0 
0 0 0 0 1 0 5844 0 
0 5045 0 0 1 0 77 0 
0 1 1 0 3 0 5566 0 
0 0 7940 8 13 1 1 5 
4 8870 2988 0 69 350 2297 657 
0 0 0 0 1 9 5450 0 
0 0 0 0 0 0 0 4789 
6 0 229 0 1 0 332 46 
0 0 0 0 0 0 575 4145 
0 23 1714 0 0 0 322 602 
0 0 0 0 0 0 0 3203 
0 1 0 0 0 0 0 6176 
0 686 0 5 27 0 0 1902 
40 0 177 0 1 0 201 511 
0 0 0 0 21 0 7869 0 
0 0 0 0 0 0 245 1565 
15 1023 0 0 0 0 134 4 
0 0 0 1 0 0 0 2404 
0 0 0 0 0 0 0 2750 
0 0 0 0 0 0 4216 0 
618 1283 0 0 0 9 0 1665 
12 848 0 3 14 44 8 1053 
0 0 1 0 0 0 787 0 
0 0 338 0 49 7 0 0 
0 79 14 0 0 0 621 0 
0 0 43 0 1 0 513 0 
0 0 0 0 0 0 6419 10 
0 0 0 0 0 0 0 1372 
0 0 1627 8 105 0 108 92 
16 3 0 0 0 0 155 717 
2 4 0 5 3 0 1358 2 
0 1543 0 0 13 1 0 0 
0 542 410 81 0 159 1 559 
340 0 0 0 0 0 0 5 
0 2 0 0 9 0 0 824 
0 883 1 0 5 0 64 33 
0 0 0 0 0 11 0 246 
3 0 0 0 0 0 0 932 
0 0 2602 0 0 2 0 0 
1 1 2221 49 2 9 5 0 
0 0 274 1 3 0 321 12 
0 0 1 0 0 0 1147 0 
3 0 40 0 6 23 245 1 
0 2 0 0 0 258 0 0 
3 0 742 0 0 32 4 0 
0 0 0 0 1 0 546 149 
12 845 2 0 0 2 0 27 
0 0 0 0 0 362 0 6 
0 0 0 0 0 3 372 668 
1 0 1032 0 0 0 0 0 
0 0 0 0 1 359 18 0 
0 8 5849 0 91 35 0 0 
0 0 0 0 0 0 26 2891 
0 3 1722 0 0 0 0 0 
0 0 2164 0 0 0 1 4 
0 2683 0 16 283 150 0 0 
0 0 0 0 0 0 5998 115 
0 0 0 0 0 0 8456 115 
6 0 6 1 0 26 230 5 
754 0 0 0 0 0 0 0 
0 0 0 0 812 0 50 0 
0 0 3 0 0 0 2 587 
3 0 0 2 0 2 848 0 
0 0 0 0 0 0 724 0 
0 266 9988 1419 1715 13 831 309 
0 0 0 0 0 13 2921 0 
0 0 0 0 0 0 12 1548 
0 6 0 0 1 0 0 136 
2 1 0 0 0 1234 0 2 
0 0 0 0 0 0 0 260 
0 0 0 0 0 0 0 511 
0 1 0 0 0 0 476 537 
418 1 0 0 0 0 0 0 
0 0 0 1 1129 200 0 0 
0 0 680 22 0 0 5 24 
0 0 0 0 0 0 3001 0 
0 0 0 0 0 0 0 5024 
0 0 4042 1 0 17 0 3 
2 4 0 0 0 90 112 5574 
0 1 0 0 0 1 4961 160 
0 0 0 3 0 0 1075 0 
0 0 0 0 0 0 0 1302 
2 0 0 0 0 2 7982 1015 
0 3 621 0 0 0 0 1 
