0 0 0 0 0 27815 17 0 
0 0 0 0 0 20498 193 0 
0 0 0 47 403 5195 3674 1 
0 685 98 0 0 0 0 1 
1378 0 0 0 0 0 0 7463 
470 0 1 0 0 0 0 5701 
0 1299 163 13 3 3886 101 5012 
11383 0 0 0 0 0 0 203 
0 0 0 1 0 24654 0 0 
309 16007 0 7 0 0 10 0 
0 0 0 0 0 253 246 2327 
0 0 81 0 64 10352 8778 300 
0 0 1 0 0 8 20 2345 
2 0 0 1619 1534 0 32 10 
1 0 0 0 0 952 429 1 
0 2631 0 0 0 365 9 3 
320 6192 0 0 1 0 0 19 
0 0 8100 1 1440 67 0 4 
1 0 0 0 0 14676 0 0 
0 0 0 4 0 6047 0 0 
0 0 1658 17 209 1 631 0 
1 17 0 2 325 10265 95 0 
1 10302 0 0 1 0 0 0 
2204 0 0 0 0 0 0 0 
0 0 1520 0 0 2 0 0 
0 39 605 0 0 0 0 0 
0 0 54 0 0 0 3231 860 
0 1 1 0 0 0 0 2564 
0 0 0 1 0 0 0 540 
0 0 0 0 0 0 4142 8 
7851 2 0 1 0 0 0 0 
0 1944 2 0 0 0 1 0 
0 5 0 0 3770 252 160 0 
3123 0 1 0 0 0 0 0 
789 0 0 0 1 0 0 4447 
0 0 0 1 0 0 63 2960 
0 0 2 0 0 0 4757 829 
0 2 0 0 18 273 253 0 
100 4612 23 172 7 2262 561 1620 
0 21 0 0 0 0 73 804 
136 4821 1 0 14 86 52 729 
0 0 0 0 1 0 0 5122 
0 2 5580 0 0 0 0 0 
0 0 0 0 109 7813 2 0 
0 0 0 0 13 15199 3 10 
0 853 4401 0 0 0 3 208 
0 4791 0 0 0 1 2 0 
613 0 0 0 1 0 0 0 
0 0 418 0 0 4313 0 0 
0 0 0 1 0 73 2581 0 
1 0 3195 1 0 1 0 0 
0 6166 0 4 0 1 0 0 
0 0 0 0 0 0 2610 0 
0 0 0 1 0 0 108 821 
0 0 2 0 0 7888 0 0 
0 4 1631 168 0 4 0 3 
0 0 0 0 1 0 388 787 
9 19 0 2 0 708 1535 131 
109 0 0 251 50 387 1883 70 
0 0 0 0 1 4281 0 0 
0 0 0 0 0 3575 0 0 
215 0 0 1 0 0 0 1767 
16 769 1 1 0 2 0 0 
0 393 0 0 0 1 0 0 
0 0 0 0 0 0 0 714 
0 0 0 0 0 0 341 216 
0 0 0 0 4 6502 0 0 
0 0 80 3 1 0 1281 7 
0 0 0 0 0 3 179 1758 
2 1 1 2 0 0 0 885 
0 1362 0 12 0 0 0 0 
0 0 0 0 0 2 0 1561 
0 0 28 0 9 1714 0 1 
0 56 271 3 12 2 0 1 
0 175 0 67 0 589 0 4 
1 0 0 0 0 0 0 985 
91 0 24 49 0 2 85 5 
41 0 13 0 4 65 248 564 
0 0 0 0 0 0 662 1943 
0 0 0 0 0 0 11 2276 
0 0 2 0 0 2 106 501 
7 805 0 0 5 0 21 310 
0 0 54 19 15 177 53 0 
237 23 0 0 0 0 0 0 
0 0 0 0 1 813 0 0 
0 15 659 1 0 0 21 0 
0 0 0 4 0 0 0 884 
0 1 0 0 0 0 367 0 
0 0 0 0 0 0 1043 0 
0 0 22 21 839 151 0 0 
2 0 361 13 2 0 0 0 
2 0 0 0 0 0 49 5930 
2908 2 0 0 0 1 0 0 
0 1725 0 0 0 0 0 0 
0 0 2 0 0 0 2167 0 
0 0 0 0 1491 1628 0 0 
6083 0 0 1 0 0 16 0 
0 0 0 0 0 8654 0 0 
1 0 0 0 1 0 271 1 
0 0 1 0 0 753 0 0 
0 0 0 0 0 55 155 652 
0 0 597 0 0 0 0 0 
190 273 6 323 0 63 0 0 
77 0 0 0 0 1 646 0 
0 0 0 0 0 0 0 14541 
216 0 27 26 10 0 2606 49 
1 1 0 0 1558 0 0 0 
0 21 25 0 24 49 0 23 
0 0 0 0 35 0 400 804 
0 0 0 0 0 7 153 100 
0 0 0 0 0 0 251 260 
0 1020 0 0 0 0 0 0 
0 0 8 0 0 0 0 411 
0 0 0 0 0 380 950 0 
0 0 3 0 1 0 360 367 
374 412 1040 87 45 394 36 613 
0 0 0 0 0 4 5020 0 
0 0 0 0 0 0 4056 13 
0 0 0 0 5 5867 0 0 
0 105 14 12 0 4183 810 0 
0 0 0 0 0 0 38 1040 
0 1 0 0 5 19 1277 0 
0 8980 0 0 0 1 0 3 
600 0 0 0 0 2 0 24 
