0 0 0 0 0 0 26217 256 
0 1 0 0 0 0 439 20088 
0 0 9323 1 0 0 1 0 
0 67 3 282 425 2 0 0 
0 0 8939 4 4 0 4 0 
0 6175 0 0 2 2 0 0 
0 0 0 0 0 0 10493 0 
0 2 0 0 0 0 11261 408 
0 0 0 0 0 0 25959 0 
0 8 0 0 0 0 2 16481 
0 0 2483 149 66 0 0 179 
1 19291 38 0 121 0 44 75 
0 0 0 0 2379 1 0 0 
0 0 3167 0 0 34 0 0 
0 425 1 0 0 0 1006 0 
3005 0 0 0 2 0 0 1 
0 3 0 0 2 0 6642 0 
0 0 10 42 28 0 9391 2 
0 0 0 0 0 0 14722 0 
0 6011 0 0 0 0 0 0 
0 0 0 0 0 4 2453 86 
0 0 0 0 0 0 60 11352 
0 0 0 0 0 0 10254 0 
0 2299 1 1 0 0 3 0 
0 0 0 867 654 1 0 0 
6 434 6 8 0 5 2 148 
0 1404 65 79 13 0 130 2439 
0 0 0 2 0 0 2575 0 
0 0 3 13 153 0 251 119 
0 4047 1 0 38 0 61 0 
0 0 0 0 0 0 1 7744 
0 1 0 0 1946 1 0 0 
0 0 0 0 0 0 4271 0 
1 0 504 0 297 0 2278 44 
0 1 0 2124 1324 0 1653 142 
0 0 486 0 998 439 1084 0 
0 5472 0 0 0 3 0 19 
0 1 19 525 0 0 0 0 
1 0 0 0 0 0 0 8913 
0 0 0 0 334 0 566 0 
0 2 0 0 0 0 5795 0 
0 4991 1 2 0 1 57 0 
0 0 0 0 0 0 5460 1 
0 0 7862 8 8 0 1 0 
14 6362 2819 47 410 230 2239 1502 
0 1 0 0 0 0 5715 0 
0 2 1 0 1 0 0 4773 
0 0 210 0 2 0 359 43 
0 0 0 2 0 0 810 3824 
2 0 1344 2 0 0 453 794 
0 0 0 0 0 0 0 3203 
0 0 0 3 1 0 1 6493 
0 228 50 3 1 0 100 2244 
3 0 170 11 3 0 159 598 
0 0 0 1 21 0 7838 0 
0 0 0 0 0 0 216 1594 
0 998 0 0 2 1 206 0 
0 0 2 0 0 0 0 2756 
0 0 0 0 0 0 0 2491 
0 0 0 0 0 0 4310 0 
726 1142 30 0 0 0 134 1547 
0 673 1 0 0 0 56 1281 
0 1 0 0 9 1 773 0 
0 13 215 0 137 4 1 24 
0 79 0 0 0 0 629 0 
0 0 0 37 16 0 504 0 
0 0 0 0 0 0 6525 15 
0 0 0 0 0 0 0 1749 
2 0 1254 0 179 40 153 429 
10 0 0 0 0 0 255 706 
0 0 26 0 0 0 1347 0 
1 1593 0 0 0 0 0 0 
0 452 493 0 0 147 0 676 
334 2 0 0 1 0 0 8 
1 0 0 0 0 0 0 829 
0 744 0 0 1 0 146 95 
0 111 0 0 0 0 0 145 
0 0 0 0 0 0 0 935 
0 0 2648 1 0 0 0 2 
2 0 2110 7 0 0 1 0 
0 1649 0 0 0 0 0 6 
0 0 339 0 0 0 272 0 
0 0 0 0 0 0 1152 0 
8 1 4 0 0 0 305 0 
0 0 0 0 6 248 0 0 
0 1 853 0 0 13 0 0 
0 0 1 0 1 0 547 147 
0 0 527 0 0 0 0 0 
0 708 0 3 0 111 131 2 
0 0 0 0 0 366 0 2 
0 0 1 0 0 0 379 736 
1 0 1029 0 3 0 0 0 
0 0 0 0 0 361 14 3 
5 0 5797 0 97 0 0 0 
0 0 1 0 0 0 16 2963 
1 84 1641 0 0 4 0 0 
0 0 2140 4 0 0 0 0 
0 2607 16 1 376 110 12 0 
0 0 0 0 0 0 5833 248 
0 0 0 0 0 1 8561 77 
0 0 0 1 0 27 242 4 
753 0 0 0 0 1 1 0 
1 1 0 0 802 2 38 15 
0 0 1 0 0 4 1 593 
0 3 11 0 3 0 842 0 
0 0 0 0 0 0 724 0 
210 308 6713 1108 1649 0 3795 707 
0 0 0 1 1 14 2901 0 
0 0 0 0 0 0 0 1082 
0 1 0 1 0 0 0 265 
2 0 1 0 0 1234 0 2 
0 0 1 0 0 0 0 253 
0 1 0 0 0 0 0 499 
0 0 0 0 0 0 140 858 
407 0 1 0 11 0 0 0 
0 0 1 0 1133 196 0 0 
0 1 0 0 1 0 48 492 
0 0 717 0 9 0 5 0 
0 0 0 0 0 0 2763 0 
0 0 0 0 0 0 0 4659 
0 0 4092 0 0 17 2 0 
0 166 0 1 0 204 321 4603 
0 0 0 0 0 0 4934 162 
0 0 0 0 0 0 1065 0 
0 0 0 0 0 0 0 1121 
0 0 0 2 0 4 7932 990 
