0 0 0 0 0 1 27609 85 
0 0 0 0 0 0 425 20438 
0 0 9248 0 0 0 1 0 
0 188 0 281 307 0 9 0 
0 0 8890 0 0 0 0 0 
0 6086 0 0 0 0 0 0 
0 0 0 0 0 0 10388 4 
0 0 0 0 0 0 11086 373 
0 0 0 0 0 0 24899 1 
0 0 0 0 0 0 0 15585 
0 0 2349 205 46 0 0 233 
0 19211 0 31 177 28 76 0 
0 0 0 0 2382 1 0 10 
0 0 3162 0 0 39 0 1 
0 172 0 0 0 0 1129 45 
3003 0 0 0 5 0 0 0 
1 0 0 0 4 0 6741 0 
0 0 20 44 43 0 9517 0 
0 0 0 0 0 0 14810 0 
0 6079 0 0 0 0 0 0 
1 0 0 0 0 0 2620 72 
0 1 0 0 0 0 57 10571 
0 0 0 0 0 0 10315 0 
0 2206 0 0 1 0 0 0 
0 2 0 870 646 0 4 0 
0 625 8 1 0 0 10 0 
0 1915 0 0 0 0 0 2227 
0 0 0 0 0 0 2436 0 
1 0 0 0 151 2 192 139 
1 3992 17 0 1 64 74 3 
0 0 0 0 0 0 2 7805 
0 0 0 0 1945 0 2 0 
0 0 0 0 0 0 4175 0 
2 0 462 0 220 0 2445 0 
17 1 1 2460 1294 0 1276 192 
0 0 245 0 1416 397 966 0 
0 5572 0 0 0 0 0 16 
0 0 38 508 0 0 0 0 
0 0 0 0 0 0 0 11838 
0 0 0 0 91 0 752 56 
0 0 0 0 0 0 5687 0 
0 5151 0 0 0 1 37 18 
0 0 0 0 0 0 5550 0 
0 0 7946 8 5 0 3 1 
0 8733 3617 0 0 361 1605 979 
0 0 0 0 0 1 5498 0 
1 0 0 0 0 0 0 4713 
0 0 155 0 0 0 432 27 
0 0 12 1 0 0 415 4274 
0 3 1634 12 8 0 172 805 
0 0 0 0 0 0 0 3198 
0 8 0 0 0 0 0 4510 
0 316 0 0 0 0 0 2296 
0 0 81 0 5 0 208 635 
0 0 0 0 15 0 7824 0 
0 0 0 0 0 0 213 1593 
0 939 0 0 0 6 229 6 
0 0 0 0 0 0 0 2389 
0 2 0 0 0 0 0 2765 
0 0 0 0 0 0 4120 0 
551 1005 0 0 3 0 0 2016 
5 763 10 0 4 0 0 1201 
0 0 0 1 8 2 805 0 
0 0 70 231 0 0 84 93 
0 101 0 0 0 0 615 0 
0 0 0 0 0 0 558 0 
0 1 0 0 0 0 6685 12 
0 0 0 0 0 0 0 1338 
0 0 1884 0 0 0 2 0 
12 0 0 0 0 0 185 716 
0 0 5 0 0 0 1340 0 
0 1559 0 0 0 2 0 0 
6 535 448 2 0 119 0 639 
343 0 0 0 0 2 0 0 
0 1 0 0 0 0 4 830 
15 817 0 0 0 0 79 77 
28 0 0 0 4 0 6 218 
0 0 0 1 0 0 0 931 
1 0 2663 0 0 0 0 0 
0 0 216 0 9 30 356 0 
0 0 0 0 0 0 1158 0 
0 1 0 3 2 0 312 0 
0 0 776 0 0 15 0 0 
0 0 0 0 0 0 396 141 
0 882 6 0 0 0 0 1 
0 0 0 0 1 365 2 0 
0 57 0 1 0 0 324 661 
0 0 1057 0 0 0 0 0 
0 0 0 0 0 599 39 0 
2 0 5842 0 71 5 0 0 
1 0 0 0 0 0 26 2941 
0 0 1700 0 1 22 2 0 
0 0 2151 0 1 0 1 0 
2 2689 0 0 371 61 0 6 
0 0 0 0 0 2 6102 111 
0 0 0 0 1 0 8305 98 
6 0 0 7 0 31 224 6 
751 0 0 0 1 0 0 1 
0 0 4 0 784 0 36 5 
1 0 0 0 0 0 1 590 
0 0 0 0 1 0 850 0 
0 0 0 1 0 0 723 0 
8 5 9862 1712 2195 0 47 450 
0 0 0 0 0 12 2921 0 
0 0 0 0 0 1 15 1544 
0 6 0 0 0 0 0 137 
1 0 1 0 0 1233 4 0 
0 0 1 0 0 0 0 259 
0 1 1 0 1 0 0 497 
0 17 0 14 36 0 366 499 
399 0 7 10 0 0 1 2 
0 0 2 0 1195 161 0 0 
3 0 702 0 0 2 16 8 
0 0 0 0 0 0 3108 0 
1 0 0 0 0 0 0 5055 
0 0 4065 0 1 26 0 0 
0 3 0 0 0 36 38 5772 
0 0 0 0 0 2 4941 185 
2 0 0 0 0 0 1156 0 
0 0 0 0 1 0 1 1300 
0 1 1 0 0 0 8008 937 
0 0 614 5 0 0 6 0 
0 0 2546 0 8 0 0 0 
