0 0 0 0 0 27364 14 0 
1 0 0 1 0 20527 216 0 
0 0 1 43 372 5217 3650 7 
1 674 106 3 0 0 1 0 
1379 0 0 0 0 0 1 7490 
416 0 0 3 2 1 3 5590 
2 820 137 21 8 4124 119 5220 
11256 0 0 0 0 0 4 242 
1 0 0 0 0 24726 0 2 
291 15414 2 0 0 18 0 2 
0 0 0 0 0 177 298 2370 
0 1 107 3 48 10318 8720 291 
0 0 0 0 0 0 33 2347 
0 0 0 1666 1535 0 1 0 
0 0 0 0 0 937 432 0 
8 2568 0 5 0 426 1 0 
249 6480 0 0 0 10 3 1 
0 0 8063 0 1473 69 0 22 
0 0 0 0 0 14727 0 0 
0 1 0 2 0 6085 0 0 
0 0 1890 0 163 0 624 0 
0 0 2 0 279 10214 108 0 
0 10313 0 0 2 0 2 0 
2206 0 0 1 0 0 0 0 
0 1 1520 0 0 0 1 0 
6 0 633 2 0 0 3 0 
0 0 31 0 1 0 3263 839 
0 2 0 0 0 0 0 2430 
0 0 0 0 0 0 0 498 
0 0 0 0 0 0 4140 7 
7838 0 0 0 0 0 0 0 
48 1844 1 4 0 50 0 0 
0 46 0 0 4137 0 0 0 
3129 0 0 0 0 0 0 0 
800 2 0 0 0 0 1 4440 
0 0 0 0 0 0 55 2969 
0 1 0 0 3 0 4704 884 
0 8 0 9 0 0 528 0 
104 9256 442 62 7 1338 255 324 
0 23 0 0 0 2 76 795 
2 5732 2 7 6 1 0 0 
0 0 0 0 0 0 0 5207 
2 3 5526 0 0 0 0 1 
0 0 0 1 85 7847 0 0 
0 0 0 0 11 15285 2 6 
0 1276 4175 0 0 9 0 49 
2 4770 0 0 1 0 0 0 
613 0 0 0 0 0 0 1 
0 1 404 1 0 4309 0 0 
0 0 0 0 0 78 2573 0 
1 0 3186 0 0 0 0 0 
0 4365 1 0 1 0 0 0 
1 0 0 0 0 0 2628 0 
2 0 0 0 0 0 104 823 
0 0 8 3 0 7848 2 0 
1 0 1650 165 2 0 0 0 
0 0 0 0 0 0 391 793 
0 10 0 71 11 306 1817 174 
15 0 0 0 11 536 2203 2 
0 0 0 0 0 4234 0 0 
0 0 0 0 0 3574 0 0 
193 0 0 0 0 0 0 1790 
0 788 0 0 0 0 0 0 
0 391 2 1 0 0 0 0 
0 0 1 0 1 0 0 709 
0 5 0 5 0 2 431 114 
0 0 0 1 0 7002 0 0 
0 0 0 0 0 0 1360 0 
0 1 0 0 0 0 173 1787 
0 8 0 0 0 0 1 896 
0 1358 0 11 0 4 0 0 
0 0 0 0 0 0 0 1628 
0 1 28 0 15 1713 1 0 
0 162 13 0 0 81 0 89 
0 209 3 121 5 499 0 0 
0 0 0 0 0 0 0 986 
7 2 3 54 1 0 189 0 
40 0 12 39 394 112 16 319 
0 0 0 0 1 0 646 1951 
0 0 0 0 0 0 107 504 
1 817 0 1 3 0 0 347 
0 0 124 122 25 0 47 0 
0 0 0 0 0 790 1 0 
7 0 526 0 0 0 0 4 
1 0 0 0 0 0 0 879 
0 0 0 0 0 0 368 0 
0 0 0 0 2 0 1041 0 
0 0 28 10 859 158 1 1 
27 0 564 0 38 0 0 9 
0 0 0 0 0 2 61 5897 
2936 0 1 0 0 0 0 0 
1 1723 0 1 0 0 0 0 
0 1 2 0 0 0 2165 0 
0 0 0 0 1474 1652 0 0 
6144 2 0 0 1 2 24 0 
0 0 0 0 0 8548 0 1 
0 0 0 0 0 0 274 0 
1 0 0 0 0 752 0 0 
0 0 0 0 1 56 58 714 
0 0 591 0 0 0 1 0 
83 408 0 194 91 0 0 89 
1 0 45 41 0 0 637 0 
0 0 0 0 0 0 0 14254 
2 3 16 0 128 0 2784 0 
0 0 5 0 1555 0 0 0 
3 70 3 1 0 66 0 0 
0 1 2 0 23 0 428 785 
0 0 0 0 8 18 117 117 
0 0 0 0 0 0 242 258 
0 1008 0 0 0 0 0 0 
0 0 0 0 0 0 0 419 
0 0 0 0 0 302 1056 0 
0 0 0 0 0 0 346 385 
308 3 581 0 39 198 17 1964 
0 0 0 0 0 0 5021 7 
0 0 0 0 1 0 4050 22 
0 0 0 0 0 5952 0 0 
13 105 102 0 0 4413 504 0 
0 0 0 0 0 0 38 1077 
1 0 0 0 1 31 1279 0 
0 8861 0 0 0 0 1 0 
585 0 0 0 0 1 0 39 
2 0 0 0 0 0 11 2510 
