0 0 0 0 0 27639 16 0 
0 0 0 0 0 20678 208 0 
0 0 0 42 405 5402 3377 1 
0 689 92 0 0 3 1 0 
1482 0 0 0 0 0 0 7498 
388 1 0 0 0 0 3 5448 
0 864 136 4 3 4319 115 4931 
11223 0 0 0 0 2 0 225 
0 0 0 0 0 24786 0 0 
418 15177 0 3 0 0 0 0 
0 0 0 0 0 178 304 2368 
0 0 93 0 38 10432 8672 291 
0 1 0 0 0 0 17 2375 
0 19 0 1333 1843 6 0 1 
0 0 0 0 1 881 437 0 
0 2714 0 1 0 292 1 0 
0 6644 9 0 4 0 0 15 
0 0 8227 0 1382 62 0 9 
0 0 0 0 0 14669 1 1 
0 7 0 0 0 6087 26 0 
0 0 1725 0 191 0 777 0 
0 0 0 0 294 10273 80 0 
0 10313 0 0 0 0 0 0 
2206 0 0 0 0 0 0 0 
0 0 1519 0 0 0 3 0 
0 0 619 0 21 0 4 0 
0 0 37 0 0 0 3286 820 
1 0 0 1 0 0 0 2442 
0 0 0 0 0 0 0 485 
0 0 0 0 0 0 4142 7 
7735 1 0 0 0 1 0 1 
1 1939 0 0 4 0 2 2 
0 0 2 81 4063 0 29 0 
3124 0 0 0 0 0 0 0 
802 0 0 0 0 0 0 4442 
0 0 0 0 0 0 64 2953 
1 1 1 0 0 3 4623 960 
4 0 0 0 0 116 420 0 
1 10374 0 0 75 1121 0 2 
1 19 0 0 4 0 69 802 
0 5745 0 0 4 22 0 0 
0 0 2 0 0 0 0 5381 
0 0 5530 1 0 0 0 0 
0 0 0 0 108 7870 0 1 
0 0 0 0 7 15201 3 4 
0 1169 4210 0 10 59 1 21 
2 4723 5 0 0 0 0 0 
598 0 0 12 0 0 4 0 
1 3 488 0 0 4207 0 0 
0 0 0 0 1 77 2566 0 
0 0 3192 0 0 0 0 0 
0 4742 0 2 0 0 0 0 
0 0 0 0 0 0 2619 0 
0 0 0 0 0 0 94 824 
0 3 1 1 0 7873 0 0 
0 0 1624 189 0 0 0 0 
0 0 0 0 0 0 419 756 
0 295 0 1 28 120 1976 12 
0 0 0 0 117 47 2549 27 
0 0 0 0 0 4256 0 0 
0 0 0 0 0 3586 0 0 
205 0 0 0 0 1 2 1776 
0 803 0 8 2 0 3 0 
0 479 0 0 0 0 0 0 
0 0 0 0 0 0 0 716 
0 5 0 0 2 1 334 216 
0 0 1 0 1 6708 0 4 
1 0 0 0 0 0 1349 0 
1 0 0 0 0 2 163 1731 
0 0 20 0 0 1 0 881 
0 1339 6 0 0 0 0 0 
0 0 0 0 0 0 3 1627 
0 0 57 0 9 1694 1 0 
5 74 48 4 9 1 0 204 
0 124 0 36 0 672 0 5 
0 0 0 0 0 0 0 986 
0 7 0 0 17 49 99 84 
135 1 0 0 431 188 85 95 
0 0 0 0 0 0 761 1899 
0 0 0 0 0 0 115 485 
4 787 0 0 0 1 0 379 
5 0 153 0 0 14 146 0 
0 0 0 0 0 803 0 0 
13 0 504 1 16 3 0 0 
0 0 0 2 3 0 0 883 
0 0 0 0 0 0 368 0 
0 0 0 0 0 0 1033 0 
2 0 28 12 864 151 0 0 
12 2 591 0 0 33 0 0 
0 0 0 0 0 0 50 5864 
3033 0 0 0 0 0 0 4 
0 1725 1 0 0 0 0 0 
0 0 0 0 0 0 2153 0 
0 0 0 0 1488 1652 0 0 
6189 0 0 0 2 1 14 0 
0 0 2 0 0 8481 0 0 
0 0 0 0 1 0 268 5 
0 0 0 0 0 752 0 1 
0 0 0 0 0 50 72 715 
0 0 591 0 1 0 0 0 
238 430 15 141 0 0 4 39 
0 163 12 535 0 12 2 0 
0 0 0 0 0 0 0 14182 
0 0 0 10 0 6 2917 1 
0 0 0 0 1560 0 0 0 
35 1 61 1 24 0 0 21 
0 0 0 0 25 0 401 813 
47 0 37 22 6 0 22 126 
0 0 0 0 0 0 287 213 
0 925 0 0 0 0 0 0 
0 0 0 0 0 0 0 419 
0 0 0 0 0 334 1024 0 
0 1 0 0 6 0 365 359 
341 305 561 0 6 573 0 1379 
0 0 1 0 0 0 5040 0 
0 2 0 0 0 0 4068 12 
0 0 0 0 0 5834 0 0 
6 1 376 1 0 4598 143 0 
0 0 0 0 0 0 29 1137 
0 8 0 0 0 42 1247 0 
0 8935 1 0 0 0 0 0 
589 0 0 0 0 0 0 36 
1 1 0 1 0 0 13 2540 
