0 0 0 0 2 27763 13 5 
0 0 0 0 0 20704 176 0 
0 0 1 40 422 5204 3574 1 
0 646 130 0 0 9 0 0 
1560 0 2 0 0 0 0 7367 
417 0 0 1 0 0 0 5513 
0 976 231 0 0 3942 116 5107 
11167 0 0 0 0 1 0 214 
0 0 1 0 0 24797 0 0 
388 15153 0 7 2 2 0 0 
0 1 1 0 0 176 268 2399 
0 0 102 0 52 10480 8672 229 
0 0 0 0 0 0 18 2369 
0 19 2 1426 1734 0 0 21 
0 0 0 0 0 896 418 0 
9 2635 8 0 0 356 0 0 
0 6672 12 0 0 0 0 11 
5 0 8218 0 1385 64 0 11 
0 0 0 1 0 14726 0 0 
0 0 0 2 1 6128 3 0 
39 0 1688 0 151 0 815 0 
0 0 0 0 398 10151 122 0 
0 10334 0 0 5 0 0 0 
2201 0 1 0 0 2 0 0 
0 0 1522 0 0 0 0 0 
0 0 559 0 83 0 2 0 
0 0 29 1 0 0 3314 800 
1 0 1 2 0 0 0 2440 
0 0 0 0 0 0 0 485 
0 0 0 0 0 0 4147 6 
7748 4 0 0 0 0 0 0 
0 1946 0 0 0 0 2 0 
0 0 7 117 4022 0 29 0 
3124 0 0 0 0 0 0 0 
779 0 1 0 0 0 0 4464 
0 0 0 0 0 0 70 2955 
0 0 0 0 0 4 4652 923 
2 0 1 0 2 55 480 0 
0 10704 0 2 109 758 8 0 
0 21 0 0 0 0 56 818 
15 5714 0 0 0 13 0 0 
0 0 0 0 0 0 0 5289 
3 0 5494 0 0 0 3 0 
0 0 0 0 78 7875 0 0 
0 0 0 0 8 15182 4 3 
0 1242 4209 0 14 12 0 20 
0 4792 0 0 0 0 0 0 
614 0 0 0 0 0 0 0 
0 0 474 0 0 4226 0 0 
0 0 0 0 0 88 2556 0 
0 0 3182 0 0 1 0 0 
0 4716 0 0 0 0 0 0 
0 0 0 0 0 0 2619 0 
0 0 0 0 6 0 122 793 
0 0 0 0 1 7838 0 0 
1 0 1640 174 0 2 0 0 
0 0 0 0 0 0 412 768 
0 349 0 0 22 70 1982 9 
9 0 1 0 53 21 2640 0 
0 0 0 0 0 4223 0 0 
0 0 0 2 0 3576 0 0 
193 0 3 0 0 0 0 1786 
0 813 1 1 0 0 1 0 
0 478 0 0 0 1 0 0 
0 0 1 0 0 0 0 715 
0 11 2 0 0 0 331 213 
0 0 0 3 0 6629 0 0 
1 0 0 0 1 0 1370 0 
0 0 0 0 0 0 170 1741 
0 0 3 3 5 15 0 876 
4 1338 0 1 0 2 0 0 
0 0 0 0 0 0 0 1637 
3 0 26 0 16 1725 0 0 
0 21 41 0 2 0 0 281 
0 169 0 43 0 622 2 1 
0 0 0 0 0 0 0 986 
0 4 0 2 0 52 23 175 
93 0 0 0 494 224 50 74 
1 0 0 0 0 2 884 1776 
0 0 0 0 0 0 130 470 
0 808 0 0 7 0 0 356 
3 0 200 1 8 0 106 0 
2 0 0 0 0 812 0 0 
29 0 501 0 2 0 0 5 
0 2 0 0 0 10 0 876 
0 0 0 1 0 0 367 0 
0 0 0 0 1 0 1032 0 
0 0 28 15 849 165 0 0 
6 0 527 0 1 102 0 2 
0 0 0 1 0 0 49 5869 
3023 0 0 0 0 0 0 0 
0 1724 2 0 0 0 0 0 
0 0 0 1 0 0 2152 0 
0 0 0 0 1542 1590 0 0 
6260 0 0 0 0 0 14 0 
0 0 0 0 0 8439 0 0 
0 0 7 0 4 0 263 0 
0 0 0 0 1 751 1 0 
1 0 0 0 2 72 70 690 
0 0 597 0 0 0 0 0 
260 254 10 179 5 7 0 148 
0 226 6 437 1 52 2 0 
0 0 0 0 0 0 0 14219 
0 0 5 0 0 1 2928 0 
2 0 1 0 1551 0 6 0 
59 0 47 0 3 0 2 32 
0 0 0 0 35 0 412 792 
90 2 16 12 7 9 10 114 
3 3 0 0 0 0 220 269 
0 928 0 0 0 0 3 0 
0 0 11 1 0 0 0 407 
0 0 0 1 0 340 1017 0 
0 0 8 0 0 0 350 373 
333 235 651 0 0 778 7 1158 
0 0 0 0 0 0 5024 0 
1 0 0 0 0 0 4066 15 
0 0 0 0 0 5818 0 0 
31 2 514 0 7 4402 179 0 
3 0 0 0 0 0 39 1124 
0 0 1 0 0 38 1267 7 
0 8915 0 0 0 0 0 0 
599 0 1 0 0 0 0 25 
0 0 0 0 1 0 17 2536 
