0 0 0 0 0 0 18968 346 
0 0 2 0 0 0 466 20000 
0 5 9279 2 0 0 0 0 
0 108 12 319 334 0 3 3 
1 0 8953 0 0 0 0 0 
0 6983 0 0 0 0 0 0 
3 0 0 0 0 2 10603 0 
0 0 0 1 0 1 11405 392 
0 0 1 0 0 0 29390 0 
0 9 0 0 0 0 0 16608 
0 9 2379 261 30 0 0 171 
31 18766 205 7 162 0 107 347 
7 2 0 0 2362 0 0 2 
0 0 3162 0 0 36 0 0 
20 325 14 0 0 0 992 52 
2986 0 0 0 0 0 0 1 
0 0 0 0 0 0 6764 0 
0 1 12 24 41 0 9283 0 
0 0 0 0 0 0 14663 0 
0 6076 0 0 0 0 0 0 
0 0 0 0 1 0 2434 61 
0 0 0 0 0 0 65 11566 
0 6 0 0 0 0 10353 0 
0 2281 1 0 10 13 0 0 
0 0 0 895 627 0 1 0 
0 526 0 1 0 6 0 76 
0 0 1 0 0 0 7831 911 
0 1302 68 49 0 0 241 2520 
0 0 0 0 0 0 3080 8 
0 0 0 0 190 14 178 167 
0 3547 0 0 90 0 306 194 
0 0 0 0 0 0 1 7725 
0 0 0 2 1946 0 0 0 
0 0 0 0 0 0 4219 0 
0 11 478 0 319 0 2220 96 
0 84 35 1537 1110 0 2163 311 
0 3 400 0 1052 175 1366 0 
0 5428 0 0 0 0 0 44 
0 0 25 519 1 0 0 0 
0 0 0 0 0 1 0 8912 
0 0 34 13 105 0 722 37 
0 0 0 0 0 0 5817 0 
6 3922 4 12 24 0 91 15 
0 0 0 0 2 0 5516 0 
0 0 7838 19 10 1 1 0 
60 4833 2687 0 653 98 3340 1903 
0 0 1 0 0 1 5809 0 
0 0 0 0 0 0 0 4763 
0 0 242 0 0 1 342 29 
0 0 0 0 4 0 784 3888 
44 17 999 0 3 7 479 963 
0 0 0 0 0 3 0 3196 
0 0 0 0 0 0 0 6293 
0 430 139 0 171 0 454 1434 
25 27 127 0 14 0 81 655 
0 1 0 0 51 0 7814 0 
0 0 0 0 0 0 211 1602 
0 880 15 23 0 0 188 1 
0 0 0 0 0 0 0 2780 
0 0 0 0 0 0 0 2464 
0 0 0 0 0 0 4529 0 
429 865 254 0 0 39 802 1113 
0 792 17 0 0 0 261 954 
0 0 2 0 0 0 808 0 
0 197 149 0 44 0 0 4 
0 57 0 0 0 0 661 0 
4 1 25 0 0 0 527 0 
0 0 0 0 0 0 9923 27 
0 0 0 0 0 0 0 1767 
0 18 1135 0 122 45 508 220 
10 0 0 0 0 0 606 584 
0 0 0 0 0 1 1344 0 
0 1695 0 0 0 0 0 1 
0 438 439 0 0 110 107 683 
328 0 0 0 4 14 0 0 
9 2 0 3 0 0 1 849 
34 48 5 2 2 0 11 355 
0 716 0 0 0 7 122 147 
0 54 0 6 0 0 14 182 
0 0 0 0 0 0 0 935 
1 0 2464 0 0 1 0 0 
0 0 2041 0 0 0 55 23 
0 1625 0 1 0 0 12 1 
0 18 154 0 0 0 449 0 
0 0 0 0 1 0 1121 2 
0 0 1 0 27 0 289 1 
0 0 0 0 0 253 1 0 
0 0 822 0 0 19 0 0 
0 0 0 1 0 0 579 143 
0 0 523 2 0 1 0 1 
12 638 0 8 0 0 223 277 
1 0 50 15 0 302 0 0 
0 0 0 1 0 0 645 584 
0 0 966 0 30 0 32 6 
0 0 0 0 0 362 16 0 
0 0 6124 0 80 0 3 0 
0 0 0 0 0 0 25 2970 
2 53 1636 0 24 0 13 2 
60 1 2103 0 0 0 0 1 
0 2770 0 0 243 80 4 16 
0 0 0 0 0 0 5760 240 
0 0 1 0 0 0 9070 72 
2 0 0 0 0 17 246 9 
755 0 0 0 0 0 0 0 
0 0 0 0 826 3 30 0 
6 5 0 0 0 1 0 587 
0 4 3 0 1 1 849 0 
0 1 0 0 0 0 715 1 
48 337 4992 632 1613 0 5904 894 
0 0 0 0 0 15 2910 0 
0 0 0 0 0 0 0 1082 
0 0 0 0 6 0 0 261 
0 0 0 0 0 1251 1 1 
0 0 0 0 0 0 0 254 
0 0 5 0 0 0 0 506 
0 0 1 0 0 0 127 953 
397 0 2 0 6 0 0 0 
0 0 0 0 1144 186 0 0 
6 0 0 0 2 0 49 313 
0 24 674 0 2 17 13 1 
0 0 0 0 0 0 2541 1 
0 0 0 0 0 0 0 4865 
0 0 4204 0 0 18 0 0 
4 298 0 1 2 57 469 4027 
0 0 0 0 0 0 0 737 
0 0 0 2 0 0 5007 102 
