0 0 0 0 0 0 27544 146 
0 0 0 0 0 0 412 20208 
0 0 9323 0 0 0 4 0 
0 151 0 176 421 36 0 0 
13 0 8820 0 0 0 1 0 
0 6144 0 0 0 0 0 0 
0 0 0 1 0 0 10471 1 
0 0 0 0 0 0 11236 384 
0 0 0 0 0 1 24733 0 
0 10 0 0 1 0 0 16271 
0 0 2350 202 60 0 0 208 
0 19336 5 0 207 0 0 0 
0 0 0 0 2372 0 2 0 
0 0 3157 0 0 40 0 0 
1 180 0 0 34 1 1162 0 
3007 0 0 0 0 1 0 0 
0 0 0 0 0 0 6527 0 
0 0 27 31 34 0 9535 0 
0 2 0 0 0 0 14645 0 
0 6066 0 1 0 0 0 0 
0 0 0 0 0 0 2425 67 
0 0 0 1 0 2 69 10635 
0 0 0 0 0 0 10315 0 
0 2205 0 0 0 0 0 0 
0 0 0 914 608 0 0 0 
0 473 145 0 1 0 0 25 
0 1673 0 0 0 0 0 2470 
0 0 0 0 0 0 2558 0 
0 0 0 0 189 10 190 152 
31 4022 0 0 0 0 97 0 
0 0 0 0 1 0 1 7796 
0 0 0 0 1947 0 0 0 
0 0 0 0 0 0 4184 0 
0 0 452 3 209 0 2460 0 
0 1 0 2983 908 0 1256 84 
1 6 294 0 1406 337 970 2 
0 5574 0 1 0 0 0 17 
0 0 26 518 1 0 0 1 
0 0 0 0 0 0 0 9503 
41 0 0 0 262 0 595 0 
0 0 0 0 0 0 5836 1 
0 5084 0 0 0 0 42 0 
0 0 0 0 0 0 5580 0 
0 0 7879 15 12 0 5 0 
0 8350 3138 0 58 314 2726 642 
0 1 0 0 0 4 5451 1 
0 0 0 0 0 0 0 4801 
0 0 184 0 0 0 407 23 
0 3 1 0 0 0 440 4278 
6 4 1704 0 17 0 235 690 
0 0 1 0 0 0 0 3198 
0 0 0 0 0 0 0 6066 
0 767 1 15 46 0 0 1781 
43 6 161 0 0 0 173 547 
7 0 0 0 34 0 7906 0 
0 0 0 0 0 0 231 1583 
23 920 0 0 0 0 233 0 
1 0 0 0 0 0 0 2393 
0 0 0 0 0 0 0 2760 
0 0 0 0 0 0 4301 0 
728 1051 6 1 0 6 0 1788 
0 1098 0 0 2 33 0 853 
1 0 0 0 0 0 787 0 
0 0 366 0 28 0 0 0 
0 90 28 0 0 0 596 0 
0 2 39 0 0 8 508 0 
0 0 0 0 0 0 6445 14 
0 0 0 0 0 0 0 1388 
0 0 1675 1 102 0 62 106 
21 0 0 0 0 0 165 716 
2 1 16 7 0 0 1348 0 
0 1579 0 0 4 0 0 0 
0 396 519 33 9 136 0 659 
329 0 1 2 11 0 0 2 
0 0 0 0 14 9 0 812 
0 803 0 0 2 0 94 91 
0 1 2 2 0 0 3 249 
0 0 0 0 0 0 0 932 
0 0 2600 0 0 5 0 0 
2 4 2254 36 7 6 0 0 
0 0 199 1 0 0 409 2 
0 0 0 0 0 0 1148 0 
0 0 28 0 44 9 237 0 
0 0 0 0 0 260 0 0 
0 0 789 0 0 14 0 0 
0 0 0 0 0 0 562 158 
2 878 5 0 0 0 0 3 
0 2 0 0 0 366 0 0 
0 0 0 0 0 0 290 753 
0 0 1049 0 0 0 3 3 
0 0 0 0 0 335 43 0 
0 1 5810 0 152 18 1 0 
0 0 0 0 0 0 30 2937 
0 10 1712 0 2 1 0 0 
3 0 2164 0 0 1 1 0 
0 2681 3 24 232 180 4 0 
0 1 0 0 0 0 5948 118 
0 0 0 0 0 0 8612 116 
0 0 0 14 2 36 188 34 
754 0 0 0 0 0 0 0 
0 0 0 0 816 0 49 6 
0 0 0 0 6 0 3 583 
0 0 0 0 14 0 841 0 
0 0 0 0 0 0 724 0 
0 208 9591 1601 1992 0 842 292 
0 1 0 1 0 17 2915 0 
0 0 0 0 0 1 32 1527 
0 11 11 0 0 0 0 120 
0 0 0 0 0 1239 0 0 
0 0 0 1 2 0 0 257 
0 0 34 0 0 0 2 470 
0 0 0 0 1 2 483 536 
415 0 0 0 1 1 0 2 
0 0 0 0 1169 161 0 0 
2 1 696 19 0 0 13 0 
0 0 0 0 0 0 3008 0 
0 0 0 0 0 0 0 5012 
0 0 4045 0 0 23 0 0 
0 32 0 0 0 75 141 5695 
0 0 0 0 0 0 4991 132 
1 0 0 0 0 0 1077 0 
0 3 0 0 0 0 1 1298 
0 0 0 0 0 0 7825 1146 
0 0 599 0 0 1 16 9 
