0 0 0 0 0 0 26892 285 
0 0 0 0 0 0 439 20159 
0 0 9298 0 0 0 0 0 
0 153 0 337 294 0 0 0 
0 0 8899 0 0 0 0 0 
0 6084 0 0 0 0 0 0 
0 0 0 0 0 0 10426 2 
0 0 0 0 0 0 11288 396 
0 0 0 0 0 0 24975 0 
0 12 0 0 0 0 0 16525 
0 0 2360 209 45 0 0 221 
0 19356 0 11 157 0 0 42 
0 0 0 1 2383 0 1 0 
0 0 3161 0 0 36 0 0 
0 440 0 0 0 0 971 1 
2993 0 9 1 0 0 1 4 
0 0 0 0 0 0 6585 0 
0 0 13 36 48 0 9406 0 
0 0 0 0 0 0 14700 0 
0 6027 0 0 0 0 0 0 
0 0 0 0 0 0 2439 77 
0 0 0 0 0 0 57 10969 
0 0 0 0 0 0 10288 0 
0 2302 2 0 0 0 0 0 
0 0 0 912 610 0 0 0 
81 350 1 0 0 2 9 166 
0 1728 120 105 0 0 44 2134 
0 0 0 0 0 0 2589 0 
0 0 2 27 81 0 311 119 
0 3993 0 15 2 11 90 36 
0 0 0 0 0 0 1 7884 
0 0 0 0 1948 0 0 0 
0 0 0 0 0 0 4249 0 
3 0 424 0 288 0 2412 2 
1 7 0 2607 1035 0 1410 183 
1 0 243 0 1317 372 1055 0 
0 5546 0 0 0 0 0 17 
0 0 28 514 0 0 0 0 
0 0 0 0 0 0 0 8914 
0 0 0 0 175 0 708 16 
1 0 0 0 0 0 5828 0 
0 5013 0 2 1 1 99 0 
0 0 0 0 0 0 5516 0 
0 0 7850 10 11 0 3 1 
2 6295 3745 0 240 229 1966 1126 
0 4 0 1 0 0 5642 0 
0 0 0 2 4 0 0 4714 
0 0 209 0 0 1 379 25 
8 0 0 0 0 0 896 3737 
6 0 1454 0 9 0 305 845 
0 0 0 0 0 0 0 3199 
0 0 1 0 0 0 0 6499 
0 341 6 0 0 0 63 2205 
0 0 241 0 0 0 200 489 
0 0 0 0 19 0 7847 1 
2 0 0 0 0 0 246 1566 
7 940 0 5 2 0 251 0 
1 0 0 0 0 0 0 2742 
0 1 0 0 0 0 0 2463 
1 0 0 0 1 0 4328 0 
738 1048 6 2 0 1 114 1668 
0 649 0 0 0 3 26 1333 
0 0 0 0 0 0 787 1 
0 0 326 5 51 0 12 0 
0 57 0 0 0 0 649 2 
0 0 1 0 0 0 558 0 
0 0 0 0 0 0 6823 15 
0 0 2 0 0 0 0 1454 
0 0 1536 0 137 74 85 204 
15 0 0 0 0 0 213 699 
0 1 0 12 0 0 1360 0 
0 1620 0 0 0 5 0 0 
0 594 399 0 0 116 0 659 
345 0 0 0 0 0 0 0 
7 3 0 0 0 0 0 828 
0 737 1 0 0 0 157 91 
19 0 2 1 0 0 0 236 
0 0 0 0 0 0 0 931 
1 0 2603 3 0 0 0 0 
1 4 2101 0 7 0 0 7 
1 1557 4 11 4 0 0 80 
0 0 174 0 0 0 437 0 
0 0 0 0 0 0 1124 0 
0 3 0 0 0 0 315 0 
0 4 0 0 0 234 0 16 
0 2 850 0 1 25 2 5 
0 0 0 0 0 0 555 141 
5 0 523 0 0 0 0 0 
0 798 0 0 5 55 25 5 
0 0 8 0 6 354 0 0 
0 0 0 0 1 0 459 656 
4 2 1022 0 0 5 0 0 
4 0 0 0 0 350 24 0 
3 7 5919 0 53 0 0 5 
0 0 0 0 0 0 23 2847 
1 0 1723 0 0 1 0 0 
0 0 2142 2 0 0 0 0 
0 2757 0 0 260 119 9 0 
0 0 0 5 0 0 5920 93 
0 0 0 0 0 0 8591 72 
5 2 0 0 0 45 219 3 
754 0 0 0 0 0 0 0 
23 0 0 0 789 0 56 0 
1 0 0 0 1 0 0 590 
4 1 0 0 0 0 846 0 
0 0 0 0 0 0 728 0 
92 250 7606 1459 1705 0 2580 882 
0 0 0 0 0 15 2895 0 
0 0 0 0 0 0 19 1541 
0 0 1 0 0 0 0 259 
0 0 0 0 0 1226 0 13 
0 1 0 0 0 0 0 259 
0 3 1 0 0 4 0 492 
0 0 0 0 3 0 178 811 
419 0 0 0 0 0 0 0 
0 3 0 0 1153 174 0 0 
0 0 697 0 0 15 11 8 
0 0 0 0 2 0 2893 0 
0 0 0 0 0 0 1 4941 
0 0 4090 0 0 14 1 0 
6 5 0 2 2 155 125 5372 
0 0 0 0 0 0 4945 148 
0 0 0 0 0 0 1074 0 
0 0 0 0 0 0 0 1174 
0 0 11 0 0 1 8007 941 
