0 0 0 0 0 5329 0 1 
1 0 0 0 0 20529 0 0 
0 0 0 1 0 9160 141 0 
17 8603 0 0 0 0 0 0 
0 0 0 0 0 4 4468 7 
1 1 370 2 0 13 0 8 
0 0 0 16 0 0 8 365 
1815 2 1 0 0 0 0 8 
0 0 0 0 0 1 0 1833 
6 0 3 1 5 0 6 3777 
678 806 0 3 0 168 899 137 
3 930 0 0 0 42 2 3 
57 191 8 28 0 173 17 360 
873 258 1 14 1 0 183 404 
0 0 0 0 3 0 3 2908 
0 0 0 1 0 4 1651 0 
87 187 1 6 8 1017 675 1455 
1 0 0 0 0 2424 0 0 
12 724 273 0 3 0 461 31 
684 63 0 0 12 701 128 2 
0 0 0 0 0 11120 103 0 
4556 3 0 0 0 0 0 0 
75 12 0 0 0 25 140 1528 
0 0 1 0 0 21410 0 0 
2 0 0 0 0 0 1274 3 
0 0 0 34 0 6280 8 0 
0 4226 0 9 5 0 0 0 
345 2347 0 27 0 75 75 267 
0 1 0 46 0 342 1488 98 
0 81 1 11 0 1422 293 17 
319 595 19 1 0 1843 113 56 
2047 0 0 0 2 0 0 0 
163 0 18 0 0 4 0 289 
0 0 0 0 0 0 46 3319 
13 0 8 0 11 0 1 1376 
107 0 0 2 0 0 0 3157 
0 0 0 0 0 0 152 0 
1 0 0 0 1 3 608 2 
308 0 473 0 0 54 502 50 
0 0 0 77 505 0 0 0 
1 9 1 0 0 0 437 0 
0 0 0 2 0 0 465 0 
0 1957 0 0 1 0 0 0 
145 23 0 1 21 321 82 458 
339 16 10 0 16 1107 1293 80 
717 16 0 0 107 0 0 0 
0 0 0 0 0 7 777 0 
0 0 3679 0 2 0 0 11 
0 0 2326 0 0 25 0 0 
0 0 0 0 0 7796 0 0 
0 0 0 0 1 1 0 2122 
13 217 899 0 0 816 62 331 
18 7 0 0 0 280 147 119 
0 0 0 0 0 7236 0 9 
0 2 5 0 0 0 340 523 
303 96 222 0 10 1900 949 664 
0 0 0 0 0 9704 0 1 
6 0 0 37 183 78 0 8 
0 0 0 1 841 3154 42 0 
37 168 52 0 7 2015 52 25 
420 445 0 3 0 0 73 925 
0 4864 0 0 0 0 1 7 
0 0 6 0 0 1237 0 0 
236 3 65 0 8 32 296 761 
1663 0 1 0 0 0 0 0 
1 223 0 2 4 134 103 330 
47 12 10 0 1 615 0 599 
0 0 2775 0 4 10 0 4 
0 62 106 0 1 35 18 0 
0 2667 1 0 1 70 0 37 
1 0 0 0 0 9373 1 11 
0 0 0 0 0 0 0 532 
0 0 26 67 0 67 63 203 
0 835 0 0 0 0 0 2 
0 0 0 0 0 51 1817 0 
0 2107 0 0 0 0 0 0 
4861 0 2 0 0 0 0 3 
0 0 0 5 4 1 0 101 
0 0 0 0 27 1618 238 190 
228 746 247 0 0 582 277 606 
141 0 1 2 117 2015 228 215 
0 0 0 0 0 410 0 0 
0 0 518 0 0 0 0 0 
0 50 21 11 0 343 0 768 
68 107 0 0 5 1 29 1 
5 0 0 0 0 41 115 4 
0 0 0 1 0 0 0 954 
1 0 0 0 548 123 0 0 
0 0 0 0 0 0 0 1891 
0 0 0 0 0 0 2256 24 
0 0 2274 1 0 0 6 0 
0 0 7 0 0 469 0 177 
0 1 0 0 0 0 0 5790 
0 3824 0 1 0 1 1 0 
3 466 0 5 11 28 0 0 
0 172 0 1 0 0 340 58 
2911 0 0 0 0 0 0 0 
0 0 595 0 0 0 0 0 
176 33 0 0 13 9 189 58 
8 0 0 0 0 0 0 887 
23 422 0 1 72 23 415 0 
0 0 0 0 0 10021 0 0 
0 0 0 22 80 23 296 0 
0 7 5 0 5 4 0 88 
0 0 0 0 3 1 294 0 
0 0 0 1 1 1 1593 0 
0 0 0 0 1 1274 0 0 
79 0 0 87 0 207 14 0 
0 0 0 5 947 0 5 0 
0 1 0 0 0 66 20 1339 
0 0 0 0 0 0 0 357 
0 29 0 172 68 3 8 559 
2609 8 0 0 0 0 0 0 
35 0 3 0 5 923 12 14 
0 1464 7 3 4 6 1 0 
124 0 0 0 27 241 38 47 
287 71 0 2 0 0 10 338 
0 0 0 0 0 3227 21 0 
8 119 48 0 3 304 0 48 
13 5 0 3 3 0 379 230 
0 0 1 0 0 0 0 4814 
0 0 0 0 10 2364 0 0 
0 0 0 0 0 1969 1 246 
0 0 0 0 0 1 0 3229 
56 9 0 0 6 316 141 0 
2366 0 0 0 0 0 0 0 
234 133 0 0 0 230 6 76 
74 33 0 6 0 674 302 5 
3 5 1461 0 0 0 0 6 
0 0 0 0 0 0 764 0 
0 0 1 0 961 0 0 0 
0 0 0 0 0 0 0 802 
0 0 0 0 271 0 1 1 
0 0 0 0 0 880 1 0 
0 2361 2 0 0 0 0 2 
0 123 21 0 0 267 65 120 
0 6 0 0 0 845 55 0 
0 288 0 0 0 114 0 0 
0 0 0 4 0 1244 6 0 
0 0 0 0 0 0 1848 1 
0 0 2 0 0 2 64 606 
0 0 0 0 1 0 5 4114 
0 152 0 0 0 303 312 292 
151 0 0 2 37 400 319 0 
0 0 0 0 0 342 0 0 
248 0 0 0 0 2 1 1 
0 4750 0 0 1 0 0 0 
0 0 4 0 0 5097 8 0 
0 0 0 0 1 0 1179 0 
2939 0 0 0 3 1 0 0 
0 0 914 0 0 0 5 0 
31 5 5 0 0 398 1 0 
0 0 1 0 0 768 50 47 
181 47 2 0 0 180 3 1237 
0 32 1 3 61 145 46 1 
0 0 0 0 0 0 275 0 
0 0 0 35 551 5 0 0 
0 0 0 0 3 0 0 344 
15 0 0 0 0 0 346 54 
0 0 0 0 871 0 0 0 
505 408 0 0 0 0 3 20 
1905 0 0 0 0 0 0 0 
873 0 0 0 0 0 0 2 
0 0 0 0 0 0 524 76 
0 0 0 0 0 0 0 394 
1 0 436 0 0 6 3 0 
3 1002 0 0 1 0 0 6 
0 0 0 0 0 0 2078 3 
43 0 90 16 0 5 16 0 
2 3 1 7 5 457 144 0 
0 1255 0 0 0 1 0 1 
19 242 9 0 0 0 0 2 
1314 0 0 6 0 4 0 114 
0 0 0 0 2 0 0 305 
0 0 0 0 0 1563 0 1 
535 216 0 0 0 202 90 127 
6 4 12 1 2 0 179 113 
0 0 0 1 0 0 10 596 
177 160 4 47 5 144 403 85 
0 0 0 0 0 0 0 109 
3 1 3 0 0 56 295 50 
0 0 1 1 0 460 105 6 
1 482 0 0 0 0 0 0 
0 0 0 0 0 567 0 0 
12 627 13 0 0 3 0 8 
0 0 0 0 0 1975 0 0 
0 0 0 0 5 5148 0 0 
1 0 0 0 0 1 0 1220 
16 0 0 0 0 22 487 0 
0 0 16 0 0 3 214 165 
0 250 0 0 0 0 0 0 
155 0 0 0 0 0 0 101 
0 0 0 0 0 0 0 487 
86 0 0 0 9 261 209 0 
0 0 0 1 0 1851 4 0 
0 0 0 0 2 0 0 727 
23 103 0 0 133 0 0 0 
0 0 0 0 0 0 702 0 
0 5 0 230 0 0 3 9 
0 0 0 0 0 0 0 572 
0 0 1 5 0 0 199 0 
57 31 0 0 9 1 56 0 
0 0 0 38 32 10 0 26 
0 20 13 31 2 319 0 32 
19 17 11 0 1 0 1 7 
0 0 1 0 0 0 206 6 
0 2 0 60 0 0 0 0 
0 0 0 0 0 0 660 0 
0 0 144 0 0 2 0 12 
0 0 4 0 0 428 0 0 
0 0 0 31 1 3 161 1 
0 0 0 0 0 296 0 22 
573 0 0 1 0 0 0 3 
0 45 156 16 0 216 25 0 
0 14 0 1 3 6 93 0 
0 0 0 1 0 1 0 390 
0 2 429 0 0 6 0 0 
0 0 125 3 0 3 0 0 
24 268 0 24 0 0 0 0 
0 0 3 18 0 94 11 45 
0 0 0 0 0 1298 1 0 
57 9 0 24 2 0 103 0 
0 0 0 0 0 0 674 0 
9 986 0 1 0 8 50 8 
3 2 74 2 0 0 0 198 
0 76 37 37 0 9 0 232 
5 1 0 0 0 0 126 0 
1 1185 0 1 0 109 139 516 
0 0 0 0 0 0 14 239 
598 0 0 0 0 0 0 40 
461 0 0 0 0 0 0 0 
27 13 0 51 0 79 15 0 
0 0 47 0 5 44 1 0 
1 147 0 36 28 0 0 43 
0 0 2 1 0 0 0 378 
122 0 0 1 0 14 0 1 
147 68 0 18 0 0 0 10 
0 1 413 2 0 0 0 0 
0 0 0 0 0 0 269 0 
0 0 0 0 0 0 188 0 
0 653 18 0 6 83 0 97 
0 198 0 0 0 0 0 0 
137 0 5 99 2 0 0 21 
173 646 84 53 3 0 0 16 
2 2 0 0 17 2 125 15 
0 3 0 36 0 0 152 0 
0 0 0 0 0 1834 0 0 
246 212 294 0 14 26 424 41 
0 41 0 4 0 0 0 57 
87 630 0 1 6 211 0 486 
0 0 0 0 0 0 1447 0 
0 0 10 1 1 0 100 1 
0 0 0 0 0 0 0 1587 
94 0 0 0 12 55 2 0 
223 70 0 0 0 0 12 0 
0 0 0 0 0 0 0 1475 
1 0 0 0 0 1 0 261 
571 0 0 0 0 0 0 0 
0 0 1 0 0 2113 0 0 
0 0 0 0 0 0 574 0 
0 0 0 0 516 0 0 0 
75 0 0 0 1 125 0 398 
0 3 77 0 0 152 0 26 
0 1 0 0 0 0 2017 0 
0 0 514 2 0 0 0 0 
0 25 2 0 0 7 64 0 
0 0 0 0 0 0 1813 0 
0 0 0 0 0 0 1 1559 
0 0 4 0 145 2 3 0 
0 0 461 0 0 1 0 2 
1 0 0 0 0 0 545 1 
0 0 0 0 0 0 704 0 
502 0 1 0 0 0 0 4 
157 0 5 0 1 66 0 9 
0 0 0 0 0 0 52 855 
0 0 374 1 0 0 0 0 
5 0 0 0 0 76 2 0 
0 8 0 0 0 242 0 4 
0 0 0 0 0 0 1256 0 
0 1366 2 0 0 0 0 0 
0 0 0 1 0 477 1 0 
0 220 0 79 0 35 2 4 
6 456 0 0 16 0 0 0 
0 0 0 0 1 0 0 206 
0 220 0 3 1 0 0 0 
0 543 0 0 0 0 0 1 
0 0 0 0 0 0 0 843 
32 0 0 0 0 42 96 133 
13 11 52 0 51 1 8 3 
0 109 0 0 0 0 0 0 
5 0 0 0 42 27 0 211 
0 0 126 0 0 0 1 0 
19 19 0 0 0 171 80 3 
0 0 0 0 0 0 0 472 
0 1 1 0 0 0 0 694 
2 675 0 0 0 0 0 0 
0 89 10 7 0 0 0 0 
1 0 0 0 0 584 3 0 
0 0 0 1 192 0 0 0 
0 0 307 0 0 0 0 0 
0 99 0 54 0 109 224 0 
0 0 135 2 0 0 0 0 
0 0 0 0 0 0 215 0 
4 112 0 0 0 144 0 20 
1 0 0 0 0 385 0 0 
0 0 0 0 0 2 0 121 
0 28 2 0 0 0 11 27 
2 52 4 42 0 0 0 7 
0 0 2 1 0 61 122 0 
0 0 0 0 0 4 473 0 
1 0 0 0 0 0 301 0 
0 0 0 33 0 21 3 0 
0 0 0 0 0 2622 0 0 
0 0 0 0 0 2 0 142 
0 4 2 0 0 0 1 75 
0 0 736 0 0 0 0 0 
84 1 0 0 0 0 2 13 
0 28 0 19 1 60 0 63 
0 41 22 18 0 0 7 59 
0 0 2 0 0 0 137 0 
1 0 7 46 8 0 0 2 
0 0 11 0 0 0 105 1 
0 6200 0 0 0 0 0 0 
1 229 2 8 0 1 5 72 
0 0 798 0 1 1 0 0 
0 0 0 0 0 0 0 849 
0 0 0 0 0 0 180 0 
17 57 0 0 113 0 23 98 
6 0 114 0 0 129 0 20 
11 0 0 1 0 34 73 0 
0 15 0 0 111 0 91 0 
0 0 0 0 0 0 128 75 
0 504 3 1 7 0 0 0 
84 7 12 0 7 1 0 6 
0 0 0 0 0 1 120 4 
22 10 3 28 0 10 11 0 
19 10 0 0 0 0 8 22 
0 0 1 1 0 0 7 119 
48 0 2 0 0 21 121 36 
0 0 0 1 0 0 38 302 
0 9 0 26 0 1 17 189 
0 0 1 76 5 7 0 11 
76 0 58 0 5 16 0 0 
1 0 0 0 0 1 38 0 
0 0 0 0 0 0 43 523 
0 0 0 0 185 0 3 0 
8 7 56 0 0 154 2 6 
0 0 1 1 0 382 0 0 
0 0 0 0 0 0 0 1160 
2 0 0 0 169 0 0 0 
0 49 0 0 0 0 71 51 
1 13 0 0 31 331 0 1 
62 0 47 3 12 22 0 25 
0 406 0 1 0 0 0 0 
0 0 0 0 1 2222 0 0 
0 0 9 0 0 47 0 9 
165 0 0 0 0 17 81 0 
32 0 20 0 6 9 0 4 
108 0 6 0 9 0 0 0 
0 0 0 0 0 0 0 439 
5 0 1000 0 0 0 0 0 
25 7 7 0 1 144 0 0 
0 0 0 0 147 190 2 0 
13 28 10 19 0 42 0 4 
185 0 0 0 0 21 21 5 
1 40 53 0 0 4 0 284 
1 1 2 0 0 0 0 121 
0 0 0 0 0 0 1 689 
2 0 0 0 0 216 0 87 
1 82 13 5 0 0 0 0 
0 5 0 48 6 0 0 30 
0 0 0 0 0 0 732 0 
1 51 14 0 0 66 4 4 
1 54 0 0 0 0 13 34 
11 97 2 1 0 0 0 39 
156 0 0 26 0 5 7 0 
0 0 2 32 0 61 7 0 
0 0 2 2 0 1240 0 0 
0 27 1 7 0 1568 0 0 
11 28 0 0 0 2 61 121 
14 0 0 7 29 0 172 0 
4 0 0 0 447 5 0 1 
0 0 0 0 244 1 0 0 
0 0 0 0 0 1 912 0 
159 30 0 3 0 0 0 203 
0 0 0 0 0 0 0 657 
0 0 1 0 0 111 0 0 
0 0 0 0 0 0 341 0 
1 0 0 0 0 609 8 38 
208 0 0 7 0 0 0 4 
31 0 0 0 0 0 29 2 
75 187 7 12 0 206 433 0 
0 0 1 70 0 281 24 3 
3 0 0 0 0 0 2 201 
0 0 0 0 0 0 0 240 
0 0 0 0 0 0 0 772 
0 0 0 0 361 0 0 0 
33 0 0 68 0 0 0 0 
0 1 234 0 0 0 8 0 
2 0 0 0 0 0 0 437 
0 0 254 0 1 0 0 0 
0 0 0 0 0 0 0 159 
4 0 69 0 3 21 2 0 
6 0 0 2 6 1164 0 0 
13 0 1 16 29 20 430 0 
0 0 328 0 0 1 0 1 
63 0 0 0 1 11 15 10 
13 0 0 0 0 4 2 69 
0 0 0 0 6 142 61 172 
5 67 27 7 0 62 53 1 
12 4 0 0 0 245 248 320 
0 0 0 0 0 0 404 0 
68 101 3 2 47 290 82 0 
0 0 0 1 0 0 340 0 
53 609 76 3 0 449 77 34 
0 0 0 0 0 1 2258 7 
0 0 0 0 0 0 0 378 
0 0 0 0 0 0 0 191 
0 0 0 0 0 37 187 78 
8 1 0 0 35 0 78 0 
0 0 0 194 1 0 0 34 
0 160 1 0 0 0 0 0 
4 0 0 0 0 0 133 113 
0 0 0 0 0 0 178 0 
7 0 1 0 0 0 113 0 
2 82 3 3 0 5 249 39 
4014 0 0 0 0 0 0 3 
39 0 0 0 53 0 0 23 
0 0 0 0 2 0 8 288 
