0 0 0 0 0 5571 0 0 
0 0 0 0 0 20227 0 0 
1 0 0 0 0 9617 158 0 
17 8259 0 0 1 0 0 0 
0 1 0 0 0 2 2989 0 
1 0 397 0 0 0 0 0 
0 0 0 0 0 0 61 342 
1782 0 0 0 0 0 1 2 
0 0 2 0 0 0 0 1762 
0 0 0 0 0 0 1 4109 
773 1233 0 660 9 79 79 0 
0 921 0 0 0 16 5 0 
1 253 121 296 0 201 4 0 
94 212 3 0 0 0 266 964 
0 0 0 0 4 0 2 2869 
0 0 0 0 0 0 1679 1 
0 0 17 36 0 1175 128 2185 
0 0 0 0 0 2228 0 0 
0 0 101 10 0 0 1383 0 
1230 0 13 0 0 357 111 0 
0 0 0 0 0 10706 109 2 
4975 0 0 0 0 0 2 0 
3 2 0 0 0 270 610 1083 
0 0 0 1 0 21319 0 0 
0 0 9 0 0 0 1005 0 
0 0 0 34 0 6527 4 0 
0 5205 0 0 0 0 0 0 
183 2209 0 0 0 738 1 113 
0 0 19 262 0 447 1382 1 
20 25 381 15 1 1171 379 2 
275 112 34 0 88 2506 0 19 
2095 0 0 0 0 0 0 1 
0 3 0 524 0 1 0 0 
0 0 0 0 0 0 45 3305 
2 0 13 22 0 1 19 1176 
37 0 0 0 0 0 0 3852 
0 0 0 0 0 1 229 0 
0 0 0 0 6 0 208 0 
16 0 1 0 0 7 796 586 
0 0 0 0 531 0 0 0 
0 0 3 0 0 0 439 5 
0 0 0 0 0 0 486 0 
1 1903 4 0 1 11 0 0 
482 1 19 0 0 400 56 316 
0 2 60 0 1 116 1973 916 
196 21 20 230 140 0 0 22 
0 0 0 0 0 52 573 57 
0 0 3654 0 0 0 0 21 
0 0 2314 3 0 21 0 0 
0 0 0 0 0 7641 0 4 
0 0 0 0 0 0 0 1976 
913 352 0 0 373 392 67 372 
1 0 68 42 80 0 91 237 
0 0 0 0 0 8832 0 13 
1 8 2 1 0 1 414 455 
691 0 0 1 37 994 678 1783 
0 1 0 0 0 9724 0 1 
28 0 138 1 2 0 17 139 
1 23 0 0 941 3314 32 0 
1 1 26 1 1 2393 0 0 
984 0 0 2 171 0 0 687 
0 4755 0 0 0 0 0 9 
0 0 4 0 0 1168 0 0 
890 0 0 151 0 0 153 17 
1647 0 0 0 0 0 0 0 
0 0 538 0 0 16 0 232 
0 34 13 168 0 881 0 263 
0 0 2763 0 7 2 0 0 
0 0 1 2 305 0 1 6 
1 1608 0 2 910 114 0 7 
1 0 0 0 0 9032 4 0 
0 0 0 0 0 0 0 624 
35 28 14 20 2 0 0 328 
1 449 2 2 0 0 0 231 
0 0 0 0 2 24 3857 1 
0 2126 0 0 0 0 0 1 
3610 0 0 0 0 0 0 0 
0 0 0 0 0 0 1 230 
0 0 51 3 8 1321 513 192 
976 132 177 38 19 52 789 638 
1191 0 0 34 0 1442 0 0 
1 0 0 0 0 244 0 0 
0 0 523 0 0 0 0 0 
23 0 0 1 0 0 73 1133 
0 18 0 55 0 14 222 0 
0 176 31 0 1 2 0 0 
0 0 0 0 0 0 0 1045 
0 3 0 0 587 0 0 0 
0 0 0 1 0 1 0 1794 
0 0 0 0 0 0 2459 0 
0 0 2040 0 0 0 3 4 
2 0 1 0 2 558 0 0 
0 3 0 0 0 1 0 5709 
0 3652 0 0 1 0 0 0 
0 105 131 109 118 2 40 1 
0 202 5 251 0 0 120 3 
2890 1 0 0 0 0 0 0 
1 0 474 2 1 0 0 1 
0 150 17 0 0 0 0 251 
0 670 4 363 0 3 0 0 
0 0 0 0 0 9096 0 1 
0 29 0 3 54 0 247 87 
0 0 0 0 0 0 0 641 
0 2 0 0 0 0 319 0 
2 0 0 0 1 1 1455 0 
1 0 0 0 0 1496 0 0 
21 58 0 4 73 225 20 1 
7 0 0 0 966 0 0 0 
1 0 3 0 6 27 5 1595 
0 0 59 20 0 186 1 477 
1384 0 0 1 0 0 0 0 
0 0 0 5 22 963 0 2 
0 1484 0 2 1 0 1 4 
705 1 0 0 1 74 0 13 
3 2 0 112 175 13 1 386 
0 0 0 0 0 3160 22 0 
0 0 34 196 0 412 0 0 
0 0 198 4 3 0 0 501 
0 0 0 0 0 1 0 4771 
0 0 0 0 16 1972 0 0 
0 0 0 0 0 1795 152 328 
0 0 0 0 0 0 0 3242 
2 14 0 1 0 41 295 322 
2674 0 0 0 0 0 0 2 
290 394 0 1 2 2 0 0 
67 0 133 246 310 170 96 229 
0 2 1543 2 0 0 1 2 
0 0 0 2 0 0 836 0 
0 0 0 0 1028 0 0 2 
0 0 3 0 0 0 0 927 
0 5 0 0 267 0 1 0 
0 0 0 0 0 679 1 0 
3 2365 0 8 0 0 0 0 
24 187 0 0 31 0 266 154 
1 19 0 0 0 585 0 15 
0 1 4 126 0 258 0 3 
0 0 0 0 0 1320 0 0 
0 0 0 0 0 0 1935 2 
0 267 0 13 1 0 0 283 
0 0 0 0 0 0 1 3811 
21 0 67 0 13 165 675 9 
1 0 235 333 0 5 250 7 
0 0 0 0 0 430 0 0 
227 1 0 0 0 0 0 0 
0 2739 0 3 0 0 0 0 
0 0 0 0 0 0 1218 0 
2044 0 1 0 0 0 0 0 
30 0 905 0 0 8 0 3 
0 14 0 10 0 69 345 4 
16 6 0 0 0 435 55 416 
190 2 46 27 4 0 2 1464 
0 24 22 114 0 60 95 0 
0 0 0 0 0 0 355 0 
0 0 1 40 555 0 0 0 
0 0 0 0 1 0 126 200 
0 3 0 0 2 6 82 331 
0 0 0 1 879 0 0 0 
197 257 529 4 0 167 0 21 
2268 0 0 0 0 1 0 0 
860 0 0 1 0 0 3 4 
0 2 0 0 0 2 811 0 
0 0 0 0 0 0 0 918 
0 1088 0 0 0 0 0 0 
0 0 25 8 35 0 145 0 
0 0 10 231 0 1 295 0 
0 1255 0 0 0 0 0 0 
1307 0 0 0 19 0 3 154 
1 0 0 0 0 0 0 284 
0 0 2 5 0 1596 0 0 
128 0 0 0 14 812 0 9 
0 0 2 0 1 98 220 0 
0 0 0 0 0 0 10 597 
22 47 0 0 0 15 965 50 
0 0 0 0 2 0 0 107 
0 36 0 0 2 0 382 37 
0 25 164 0 0 467 0 0 
0 518 0 0 1 0 0 1 
0 0 8 0 0 550 0 0 
2 585 30 0 2 0 0 0 
0 1 0 4 0 1835 6 0 
0 0 0 0 1 5122 0 0 
77 36 0 0 0 4 437 26 
1 0 0 0 15 0 16 337 
0 250 0 0 0 0 0 0 
0 0 0 0 0 0 0 374 
0 0 0 0 53 485 0 30 
0 0 0 0 0 1896 0 3 
0 0 0 1 0 0 0 1023 
0 0 0 236 16 3 0 4 
0 0 0 0 0 0 706 0 
0 1 0 247 3 0 0 0 
0 0 0 0 0 0 0 713 
0 0 0 0 3 1 2 169 
0 0 9 0 0 0 75 461 
6 1 0 11 1 395 3 0 
0 0 0 0 1 0 208 3 
0 0 1 129 0 0 0 1 
0 0 0 0 0 0 453 1 
0 0 154 0 0 3 1 0 
0 0 0 1 0 383 0 0 
0 0 0 0 0 0 169 0 
0 0 8 1 0 595 0 0 
576 0 0 0 0 0 0 0 
37 0 75 6 0 291 1 48 
0 0 0 0 0 0 145 0 
0 0 0 0 0 0 0 350 
0 0 429 11 0 0 1 0 
2 98 29 0 0 0 0 2 
237 0 0 0 0 0 0 1 
4 0 20 0 49 1 0 80 
14 942 3 0 0 0 0 1 
0 0 185 0 6 62 0 15 
100 1 0 296 12 5 21 0 
0 0 0 1 0 0 150 0 
3 1677 2 0 0 0 132 135 
573 0 0 0 0 0 0 35 
193 0 0 0 0 0 0 0 
101 1 0 3 0 0 1 0 
0 255 0 0 0 0 0 0 
0 0 0 0 0 0 0 381 
1 0 6 11 0 0 12 212 
0 0 431 0 0 0 1 0 
0 0 0 0 0 0 227 0 
0 0 2 0 0 0 205 0 
0 651 26 0 0 15 82 94 
0 0 31 0 0 0 80 154 
0 414 513 0 0 68 0 0 
0 0 0 2 0 154 17 0 
8 8 0 88 0 0 1 17 
0 0 0 0 0 1885 0 0 
614 0 0 15 224 32 2 370 
0 1 57 1 0 0 0 52 
0 962 207 13 18 0 0 184 
0 0 0 0 0 1 2466 0 
0 0 0 0 7 0 158 0 
0 0 0 0 0 0 0 1404 
0 0 59 0 0 0 104 0 
0 295 0 2 2 7 0 2 
0 0 0 0 0 0 0 1464 
0 0 0 2 0 0 1 243 
571 0 0 0 0 0 0 0 
0 0 0 0 0 2091 0 0 
0 0 0 0 1 0 603 0 
3 0 0 0 444 0 0 0 
441 2 0 29 0 1 181 14 
0 1 265 0 0 0 0 0 
0 0 0 0 0 0 2128 0 
0 0 505 0 2 0 0 0 
0 0 62 0 4 18 0 0 
0 0 0 0 0 0 1897 0 
2 0 2 0 1 1 0 1495 
0 0 1 0 150 0 3 0 
0 0 458 0 0 0 1 0 
0 0 0 0 0 0 612 0 
0 0 0 0 0 0 803 0 
2266 5 1 0 0 0 0 9 
50 1 0 0 0 18 168 0 
1 0 0 0 0 0 34 923 
0 0 502 0 0 0 0 0 
0 0 2 1 0 5270 5 0 
11 0 0 0 9 291 4 0 
0 0 0 0 0 0 1274 0 
1 1319 0 0 0 0 0 0 
0 0 0 0 0 533 0 0 
1 199 22 96 24 0 14 0 
0 477 0 0 0 0 0 0 
0 0 0 0 0 0 0 197 
16 26 0 0 0 40 0 119 
2 538 0 0 0 0 0 4 
0 0 0 0 0 0 1 847 
0 0 0 2 0 0 321 15 
0 0 118 0 6 5 0 0 
0 123 0 0 0 0 0 0 
5 0 13 0 1 0 0 240 
0 0 345 0 0 0 0 0 
8 0 7 0 0 326 66 19 
0 0 0 0 0 0 0 483 
0 3 0 0 0 0 0 660 
0 677 0 0 4 0 0 0 
0 0 20 0 0 72 3 0 
0 3 0 0 0 575 5 5 
0 2 0 0 217 0 0 0 
0 0 325 0 0 0 0 0 
2 0 0 0 41 0 456 0 
0 0 0 0 0 0 226 0 
0 0 0 1 0 373 6 15 
0 0 2 0 0 0 0 210 
1 0 0 8 5 4 27 4 
0 105 0 0 0 0 0 23 
10 19 0 166 0 54 0 0 
0 0 0 0 0 0 468 0 
0 0 0 0 0 0 600 0 
34 7 0 30 0 5 0 0 
0 0 0 0 3 3614 0 0 
1 0 7 3 0 0 0 71 
0 0 0 63 0 20 0 17 
0 75 0 0 3 0 11 34 
0 1 19 0 132 0 0 0 
0 3 0 0 36 0 78 0 
0 6057 0 0 0 2 0 3 
0 19 2 55 9 25 105 109 
0 0 1057 0 0 0 0 0 
0 0 0 0 1 0 0 857 
1 0 0 0 0 0 188 0 
0 267 34 167 0 4 72 17 
0 3 28 1 0 9 0 259 
9 90 8 0 0 6 0 6 
0 1 46 99 0 2 0 69 
0 0 0 0 0 0 59 126 
0 513 0 0 0 5 1 0 
0 0 0 3 0 65 4 21 
1 0 1 0 0 0 199 8 
26 2 2 22 32 0 0 0 
1 0 1 1 1 124 0 0 
0 0 28 5 0 0 213 0 
0 0 0 0 0 0 33 308 
0 0 241 0 3 0 4 0 
0 0 0 16 0 0 1 147 
0 0 0 0 0 0 51 531 
0 0 3 0 176 0 2 0 
0 0 1 0 190 0 70 0 
0 0 0 0 45 160 0 226 
0 1 0 0 0 0 0 1130 
0 0 1 0 170 0 0 0 
0 3 3 5 33 0 0 203 
17 0 0 0 0 0 7 354 
14 0 204 0 0 0 0 0 
0 752 0 0 0 0 1 0 
0 0 0 0 0 1896 0 0 
0 0 85 59 8 2 109 0 
23 58 4 0 27 2 3 6 
0 0 0 0 0 0 0 439 
0 2 1019 9 0 2 0 5 
0 56 1 76 4 28 0 19 
1 0 0 0 136 202 0 0 
0 1 2 33 0 80 0 0 
0 0 0 1 0 0 19 387 
128 0 0 0 0 0 73 148 
0 0 0 0 0 0 0 112 
0 0 0 0 0 0 1 722 
0 0 0 340 7 0 1 2 
48 0 52 1 0 0 0 0 
0 0 0 0 0 0 738 0 
0 0 8 51 16 55 4 6 
37 1 0 0 105 180 0 20 
8 0 0 6 38 241 14 3 
11 42 0 13 127 0 0 1 
69 3 84 254 0 583 182 1 
0 0 3 0 0 1467 0 0 
0 3 17 11 1 46 0 180 
0 34 0 1 65 0 0 127 
0 0 0 0 413 0 0 0 
0 0 0 1 243 1 0 0 
0 0 0 0 0 0 0 739 
2 0 114 86 0 13 9 0 
0 0 0 0 0 1 484 0 
0 24 0 0 1 618 6 0 
189 1133 7 138 61 0 67 0 
45 0 11 0 0 145 237 6 
0 0 0 0 0 20 0 494 
0 0 0 0 0 0 0 240 
0 0 0 0 0 0 0 884 
0 0 0 0 461 0 1 0 
19 21 0 0 0 14 0 90 
0 0 874 3 0 4 4 0 
1 0 0 0 0 0 0 380 
0 0 248 0 1 0 0 0 
0 0 0 0 0 0 0 159 
0 12 0 0 92 1 0 2 
0 35 11 0 26 14 394 1 
70 0 18 0 2 9 1 0 
0 2 22 0 0 3 0 347 
0 413 0 13 0 553 20 0 
1 46 0 4 0 29 273 432 
0 0 0 0 0 0 404 0 
565 0 0 183 298 4 0 24 
0 0 0 0 0 0 300 0 
347 0 171 130 8 971 0 2 
0 0 0 3 0 0 0 382 
0 0 0 0 0 0 0 191 
90 0 1 76 0 2 133 0 
0 11 2 0 0 0 126 0 
0 0 126 0 8 0 2 93 
0 193 0 0 0 0 0 0 
1 0 0 0 0 0 117 132 
18 0 0 1 1 0 69 52 
0 92 0 2 0 0 296 0 
4393 0 0 0 0 0 0 0 
0 0 0 0 48 0 0 67 
0 0 0 1 1 0 0 317 
0 0 0 0 1 1 378 0 
1 0 0 0 0 0 248 0 
0 2 0 0 0 0 0 696 
0 0 0 0 0 0 3452 5 
0 0 0 0 0 1223 0 0 
