0 0 0 0 0 0 5400 0 
0 0 0 2 0 0 19305 42 
0 0 0 0 0 0 0 1466 
0 0 0 0 0 1 0 8018 
0 0 2722 0 0 0 0 0 
0 6 1 0 253 0 1 0 
1 48 0 0 5 0 366 0 
0 0 1742 0 0 2 1 0 
0 1759 1 0 0 0 0 0 
0 0 4177 8 3 0 0 0 
18 0 0 15 1 25 2746 0 
2 0 925 0 0 4 2 0 
0 0 0 0 0 0 990 1 
0 0 0 1 0 0 3367 0 
0 0 3067 0 0 1 0 0 
0 0 1743 0 0 0 0 0 
0 3566 0 0 0 1 0 0 
1 0 2198 0 0 1 0 0 
0 0 0 0 0 0 1 1654 
0 0 1 0 0 0 2272 0 
0 0 0 0 0 0 22 10816 
0 0 0 0 0 0 4984 0 
0 0 1955 0 0 0 0 0 
1 0 0 2 1 0 20917 23 
2 0 852 0 1 0 0 0 
0 0 6397 0 0 0 0 0 
0 0 3 0 0 0 0 4605 
0 0 1 0 0 0 3136 0 
0 0 0 0 3 0 0 3119 
0 0 0 0 0 0 0 2561 
1 0 0 1 0 0 2549 0 
0 0 0 0 0 0 0 1409 
0 0 526 0 0 0 0 2 
0 0 2982 0 363 3 5 0 
0 0 0 0 0 0 1123 0 
0 3987 2 0 0 0 0 0 
0 0 0 0 1 0 0 240 
1 0 1 0 212 0 0 0 
1 0 0 0 0 0 1437 0 
0 0 538 0 0 0 0 0 
0 487 0 0 0 0 0 0 
0 0 0 0 0 495 0 0 
1919 0 0 0 0 0 0 0 
0 0 0 1 4 0 1269 0 
0 0 0 0 0 0 3122 0 
0 0 0 0 0 0 1754 0 
0 0 0 0 0 0 673 0 
0 2 0 0 0 0 3034 0 
0 0 0 0 3 0 2124 0 
0 0 0 0 0 0 7526 0 
5 582 1409 0 18 0 2 0 
0 0 0 0 0 0 2315 1 
1 1 0 0 0 0 3 504 
0 8697 1 0 1 1 1 0 
0 0 900 1 0 0 0 0 
0 4224 0 0 0 0 0 0 
0 0 0 0 0 0 9781 1 
0 0 228 0 24 16 0 57 
0 0 0 0 0 0 28 4469 
0 0 0 0 0 0 2515 0 
0 0 0 0 0 0 1829 0 
0 0 0 0 0 0 5782 0 
0 0 0 0 904 0 269 0 
0 3 0 0 0 0 1420 0 
0 1633 0 0 0 0 0 14 
0 0 0 0 686 37 4 10 
0 0 0 0 0 0 1495 0 
0 0 0 0 0 1 0 2667 
0 307 5 0 0 0 0 0 
0 0 0 0 0 0 2691 0 
5 7669 0 0 0 1485 7 0 
0 0 136 0 0 4 548 1 
27 0 0 3 83 0 304 8 
0 0 0 0 0 0 718 5 
0 2603 93 145 0 0 0 733 
1 0 0 1642 2 0 485 0 
0 0 0 227 3 0 0 1 
0 0 0 0 0 0 2152 0 
0 1 0 0 0 0 2801 0 
0 0 0 0 0 0 0 2641 
0 4 65 0 0 0 0 107 
0 0 0 531 0 0 1 0 
0 0 0 0 0 0 0 1211 
22 0 12 0 0 0 274 1 
0 0 0 0 0 0 189 2 
0 0 996 0 0 0 1 0 
0 0 1 0 0 0 683 0 
0 0 0 0 1808 0 0 0 
1 2579 0 0 0 1 0 0 
0 2 1 0 2 0 1959 0 
0 0 0 0 562 0 0 0 
1 0 4779 141 280 3 341 27 
0 0 0 1 0 0 0 3550 
0 1 1 0 0 0 556 0 
581 0 0 0 0 0 0 0 
252 170 0 25 2027 0 1 411 
0 0 0 0 556 0 0 0 
23 17 0 209 0 0 7 149 
0 0 0 0 0 0 1056 0 
0 0 0 0 0 0 8552 326 
0 0 1 430 1 0 0 0 
23 0 0 1 640 15 0 2 
0 12 0 0 0 0 0 271 
7 0 1016 0 154 3 69 291 
0 0 0 0 274 1 0 1 
0 0 0 0 0 0 982 0 
0 1631 0 0 0 0 0 6 
0 0 0 0 0 0 0 671 
0 0 1 0 1 0 30 1525 
0 0 0 0 0 0 0 1010 
0 0 0 0 0 0 4 1457 
0 0 0 0 0 0 804 0 
0 0 0 0 0 0 672 0 
0 0 0 0 0 0 1 2898 
3 0 617 0 0 0 0 0 
0 0 0 0 0 0 0 691 
20 308 3 31 1164 0 68 3323 
0 0 1972 22 2 1 0 0 
0 0 0 0 0 0 0 1446 
0 174 454 25 0 1 2095 0 
1 0 0 0 0 0 653 1 
0 0 0 0 0 0 2217 31 
0 13 4 0 0 24 680 0 
0 0 0 0 0 0 1230 0 
0 0 0 0 0 0 1914 0 
1 0 0 0 797 12 1 0 
4 942 0 46 15 35 0 0 
47 0 777 4 0 0 207 0 
0 0 0 0 1 267 0 0 
0 0 0 1 0 0 647 0 
0 2 0 0 1 0 2204 0 
0 0 0 0 0 0 669 0 
0 1 0 0 0 0 4 423 
1 1 0 0 0 0 1153 0 
0 2225 0 15 18 0 0 0 
0 0 0 2 0 0 0 1203 
0 3818 0 0 1 0 0 0 
0 2 917 0 0 0 0 0 
0 0 0 0 0 0 0 832 
0 0 0 0 0 0 787 4 
1 0 160 62 0 3 2 0 
0 0 0 2 0 0 0 2521 
0 8 0 0 0 218 0 969 
2 0 0 0 0 0 1985 30 
0 0 0 0 0 0 0 924 
0 0 0 0 0 0 709 0 
0 0 0 0 0 0 976 0 
0 1649 0 0 0 0 0 0 
260 1 0 1 0 2 1 0 
0 1 0 0 0 0 0 383 
1 548 1 0 0 0 0 7 
0 1 0 0 0 3 26 236 
0 13 197 0 0 0 49 186 
0 0 0 0 0 0 3 855 
2 0 0 0 0 0 1106 0 
0 0 0 0 0 0 0 1840 
0 10 165 31 0 109 70 523 
0 0 0 0 0 0 0 835 
8 612 258 0 0 0 5 4 
0 0 22 2 0 42 1017 0 
0 0 0 0 0 0 0 384 
0 0 0 16 0 0 0 475 
0 0 0 0 0 0 0 1245 
0 0 0 0 0 0 861 0 
0 0 0 0 0 12 1 323 
13 0 4 1 0 0 2000 2 
0 0 0 0 3 0 0 939 
0 0 0 11 0 0 0 345 
7 1 0 1 0 598 0 0 
0 0 0 0 0 0 1137 0 
0 0 1 0 3 105 0 0 
0 0 0 0 0 0 0 495 
0 0 0 0 0 0 804 0 
0 0 0 35 0 0 0 484 
0 0 0 0 0 0 2029 5 
1 0 0 0 0 0 522 0 
193 1576 0 5 0 0 612 2718 
0 0 0 0 0 0 0 750 
0 0 0 1 0 0 367 0 
29 268 26 0 71 16 0 0 
0 0 0 0 0 0 536 0 
1 0 2006 0 0 0 0 0 
0 0 1031 1 0 0 0 0 
3 0 1 0 0 251 0 0 
947 0 84 125 0 0 0 1 
1 0 1 1 0 0 0 241 
5 741 0 0 0 1 0 0 
0 118 5 0 0 1 0 38 
0 0 0 1 0 4 0 549 
22 0 0 0 0 1 193 210 
0 25 0 0 0 6 16 165 
0 0 0 0 0 0 130 1 
0 342 0 0 0 0 0 0 
0 0 0 2 0 154 1 1 
0 0 0 0 36 9 2 338 
0 0 0 0 0 0 0 149 
0 0 0 0 0 0 663 0 
0 577 0 0 0 0 0 0 
0 2 2 0 0 0 490 0 
0 28 0 19 0 0 7 78 
0 260 41 0 41 0 44 29 
0 57 212 1 23 0 0 156 
126 0 0 0 3 2 0 0 
4 0 2 0 1 2 2 181 
3 0 150 0 1 0 0 0 
0 0 0 0 1 0 8 226 
2 0 0 0 0 0 435 0 
0 0 12 0 3 0 136 0 
0 0 0 0 0 0 672 0 
0 2 0 0 3 14 152 2 
8 0 0 0 1 0 0 97 
353 0 0 0 8 19 0 1 
0 31 1 7 0 20 19 177 
0 0 0 0 0 0 432 0 
0 0 6 0 0 0 229 0 
0 0 0 0 1 0 880 0 
0 0 0 0 0 0 838 4 
2 0 0 3 156 0 176 0 
0 0 0 1 0 0 14 223 
3 2 0 0 0 0 1840 2 
0 0 0 0 0 0 1322 6 
1 2 107 0 0 1 0 0 
0 2 0 3 1399 0 0 0 
0 0 2201 0 0 0 0 1 
0 0 0 0 0 0 74 45 
0 1146 2 6 307 0 1 0 
13 57 0 0 61 0 0 32 
63 54 79 0 0 74 34 23 
0 0 311 6 0 5 1032 155 
135 57 0 0 0 0 59 4 
478 0 0 33 2 2 3 0 
92 1 0 0 0 1981 50 10 
0 0 613 29 0 3 0 16 
70 110 203 0 0 0 3 54 
0 0 1 0 2 0 656 0 
0 0 7 0 10 0 145 113 
1 1264 723 0 19 1 1 191 
0 0 2 0 0 0 36 538 
0 23 1 0 0 60 0 0 
6 0 627 0 0 11 0 1290 
295 0 11 0 404 0 806 0 
0 0 0 0 1 2 2 149 
0 3 211 117 0 120 8 0 
1 0 4 35 0 0 0 539 
7 410 44 0 253 19 0 44 
0 0 0 0 0 0 0 2305 
1 42 90 0 2 16 6 74 
60 0 411 1 0 0 493 2 
1 0 0 5 0 1 494 0 
664 0 0 0 22 1303 318 3067 
0 82 77 167 7 25 0 0 
40 6 0 0 1176 0 0 78 
3 628 8 453 0 0 77 121 
0 0 105 9 393 0 0 26 
0 0 0 0 0 0 0 417 
0 0 717 0 2 0 0 0 
0 0 0 0 135 53 0 20 
0 73 5 296 0 13 161 0 
32 5 176 2 47 0 2 541 
0 208 0 0 0 0 58 0 
1 79 0 31 4 4 0 3 
1 0 0 103 0 0 0 5 
300 0 0 0 0 0 0 0 
24 269 0 0 1 45 8 0 
0 0 0 0 0 0 1846 0 
0 0 26 2 0 0 0 432 
0 113 0 0 0 2 1 511 
12 423 122 0 0 70 48 0 
0 0 0 0 0 0 4 258 
585 0 0 0 0 2 0 0 
0 1 0 16 17 50 138 0 
20 261 8 0 20 1 14 0 
0 7 0 2 327 0 2 222 
3 0 0 0 16 0 4 190 
0 185 35 176 14 0 0 5 
0 0 0 0 150 0 6 14 
1 0 0 0 0 0 248 0 
1 0 633 0 11 76 3 11 
0 0 0 55 0 0 12 9 
0 1 0 0 0 0 3149 0 
0 0 6 8 1 62 4 1 
0 2 0 0 0 98 0 0 
0 0 21 0 8 0 120 3 
114 0 0 0 0 3 0 0 
0 0 12 0 1 0 5927 14 
1 13 0 156 7 62 15 43 
0 311 0 0 0 27 0 725 
45 5 0 26 0 3 786 0 
0 176 10 0 0 0 1 2 
0 0 0 1 0 0 0 482 
284 47 0 49 0 0 1 2 
1 0 0 0 14 103 14 22 
46 24 13 0 85 17 0 0 
0 9 0 183 0 298 28 1 
105 14 55 2 0 0 0 0 
0 0 59 24 0 1 0 0 
0 0 0 11 117 0 0 0 
0 0 240 0 13 0 0 1 
1 0 162 46 0 51 0 6 
2 187 2 0 0 0 0 0 
135 0 0 0 0 2 6 0 
0 0 1 0 0 1 556 0 
76 2 0 25 0 0 107 0 
13 20 188 0 32 6 3 0 
14 251 22 0 32 100 35 0 
0 10 279 1 1 0 823 0 
0 5 0 13 96 51 3 3 
0 32 16 13 1 24 0 55 
115 2 0 14 0 2 207 39 
0 0 1 0 0 8 190 19 
0 0 318 0 2 0 340 1 
4 0 290 0 124 9 955 449 
7 256 0 0 0 1 29 3 
0 16 0 1 38 0 47 0 
31 7 6 4 88 5 251 0 
0 3 0 0 1 1 0 863 
1 0 0 0 0 0 218 0 
1 1 0 0 112 75 150 0 
10 0 0 10 0 4 108 1 
0 0 0 0 0 0 389 0 
0 0 0 0 0 8 269 0 
0 104 0 0 0 2 0 0 
0 9 407 7 0 0 232 87 
0 0 0 0 5 1 434 0 
0 9 0 8 56 18 458 3 
8 0 5 0 0 3 687 17 
0 49 0 2 0 0 0 59 
10 0 0 333 0 0 0 1 
0 0 315 0 0 1 0 0 
0 7 0 1 0 0 0 198 
0 0 1440 0 0 0 0 0 
0 0 0 0 0 0 0 1484 
169 2 38 42 0 0 0 7 
3 12 0 36 0 0 0 204 
6 0 1 0 0 1 410 0 
0 0 1 4 0 0 3 237 
11 0 995 6 1 5 1 91 
0 0 0 0 290 0 1 0 
0 227 1 11 12 3 0 0 
0 0 0 0 0 0 0 537 
0 0 0 0 0 0 0 1871 
2 206 42 239 0 24 0 6 
0 41 91 1 15 184 590 0 
0 0 0 0 0 0 488 0 
0 0 13 0 0 0 0 131 
38 5 0 1 5 0 11 821 
0 0 0 8 0 5 364 10 
0 15 0 0 1 0 0 234 
0 71 0 52 31 5 0 0 
40 3 2 0 15 0 0 47 
0 0 0 0 481 0 0 0 
81 67 0 0 74 4 0 2 
0 0 0 365 0 0 0 0 
0 0 0 0 0 0 0 1140 
0 0 0 0 0 0 669 216 
0 0 328 4 5 0 196 0 
0 0 0 0 0 0 0 1085 
0 0 0 0 314 0 0 0 
0 0 0 0 0 0 1607 0 
10 0 0 0 17 49 309 0 
188 1 1 0 0 0 0 1 
0 269 4 0 6 0 0 0 
1 11 0 0 88 0 52 0 
6 0 222 1 0 0 0 0 
0 0 0 130 5 0 78 15 
0 0 16 0 17 4 17 179 
0 3 80 1 27 0 0 36 
0 0 0 0 0 1 361 11 
0 0 3 0 0 1 4755 2 
0 1 0 0 94 11 0 9 
2 0 1 1 394 0 0 0 
0 0 0 0 379 0 1 0 
33 0 115 0 0 304 0 0 
0 0 0 0 0 0 589 0 
7 0 3423 0 0 0 0 5 
0 0 0 0 0 0 0 1166 
1 0 0 0 0 0 1 396 
0 0 0 0 2 0 0 9840 
0 0 11 2 100 19 683 0 
0 0 0 0 0 0 0 3875 
1 0 180 0 0 66 1 0 
0 0 0 0 0 0 266 0 
12 0 0 47 14 0 13 45 
92 0 3 5 1 0 2 42 
