0 0 0 0 0 5505 0 0 
0 1 0 0 0 19499 2 0 
0 0 0 0 0 1 1460 1 
16 8058 4 2 0 0 0 0 
0 0 0 0 0 4 2753 0 
1 0 259 0 0 1 0 0 
0 0 0 3 13 0 2 402 
1743 0 0 0 0 0 0 2 
0 0 0 0 0 0 0 1771 
0 0 0 0 0 0 5 4224 
179 1810 0 824 1 0 6 0 
3 873 4 0 0 53 0 0 
0 813 7 0 4 0 4 139 
343 2971 5 2 0 0 57 0 
0 0 0 0 5 0 1 3046 
0 0 0 0 0 0 1748 1 
7 47 2 11 2 127 132 3231 
0 1 0 0 0 2207 1 0 
0 14 1096 8 0 0 514 0 
1175 2 7 1 17 1037 0 0 
2 0 4 0 0 10719 78 1 
4927 0 0 0 0 0 0 0 
1 101 0 0 9 0 815 1020 
0 0 0 0 0 20690 1 0 
0 0 0 0 0 6 842 4 
0 0 0 39 0 6371 3 0 
0 4685 0 0 0 0 1 0 
18 2378 60 0 0 674 10 0 
140 941 0 0 0 359 1603 0 
1685 0 396 4 0 11 98 380 
1 91 12 200 0 2164 0 38 
1406 0 0 1 0 0 0 0 
0 3 0 522 0 0 0 3 
0 0 0 0 0 0 43 3306 
21 0 11 0 0 0 0 1118 
53 0 0 0 0 0 0 3935 
0 0 0 0 0 0 239 0 
0 0 0 0 0 0 214 0 
0 67 0 15 0 15 1338 1 
0 0 1 0 537 0 0 0 
0 0 0 0 3 1 452 3 
0 0 0 1 0 0 489 0 
0 1917 1 0 0 0 0 0 
305 771 10 15 136 0 8 3 
0 0 0 21 0 2581 0 495 
2 73 406 28 7 811 0 351 
5 7 0 11 9 10 627 4 
0 0 3025 1 0 0 1 4 
0 0 2097 0 0 5 0 3 
1 1 0 0 0 7413 0 0 
0 0 0 1 0 0 0 2030 
51 792 1 7 1442 4 2 9 
0 1 0 150 0 33 325 0 
0 0 2 0 0 8678 0 14 
0 0 0 0 0 0 347 547 
1052 7 4 0 10 1611 173 1390 
1 0 2 0 1 9750 0 0 
0 0 265 0 4 31 1 24 
0 0 0 11 936 3438 109 0 
2 0 53 4 0 2389 19 61 
1290 5 0 62 308 114 1 49 
0 5816 0 0 0 0 1 2 
0 0 6 0 0 1165 1 0 
360 0 0 4 14 12 225 791 
1647 0 0 0 0 0 0 0 
0 0 653 2 0 0 13 70 
414 9 13 3 4 1071 0 0 
0 0 2664 0 28 0 0 0 
0 6 0 16 264 26 0 0 
176 1177 0 0 1251 0 81 0 
0 0 0 0 0 9162 4 0 
0 0 0 0 0 0 0 676 
40 4 0 0 0 0 138 243 
0 46 3 125 6 42 199 293 
0 0 0 0 0 22 3553 6 
0 2130 0 0 0 0 0 0 
0 0 0 0 2 0 2 227 
0 0 0 76 492 168 1415 0 
852 0 0 0 66 0 708 1211 
1878 66 0 227 1 481 7 0 
43 0 0 0 0 111 15 7 
3 0 529 0 0 0 0 0 
0 0 12 0 0 0 0 1199 
35 2 15 39 216 2 0 0 
0 61 97 5 26 0 0 2 
0 0 0 0 2 0 3 1012 
0 0 1 0 683 0 0 1 
0 0 0 0 0 0 0 1808 
13 5 0 0 11 1 2553 0 
0 0 1985 1 0 0 0 0 
0 0 0 0 0 562 0 0 
0 2 0 0 0 0 1 5569 
0 3552 0 0 0 0 0 0 
0 19 0 0 48 512 1 0 
0 129 0 7 27 0 414 4 
2886 0 0 0 0 0 0 0 
0 0 561 0 4 0 0 0 
0 102 18 0 0 283 0 2 
78 749 22 0 101 2 0 93 
0 0 0 0 0 8841 0 0 
0 5 0 117 0 0 26 285 
0 0 0 0 0 0 0 681 
0 1 0 0 0 7 275 0 
0 0 0 0 0 1530 0 1 
0 7 0 0 0 0 5 264 
0 0 0 0 973 0 0 0 
0 0 0 0 3 16 0 1610 
620 0 0 0 0 40 12 0 
1506 2 0 0 0 0 0 0 
0 0 0 0 0 856 101 52 
0 1431 0 0 0 1 0 7 
213 26 0 7 0 602 3 12 
5 12 21 189 0 0 71 374 
0 0 0 0 0 2859 0 0 
59 3 166 0 0 386 5 0 
12 24 95 550 9 1 0 0 
0 0 0 0 0 0 0 4917 
0 0 0 0 25 2020 0 0 
3 0 0 0 71 1293 70 9 
0 0 0 0 0 0 0 2749 
0 4 4 0 0 3 592 52 
2297 0 0 0 0 0 1 1 
0 609 1 2 81 0 41 0 
53 1 3 6 236 725 223 0 
2 0 1910 3 0 0 1 2 
0 0 0 0 0 0 812 0 
0 0 0 0 1047 0 0 0 
0 0 0 0 1 0 0 1044 
0 0 0 4 264 0 0 0 
5 0 0 0 0 695 0 0 
0 2204 0 2 0 0 0 0 
4 0 0 1 18 662 0 0 
0 0 71 0 0 342 0 6 
0 0 0 12 0 1117 0 0 
0 0 0 0 0 0 2253 1 
0 474 2 1 626 71 0 0 
0 0 0 0 0 0 2 3803 
0 5 0 4 210 706 0 0 
46 0 1 281 0 0 158 346 
0 0 0 4 0 709 0 0 
217 1 0 0 0 0 0 10 
0 2461 0 1 0 0 6 0 
0 0 0 1 2 0 1197 0 
2065 0 0 0 0 0 0 0 
0 0 912 0 0 0 0 0 
0 14 27 3 24 0 642 0 
0 42 1 3 452 364 1 103 
427 19 0 0 0 0 65 1154 
169 1 0 0 0 0 84 11 
0 0 0 0 0 0 388 0 
0 0 1 0 548 3 0 0 
0 13 1 26 0 0 5 221 
0 86 22 28 0 0 28 281 
0 0 0 0 861 0 0 0 
80 249 723 0 0 0 54 2 
1924 0 0 0 0 0 11 2 
903 0 0 0 0 0 0 5 
0 0 15 0 0 0 820 0 
2 0 0 0 0 0 0 876 
0 1083 0 0 0 0 0 0 
33 8 122 0 0 0 208 0 
0 0 52 5 0 0 439 6 
0 1267 0 0 0 0 0 0 
821 0 0 1 14 9 15 5 
0 4 1 0 0 0 46 285 
0 0 0 0 0 2062 3 0 
588 0 0 222 90 4 38 0 
0 0 74 0 0 149 35 98 
3 0 0 0 0 0 7 597 
72 0 44 0 1 0 521 499 
2 0 0 0 0 0 0 107 
0 33 0 16 100 128 181 0 
0 28 527 0 243 0 6 0 
0 519 0 0 0 0 0 0 
0 0 0 0 0 2042 0 0 
4 451 91 0 0 1 0 0 
0 0 0 0 1 5111 0 0 
568 3 0 107 36 10 0 14 
0 131 0 0 0 181 1 59 
2 0 0 0 0 0 0 407 
3 18 14 2 145 348 0 6 
0 0 0 0 0 1960 0 0 
0 0 0 1 0 0 0 1011 
2 0 0 78 18 113 44 0 
0 0 0 0 0 0 1144 1 
11 0 0 230 0 0 0 3 
0 0 0 0 0 0 0 741 
0 0 0 35 66 0 89 0 
0 9 0 0 45 195 0 305 
106 0 119 2 11 31 0 157 
0 0 0 0 0 0 208 4 
0 0 0 130 0 0 1 0 
0 0 0 0 0 0 348 0 
0 1 157 0 0 0 0 0 
0 0 0 0 0 386 0 0 
24 95 0 20 0 0 7 3 
0 21 0 3 1 605 0 27 
574 0 0 0 0 3 0 0 
2 0 0 7 77 22 3 383 
0 0 0 0 0 0 134 0 
0 0 0 0 0 1 0 407 
0 0 447 0 0 0 0 2 
0 35 73 0 20 0 3 0 
0 17 0 122 0 2 82 1 
0 9 1 0 16 122 5 1 
0 14 0 0 0 129 92 0 
0 2 141 273 13 0 0 8 
0 0 0 0 0 0 151 0 
608 0 0 0 1 2 0 35 
152 3 1 13 0 3 0 4 
4 68 0 0 0 0 8 26 
0 0 0 0 0 0 0 381 
0 193 0 7 0 0 55 0 
9 0 419 0 0 1 3 0 
0 0 0 0 0 0 235 0 
0 441 14 236 0 0 0 163 
5 52 0 4 119 6 653 3 
0 1 0 0 10 326 0 0 
0 0 0 0 0 0 238 0 
0 0 0 0 0 1858 0 0 
6 75 67 5 812 115 244 0 
64 0 1 36 9 1 0 0 
11 321 695 10 0 34 0 332 
0 0 0 0 0 1 2201 0 
0 0 0 0 0 1 118 0 
0 0 0 4 1 0 0 1451 
0 0 13 4 100 0 46 0 
1 0 83 100 109 1 33 0 
0 0 0 0 0 0 0 1495 
0 0 0 0 0 0 1 255 
515 2 0 0 0 0 0 1 
4 0 0 0 0 2134 0 0 
0 0 0 0 0 0 662 0 
0 0 0 0 440 0 0 0 
0 0 0 0 0 0 635 21 
0 0 274 0 1 0 0 1 
0 0 0 1 0 0 2200 0 
2 0 574 0 0 0 0 0 
0 81 0 0 0 0 3 0 
0 0 0 0 0 1 1933 0 
0 0 0 0 0 0 0 1516 
0 0 0 0 154 0 0 0 
0 0 458 1 0 0 0 0 
0 0 0 0 0 0 623 0 
0 0 1 0 0 0 779 0 
2305 3 0 0 0 0 0 3 
122 0 0 0 4 51 0 54 
0 0 0 0 0 0 54 893 
0 1 500 0 0 0 0 0 
0 0 1 0 0 5352 8 0 
0 0 1 0 0 357 0 0 
0 0 0 0 0 0 1299 0 
0 1290 0 0 0 0 0 0 
0 0 0 0 0 532 0 0 
0 269 73 0 3 7 65 0 
1 714 0 4 0 0 0 0 
12 126 0 1 10 2 0 57 
0 521 25 0 0 0 2 0 
0 0 0 0 0 0 0 809 
3 0 0 125 1 10 127 0 
0 1 0 2 104 4 0 5 
0 109 0 0 0 0 0 0 
0 5 0 29 112 154 0 0 
0 0 346 0 0 1 0 0 
0 20 74 0 226 1441 0 117 
0 0 0 0 0 0 0 457 
0 0 0 0 0 0 0 627 
0 675 0 0 0 0 0 0 
0 6 254 0 0 0 2 0 
0 0 0 0 0 587 0 0 
0 0 0 0 213 0 0 0 
0 0 325 0 0 0 0 0 
1 0 0 0 1 37 519 0 
0 2 0 0 0 0 211 0 
0 0 0 0 0 415 0 0 
0 0 0 0 0 0 0 170 
46 0 80 115 0 7 1 0 
0 0 2 0 1 0 712 0 
4 0 10 1 0 0 28 33 
0 0 2 2 0 3334 0 0 
0 0 2 5 8 0 0 67 
2 0 0 0 25 54 18 1 
2 16 54 0 39 12 29 0 
16 14 0 65 19 0 3 0 
0 5954 0 0 0 0 2 0 
156 0 22 0 48 0 22 49 
0 3 1052 0 0 0 0 0 
0 0 0 0 0 0 0 866 
0 0 0 0 0 0 189 0 
43 252 12 3 124 51 2 1 
0 210 0 0 0 0 0 173 
7 0 89 0 0 56 0 2 
1 0 0 0 0 0 63 121 
0 519 0 0 0 0 0 0 
0 0 1 0 0 0 185 3 
1 19 1 9 0 54 0 0 
0 5 23 8 0 0 0 92 
18 49 156 0 0 0 26 5 
0 0 0 0 0 4 0 262 
0 0 6 1 0 157 27 0 
0 0 1 0 0 2 18 121 
0 0 0 0 0 0 46 526 
0 0 0 8 201 1 0 0 
0 0 54 20 0 65 58 65 
79 0 0 0 0 5 0 370 
0 0 0 0 0 0 0 1114 
2 0 0 0 167 0 0 2 
0 0 3 0 26 0 0 112 
107 0 0 208 62 0 0 0 
0 4 208 0 0 0 2 4 
0 660 1 0 0 0 0 0 
0 0 0 0 0 1825 0 0 
109 82 0 0 18 0 82 5 
0 0 0 0 4 0 95 3 
0 0 0 0 0 0 0 405 
12 0 841 0 15 0 0 0 
0 0 59 23 0 137 0 0 
0 0 0 0 165 174 0 0 
0 0 4 0 98 31 0 0 
13 1 1 19 0 162 34 141 
0 24 38 0 0 2 213 0 
0 0 1 0 0 0 0 105 
0 0 0 0 0 0 1 741 
191 33 0 81 0 0 65 70 
3 0 0 0 196 51 302 0 
0 0 0 0 0 0 720 0 
0 1 0 10 0 98 0 1 
0 0 21 0 4 304 1 14 
0 25 0 0 0 268 5 0 
6 0 0 1 8 39 152 0 
0 0 44 0 0 321 1072 17 
35 0 0 0 0 1372 0 77 
6 0 0 1 0 35 16 200 
1 11 97 0 30 16 72 0 
0 0 0 1 426 0 0 0 
0 0 0 0 245 0 0 0 
0 0 0 0 0 0 0 1114 
0 0 166 59 0 55 0 2 
0 0 0 0 0 0 254 0 
1 0 0 193 33 270 15 30 
30 998 0 0 858 1 0 0 
1 0 0 0 0 0 0 521 
1 0 0 0 0 1 0 892 
0 3 0 0 494 0 0 0 
9 4 1 6 36 85 0 3 
0 0 893 0 4 0 3 0 
2 0 0 0 0 0 0 385 
1 0 249 0 0 0 0 0 
0 0 0 0 0 0 0 159 
0 1 0 0 0 0 57 49 
21 4 38 0 4 0 387 27 
0 0 0 2 208 18 0 0 
8 14 18 0 3 0 60 262 
0 0 341 23 20 612 100 45 
0 12 0 0 14 0 2 877 
0 0 0 0 0 0 535 0 
0 296 0 23 485 231 0 64 
0 2 0 0 0 1 309 2 
3 634 104 0 0 842 0 0 
0 0 0 0 0 0 0 385 
0 0 0 0 0 0 0 191 
0 2 0 0 54 0 223 0 
0 0 5 35 0 14 98 0 
11 50 166 0 0 2 0 0 
0 226 0 2 0 0 0 0 
2 0 0 0 0 0 111 120 
106 33 2 0 3 0 3 0 
158 0 41 161 0 1 0 12 
4722 0 0 1 1 0 11 0 
3 107 0 0 1 0 1 3 
1 161 3 0 6 16 0 211 
0 0 1 0 0 1 378 0 
0 0 0 0 0 0 452 0 
0 0 0 0 0 0 0 570 
0 0 0 0 1 0 3407 7 
6 4 0 6 0 1157 0 2 
0 0 0 0 3 0 350 0 
0 0 1 0 0 9847 71 0 
0 11 33 190 0 586 0 0 
3821 0 0 0 2 0 0 0 
0 2 0 0 0 0 0 246 
0 150 0 0 21 0 0 95 
0 0 47 0 16 66 0 2 
0 0 0 0 0 0 0 145 
