0 0 0 0 0 5589 0 0 
1 0 0 0 0 20115 1 1 
0 0 1 0 0 9641 113 0 
6 8261 1 1 0 2 0 2 
1 0 0 3 0 1 3162 0 
0 0 386 0 12 0 0 0 
3 0 0 0 0 0 0 400 
1777 0 0 0 0 1 0 7 
0 0 2 1 0 0 0 1742 
1 0 0 0 0 0 2 4157 
1091 794 73 744 26 29 85 0 
0 933 0 0 0 9 0 0 
0 74 431 325 4 34 8 0 
121 94 39 12 0 0 82 1190 
0 0 0 0 3 0 6 2884 
0 0 0 0 0 0 1690 1 
0 5 33 140 0 1122 191 2047 
0 0 0 0 0 2199 0 0 
0 0 50 0 0 3 1407 0 
744 0 3 2 0 411 333 18 
0 0 1 0 0 10697 77 0 
4927 0 0 0 0 0 1 0 
16 0 16 10 30 299 453 1137 
0 0 0 0 0 21355 0 0 
0 0 0 2 0 0 1010 2 
1 0 0 48 0 6471 3 0 
0 5260 0 0 0 0 0 0 
284 1951 0 2 0 896 17 90 
5 30 13 97 0 376 1600 0 
11 2 68 8 81 1435 336 47 
247 140 0 0 0 2559 9 58 
2043 0 0 0 0 3 2 0 
0 0 1 520 0 0 7 0 
0 0 0 0 0 0 40 3323 
0 0 59 11 0 0 0 1202 
22 0 0 0 0 2 0 3675 
0 0 0 0 0 0 240 0 
0 0 0 0 0 0 214 0 
14 17 3 8 0 1 733 630 
1 0 0 1 544 0 0 0 
0 0 2 2 0 0 455 0 
2 0 0 0 0 0 483 1 
0 1912 0 4 4 0 0 0 
308 0 0 78 0 362 63 461 
0 2 50 0 0 115 1594 1300 
111 0 0 373 142 0 0 3 
0 0 0 0 2 156 527 0 
3 0 3685 2 4 0 1 22 
0 0 2336 0 0 18 0 0 
0 0 0 0 0 7572 0 0 
0 0 0 0 0 0 0 1969 
1136 344 17 120 349 302 37 163 
0 8 10 37 147 32 149 136 
4 0 0 0 0 8821 0 17 
0 2 0 3 0 0 382 501 
697 0 8 0 2 1122 716 1627 
0 0 0 0 0 9795 0 0 
4 0 176 0 2 0 0 143 
0 0 0 0 908 3373 17 0 
10 0 6 0 0 2388 0 0 
987 0 0 0 112 0 0 767 
0 4830 0 0 0 0 1 8 
1 0 4 0 0 1179 0 0 
884 16 78 35 0 0 164 39 
1647 0 0 0 0 0 0 0 
0 0 556 41 0 30 0 154 
0 57 0 132 0 694 0 285 
0 0 2801 0 4 0 0 0 
0 0 85 15 213 2 0 0 
11 1550 41 1 644 350 37 3 
2 2 0 0 0 9032 3 0 
0 0 0 0 0 0 0 630 
0 0 0 0 0 0 0 427 
0 432 3 0 0 0 1 245 
0 0 0 1 0 37 3870 2 
1 2119 0 0 1 0 0 1 
3620 0 1 0 0 0 0 0 
0 0 1 0 0 0 0 230 
0 1 58 0 0 971 739 320 
915 341 174 0 0 11 609 756 
972 0 0 75 0 1622 0 0 
0 0 0 0 0 242 0 2 
0 0 523 0 0 0 0 0 
0 0 0 1 0 13 5 1211 
51 0 0 0 0 6 232 20 
2 41 98 18 0 0 0 61 
0 0 0 0 0 0 0 999 
2 8 0 0 557 0 0 16 
0 0 0 0 0 0 0 1794 
1 0 0 0 5 0 2442 0 
0 0 2024 2 0 2 0 0 
0 0 0 1 0 561 0 1 
0 1 1 0 2 0 0 5649 
0 3645 0 3 0 0 4 0 
0 197 62 154 29 62 2 0 
0 24 2 197 0 0 358 0 
2898 0 0 0 0 0 0 0 
0 0 498 0 0 0 0 0 
0 116 104 33 8 1 0 156 
9 589 0 428 0 0 12 0 
0 0 0 2 0 9121 0 0 
0 5 0 10 0 7 398 0 
0 0 0 0 0 0 0 642 
1 0 1 0 0 0 319 0 
0 2 0 1 1 3 1464 0 
0 0 0 0 0 1477 0 0 
0 0 0 0 49 271 82 0 
1 0 0 0 955 0 5 0 
15 2 10 1 0 13 0 1575 
0 16 2 11 0 225 64 482 
1438 0 0 0 0 0 0 0 
15 0 20 0 0 958 0 0 
0 1473 0 2 1 0 0 0 
656 0 22 0 0 116 0 0 
7 0 0 75 214 1 7 392 
0 0 0 0 0 3240 21 0 
0 0 6 263 6 379 0 0 
15 0 30 76 79 6 0 500 
0 0 0 0 0 0 0 4776 
0 0 0 0 27 1979 3 0 
0 0 3 0 1 1780 153 283 
0 0 1 1 1 0 0 3234 
0 1 75 0 10 47 200 332 
2693 0 0 0 0 0 0 2 
482 90 0 0 9 38 6 60 
56 0 221 100 331 112 162 254 
0 0 1527 0 0 0 0 0 
0 0 0 0 0 0 812 0 
0 0 0 0 1013 0 0 0 
0 0 0 0 0 0 0 934 
0 0 0 0 277 0 0 0 
0 0 0 0 0 672 0 0 
0 2337 0 1 0 0 0 9 
15 345 9 35 0 14 164 100 
0 3 18 1 24 716 0 67 
0 33 7 243 38 70 0 0 
5 0 1 0 0 1281 1 0 
0 0 0 0 1 0 1945 1 
1 273 0 74 0 0 0 243 
0 0 0 0 0 0 2 4000 
0 0 156 0 1 278 512 11 
0 0 103 161 0 78 489 0 
0 3 0 0 0 422 0 0 
225 1 0 0 1 0 1 0 
2 2698 0 1 0 0 0 0 
0 0 0 0 0 0 1219 0 
2080 2 0 0 0 0 0 0 
0 0 937 0 0 7 1 0 
2 0 0 0 0 62 377 1 
0 0 0 18 0 628 0 238 
59 0 72 119 0 0 21 1526 
2 0 18 9 138 36 45 67 
0 0 0 0 0 0 367 0 
5 0 11 23 552 0 0 0 
0 11 0 0 0 0 104 212 
0 0 0 3 2 0 245 174 
0 0 0 0 880 0 0 0 
237 261 134 64 0 204 0 20 
2267 0 0 0 1 0 0 12 
848 0 0 1 0 0 0 18 
0 0 0 0 0 0 800 15 
0 0 0 0 0 0 0 917 
8 0 208 0 0 44 0 4 
3 1086 0 0 0 0 0 0 
0 0 18 0 0 27 149 3 
6 102 0 227 0 2 201 0 
0 1253 0 1 0 1 0 0 
1482 0 1 30 0 0 0 20 
0 0 0 0 0 1 1 284 
3 3 0 0 0 1581 1 0 
346 111 0 0 25 521 5 0 
0 0 0 0 1 0 319 3 
0 0 0 0 0 0 9 598 
24 69 0 1 0 0 981 28 
0 0 0 0 1 0 0 108 
0 94 17 0 0 11 335 0 
0 116 7 8 26 501 0 5 
0 519 1 0 0 0 0 0 
1 0 1 0 0 587 0 0 
3 530 38 0 0 0 43 0 
0 0 0 0 0 1940 0 0 
0 0 0 0 1 5094 0 0 
0 0 1 8 0 0 571 0 
74 4 0 0 0 2 6 283 
0 250 0 0 0 0 0 0 
0 0 0 0 0 0 0 375 
0 13 2 0 0 557 5 0 
0 0 0 1 0 1948 0 0 
3 0 0 0 0 0 0 1040 
0 0 0 259 0 0 0 0 
6 0 0 2 0 0 698 0 
8 5 0 237 0 1 0 0 
0 3 0 0 0 0 0 710 
0 0 0 0 17 7 1 150 
0 0 0 0 0 0 10 535 
0 10 0 58 46 240 62 1 
0 0 1 1 0 0 204 2 
0 0 2 128 1 0 0 0 
0 1 0 0 0 0 450 3 
0 0 158 0 0 0 0 0 
0 0 0 0 0 384 0 0 
0 19 0 0 4 0 171 3 
0 3 0 25 0 609 23 3 
570 0 0 2 0 0 2 3 
0 0 193 0 17 244 0 4 
0 0 0 0 0 0 144 1 
0 0 0 0 0 1 0 349 
18 0 410 0 0 1 0 8 
0 89 21 7 4 10 0 0 
230 1 0 0 2 5 0 0 
0 0 75 0 0 0 0 79 
0 917 0 0 0 0 0 0 
0 0 95 0 0 183 1 0 
72 0 2 361 0 0 0 0 
3 25 0 0 0 16 107 0 
2 1656 0 0 0 0 12 260 
584 0 0 0 0 0 0 46 
149 0 0 1 0 0 0 0 
93 11 0 0 1 0 1 0 
0 255 0 0 0 0 0 0 
0 0 1 0 0 0 0 380 
0 14 0 0 0 0 1 227 
0 0 430 2 0 0 0 0 
0 0 0 0 0 0 226 1 
3 0 4 0 0 0 200 0 
21 615 0 1 0 27 26 178 
105 0 112 0 0 29 0 35 
0 537 359 12 0 57 23 0 
0 4 0 9 10 112 35 1 
2 0 44 75 1 0 0 0 
3 0 0 0 0 1881 0 3 
937 0 36 16 6 31 1 244 
0 0 69 0 1 0 1 40 
0 953 213 0 14 0 0 204 
0 0 0 0 0 1 2472 0 
2 0 1 0 0 0 162 0 
0 0 0 0 0 0 0 1405 
27 0 0 0 0 0 136 0 
7 260 2 0 0 6 33 0 
0 0 0 0 0 0 0 1455 
10 0 0 0 0 2 0 234 
580 0 0 0 4 0 0 0 
0 0 0 0 0 2091 0 0 
0 0 0 0 0 0 616 0 
0 0 0 0 470 0 0 0 
391 1 0 0 0 0 264 5 
2 0 240 0 0 0 0 0 
0 0 0 0 0 0 2067 0 
0 0 503 0 7 0 0 1 
1 0 0 8 0 75 0 0 
0 0 0 0 0 0 1901 0 
0 0 0 0 0 0 0 1486 
1 0 0 0 153 0 0 0 
0 0 459 0 0 0 0 0 
0 0 0 0 0 0 611 0 
0 0 0 0 0 0 804 0 
2099 8 0 0 0 0 0 7 
9 35 0 20 0 168 5 0 
0 0 0 0 0 0 41 872 
0 0 502 0 0 0 0 0 
0 1 1 0 0 5287 5 0 
0 0 0 1 15 299 0 0 
0 0 0 0 0 0 1299 0 
0 1320 0 0 0 0 0 0 
0 0 0 0 0 533 0 0 
0 191 3 52 0 0 109 1 
2 461 14 0 0 0 0 2 
0 0 0 0 0 0 0 192 
3 13 1 0 1 0 13 170 
2 458 35 2 3 38 1 5 
0 0 0 0 0 0 0 848 
0 0 0 0 0 10 144 184 
0 0 71 0 2 0 47 9 
0 123 0 0 0 0 0 0 
0 2 0 0 0 85 0 172 
0 0 346 0 0 0 0 0 
0 0 1 76 10 261 27 16 
0 0 0 0 0 0 0 482 
0 0 0 1 0 0 0 662 
0 686 0 0 0 0 0 0 
5 0 1 4 20 65 0 0 
0 0 0 0 0 586 2 0 
0 0 0 0 195 0 0 0 
0 0 324 0 0 0 0 0 
0 3 2 0 1 10 443 12 
0 0 0 0 1 0 225 0 
0 0 3 0 2 390 0 0 
0 0 0 0 6 0 0 206 
0 0 0 8 16 18 3 0 
0 61 0 25 24 14 0 3 
65 5 0 160 1 0 18 0 
0 0 0 0 0 0 468 0 
0 0 0 0 0 0 600 0 
0 0 0 0 0 74 2 0 
0 0 0 0 1 3681 0 0 
70 0 1 1 1 9 0 0 
0 0 698 0 4 0 0 0 
2 0 0 69 10 1 18 0 
0 3 0 0 0 0 52 116 
0 2 16 13 110 8 0 3 
46 0 2 1 1 43 13 11 
1 6066 0 0 0 0 0 2 
1 20 76 99 0 5 58 65 
0 0 1072 0 0 0 0 0 
0 0 0 0 0 0 0 862 
0 0 0 0 0 0 189 0 
0 367 8 14 2 0 83 87 
0 0 31 8 0 9 0 238 
0 79 3 3 3 2 29 0 
0 0 81 26 0 0 0 110 
0 0 0 0 0 0 57 128 
5 512 0 0 1 1 0 0 
0 56 0 1 30 0 0 0 
0 0 0 0 0 0 194 15 
3 66 7 8 0 0 0 0 
5 0 8 4 0 43 54 14 
6 4 0 0 0 0 231 5 
0 0 4 0 0 0 24 313 
0 0 232 1 15 0 0 0 
0 4 0 0 2 0 19 139 
0 0 0 0 0 0 42 540 
0 0 0 0 177 0 1 3 
1 9 9 1 187 0 54 0 
0 10 0 0 1 282 0 138 
0 0 0 0 0 0 0 1135 
0 0 1 0 170 0 0 0 
0 0 0 1 0 1 6 240 
0 0 109 73 0 11 0 185 
21 0 172 18 0 0 3 4 
0 763 0 0 0 0 0 0 
0 0 0 0 0 1831 0 0 
0 0 17 13 35 7 191 0 
78 0 0 12 7 0 26 0 
0 0 0 0 0 0 0 441 
1 0 992 4 0 10 0 0 
0 18 16 147 3 0 0 0 
0 1 0 0 160 178 0 0 
1 1 0 10 36 58 10 0 
99 38 14 0 0 0 2 254 
139 2 3 0 0 0 14 209 
0 0 0 0 0 0 0 112 
0 0 0 0 0 0 2 721 
7 0 0 339 2 0 0 0 
10 0 24 0 16 32 0 19 
68 0 0 52 10 0 1 20 
0 0 0 0 0 0 738 0 
0 0 0 41 98 1 0 0 
0 0 0 0 55 280 8 0 
3 0 0 0 41 223 61 0 
1 3 6 2 163 0 19 0 
197 0 17 373 0 549 13 1 
1 0 0 0 2 1441 0 2 
0 21 3 23 14 0 0 197 
0 14 0 0 0 1 0 212 
0 1 0 0 419 2 0 0 
0 0 1 0 244 0 0 0 
0 0 0 0 0 0 0 739 
0 0 88 99 17 1 0 0 
0 0 0 0 0 0 485 0 
11 0 0 23 0 598 0 43 
191 1155 0 36 69 0 116 1 
5 10 0 0 0 216 213 0 
1 0 0 0 18 0 0 492 
0 0 0 0 0 0 0 240 
0 0 0 0 0 0 0 898 
0 0 0 0 458 2 0 2 
0 17 7 30 0 0 8 82 
0 1 210 0 1 0 6 0 
2 0 2 1 0 1 0 375 
0 0 234 1 0 0 0 0 
0 0 0 0 0 0 0 159 
0 20 0 0 5 0 70 12 
0 54 66 0 0 0 361 0 
48 35 17 0 0 0 0 0 
32 0 0 5 0 0 32 305 
18 554 1 38 0 334 4 27 
0 29 0 50 2 41 221 442 
2 0 0 0 0 0 402 0 
530 0 0 91 257 133 46 5 
0 0 0 0 2 0 298 0 
107 0 102 183 56 1059 13 64 
0 0 1 0 0 0 0 383 
0 0 0 0 0 0 0 191 
0 0 1 3 0 0 298 0 
0 0 0 0 9 0 130 0 
0 0 48 149 0 0 0 32 
0 189 0 3 0 1 0 0 
2 0 0 0 0 0 113 135 
6 0 56 9 0 0 41 29 
50 1 39 0 0 0 269 22 
4532 3 0 0 1 0 0 0 
1 52 3 0 35 0 0 24 
123 3 3 0 1 0 0 189 
0 0 0 0 0 1 378 1 
0 0 0 0 0 0 249 0 
1 0 0 0 0 0 0 692 
0 0 0 0 0 0 3262 5 
0 0 0 0 0 1201 2 0 
