0 0 0 0 0 5510 1 0 
0 0 0 7 0 19543 0 0 
5 0 0 2 0 2 1547 0 
22 7976 2 0 1 1 1 0 
0 0 1 0 3 2 2738 0 
1 0 257 0 0 0 0 3 
6 3 0 0 0 10 35 366 
1772 0 2 0 0 0 0 1 
0 0 0 0 0 0 0 1821 
0 1 0 0 0 0 1 4231 
577 680 1 1224 1 17 331 9 
0 901 0 4 22 13 0 2 
2 984 2 0 0 1 2 0 
182 2445 0 14 0 141 526 10 
0 0 0 0 3 0 4 3030 
0 3 0 0 0 0 1681 4 
85 34 0 26 0 1 0 3398 
0 0 0 1 0 2229 0 0 
0 1 29 0 8 0 1391 0 
1433 0 9 0 83 650 0 0 
0 0 0 0 0 10659 87 0 
4986 0 0 0 0 0 0 0 
0 21 15 1 5 0 1110 805 
0 0 0 1 2 21067 0 0 
2 0 0 0 0 3 883 0 
0 0 0 26 0 6508 3 0 
0 4587 0 0 0 0 0 0 
9 2521 141 0 0 443 35 0 
13 248 37 0 0 980 1648 26 
2091 4 393 0 2 10 64 4 
0 215 200 0 3 2544 0 0 
1375 0 0 2 0 1 0 0 
0 0 0 528 0 0 0 0 
1 0 0 0 0 0 38 3342 
0 40 8 0 0 0 1 1099 
42 0 0 0 3 0 0 3928 
0 0 0 0 0 0 233 0 
0 1 0 0 0 0 213 0 
0 0 81 0 7 0 1371 0 
0 0 1 0 530 0 0 0 
0 0 7 0 0 0 452 0 
0 0 0 0 0 0 477 0 
0 1911 0 0 1 0 0 6 
315 522 1 14 382 1 2 12 
21 0 0 220 0 2020 262 532 
0 164 792 6 2 206 14 37 
0 0 0 0 0 3 669 0 
1 1 3085 0 7 0 0 22 
0 3 2128 0 0 11 0 0 
0 0 0 0 0 7630 0 0 
0 0 1 0 0 0 0 1990 
4 213 0 0 2037 41 0 15 
0 0 0 0 62 31 401 15 
0 0 0 0 0 8719 0 11 
0 0 0 0 3 0 412 482 
1771 0 1 0 38 688 419 1311 
0 0 0 1 0 9597 0 1 
41 1 259 7 0 10 0 7 
0 11 0 0 971 3449 69 0 
5 2 14 0 0 2535 0 1 
1541 0 1 0 2 75 0 223 
0 5787 0 0 0 0 0 4 
0 1 7 0 0 1169 0 0 
327 0 1 1 50 0 657 206 
1647 0 0 0 0 0 0 0 
0 0 734 0 0 4 0 18 
841 0 0 31 1 662 0 0 
0 3 2760 0 3 0 0 0 
191 0 0 63 55 0 0 3 
128 1495 10 10 844 16 190 5 
0 0 0 0 0 9128 5 0 
0 0 0 0 0 1 0 675 
0 0 29 0 9 45 0 344 
0 63 1 0 2 3 99 525 
0 0 0 0 0 29 3723 1 
0 2118 0 0 0 2 0 0 
0 0 0 2 0 0 0 229 
15 5 0 1 61 598 1248 159 
647 1 0 5 16 13 1020 1089 
1397 52 31 22 4 1060 3 86 
22 33 20 0 0 54 0 42 
0 1 531 0 0 0 0 0 
5 1 0 0 4 0 0 1215 
10 0 1 41 16 0 241 0 
98 0 78 0 0 0 15 0 
1 0 0 0 0 0 0 1047 
10 0 0 0 680 0 0 0 
0 0 0 0 0 0 0 1797 
0 0 0 0 0 0 2471 12 
0 0 1976 0 0 0 0 0 
0 1 0 0 1 560 0 1 
2 1 0 0 0 0 0 5617 
6 3651 0 0 0 0 0 1 
0 87 0 0 262 177 2 15 
0 21 0 0 0 67 493 0 
2887 0 0 0 0 0 0 0 
0 0 551 0 0 0 0 0 
153 98 60 0 0 45 5 44 
2 942 3 98 0 0 14 0 
1 0 0 0 0 8728 0 1 
0 21 0 0 0 12 326 74 
0 0 0 0 0 0 0 662 
0 2 0 0 0 0 319 0 
0 0 0 0 0 1496 0 0 
0 34 0 85 1 13 0 209 
2 0 0 1 970 0 4 0 
1 0 0 0 0 81 18 1551 
627 0 3 2 0 0 44 16 
1468 2 0 0 0 0 1 0 
0 0 0 76 75 841 27 0 
0 1419 0 27 0 0 6 0 
492 2 61 0 6 162 92 0 
199 0 0 338 0 3 0 136 
0 0 0 0 2 2882 1 0 
30 0 147 1 0 422 0 0 
11 29 143 175 0 1 17 323 
0 0 0 0 1 0 0 4794 
0 0 0 0 10 1925 0 0 
0 12 114 0 54 953 296 13 
0 0 0 0 0 0 0 2737 
108 0 26 76 0 0 445 0 
2274 0 0 0 0 3 0 2 
206 481 2 19 0 6 0 0 
0 0 0 0 222 1005 27 0 
0 0 1805 0 0 1 3 0 
0 0 0 0 0 0 812 0 
0 0 0 0 1046 0 0 0 
1 1 0 0 0 0 0 1018 
0 0 0 0 269 0 0 0 
0 0 0 0 0 674 0 0 
0 2209 0 0 0 0 1 0 
43 0 72 0 140 295 0 137 
0 35 0 0 147 494 0 1 
0 20 0 2 65 306 0 0 
0 0 2 0 0 1208 3 0 
0 0 0 0 0 0 2025 2 
0 1196 37 2 10 9 57 0 
0 0 0 0 0 0 1 3818 
0 35 16 0 643 194 52 0 
45 0 0 539 1 10 106 131 
0 0 0 0 0 603 12 0 
233 0 0 3 0 0 0 3 
0 2558 1 13 9 10 0 0 
0 0 1 0 6 0 1192 1 
2021 0 3 1 0 0 0 0 
0 0 898 0 7 3 2 0 
1 141 0 98 15 0 449 0 
1 0 0 0 152 407 59 367 
414 35 0 0 0 0 2 1223 
158 0 0 145 2 4 9 0 
0 1 0 0 0 0 362 0 
0 0 0 24 553 4 0 0 
1 0 0 1 30 0 23 222 
0 23 0 37 0 0 1 384 
1 0 0 2 855 0 0 0 
0 244 478 4 103 250 3 26 
2225 0 0 0 0 0 0 0 
859 0 0 0 0 0 2 7 
1 10 0 14 0 0 795 0 
0 0 0 0 0 0 0 892 
0 1079 1 0 0 0 0 0 
0 238 17 0 3 12 15 29 
0 0 62 0 0 5 421 0 
0 1251 0 0 0 0 2 0 
888 0 0 0 0 0 1 22 
0 0 0 6 0 1 45 303 
0 0 0 0 0 2080 0 0 
533 8 50 170 4 177 0 0 
0 0 57 34 68 0 198 0 
0 0 0 0 3 0 12 596 
1 3 0 0 10 0 877 248 
0 0 0 0 0 0 0 109 
0 0 0 0 0 4 381 78 
149 11 476 0 1 12 46 109 
0 518 0 0 0 0 0 1 
0 0 0 0 5 1906 2 0 
0 270 146 2 21 82 2 0 
0 0 0 0 2 5082 0 0 
780 10 0 0 0 1 0 3 
1 4 41 0 0 12 13 321 
0 0 0 0 0 0 0 391 
6 4 0 3 440 72 0 0 
0 0 0 0 0 1964 0 0 
0 0 0 0 3 0 0 1052 
54 0 0 0 78 3 133 0 
0 0 1 0 0 0 704 0 
5 0 0 223 16 0 0 0 
0 0 0 0 0 0 0 636 
0 0 57 71 0 6 0 56 
8 46 0 0 2 0 4 485 
10 14 0 0 19 24 0 350 
0 0 0 0 0 2 207 3 
0 0 6 117 0 0 2 6 
0 0 0 0 0 0 451 0 
3 3 147 3 0 0 2 0 
0 0 0 0 0 384 0 0 
33 0 0 0 33 0 83 0 
0 0 0 0 11 592 8 0 
574 1 2 0 0 0 0 0 
9 0 20 0 0 0 219 210 
0 2 0 0 0 4 139 0 
0 0 0 0 0 0 0 320 
4 0 420 18 0 0 4 3 
0 95 0 0 2 24 10 0 
0 40 0 94 0 35 2 53 
0 0 13 0 7 130 1 3 
11 0 25 0 0 203 0 1 
0 14 0 423 0 0 0 0 
0 26 0 11 20 0 94 0 
610 0 0 0 0 0 0 36 
139 4 0 0 0 19 4 0 
0 1 0 4 0 0 101 0 
1 0 1 0 0 6 0 373 
15 174 11 43 0 0 1 0 
0 2 408 0 0 21 0 1 
0 0 0 0 0 0 246 0 
1 207 0 82 0 0 48 500 
136 368 32 14 37 24 351 33 
0 2 4 0 0 328 0 0 
1 0 0 0 0 0 237 0 
0 0 0 0 0 1837 0 0 
0 139 0 11 1062 66 0 68 
0 33 0 0 1 0 6 71 
3 600 556 0 13 0 0 230 
0 2 0 0 0 3 2457 0 
0 0 0 0 0 0 123 0 
0 0 0 0 0 0 0 1483 
5 0 56 0 0 1 37 64 
1 14 180 116 0 0 0 16 
0 0 0 0 0 0 0 1463 
0 0 0 0 0 0 0 265 
518 0 0 0 0 0 0 0 
0 0 1 0 0 2128 0 0 
0 0 0 1 0 0 636 0 
0 0 1 0 446 0 0 0 
287 0 2 0 0 10 353 10 
0 3 262 0 0 1 0 0 
0 0 1 0 0 0 2216 0 
0 0 556 0 0 0 0 1 
0 52 0 2 0 0 30 0 
0 0 0 0 0 0 1907 0 
0 0 3 0 0 0 0 1498 
0 0 0 0 151 3 0 0 
0 0 459 0 0 0 0 0 
0 0 0 1 0 0 616 0 
0 0 0 0 0 0 781 0 
2311 6 0 0 0 0 0 4 
0 0 30 58 0 149 0 0 
0 0 0 0 0 0 30 939 
3 0 493 0 0 0 0 5 
0 0 5 0 0 5371 4 1 
0 0 0 0 0 358 0 0 
0 0 0 0 0 0 1300 0 
0 1290 0 0 0 0 0 0 
0 0 0 0 0 531 1 0 
17 189 96 87 0 0 1 32 
0 719 0 0 0 0 0 0 
2 114 0 0 52 0 38 2 
73 464 0 1 6 0 0 0 
0 0 0 0 0 0 0 820 
48 2 1 0 0 11 204 0 
0 1 0 0 32 0 0 96 
0 109 0 0 0 0 0 0 
0 0 0 228 1 0 0 30 
0 3 345 0 0 0 0 0 
3 0 1 5 5 1866 0 49 
0 0 0 0 0 0 0 482 
0 2 0 0 0 2 1 669 
0 666 0 0 9 0 0 0 
33 1 255 16 0 0 3 0 
0 0 0 0 0 584 1 3 
1 0 0 0 220 1 0 0 
0 0 328 0 0 0 0 0 
0 0 0 7 7 1 527 0 
0 0 0 0 0 0 213 0 
0 3 3 0 0 409 0 0 
0 0 0 0 1 0 0 169 
0 0 0 227 1 1 20 0 
0 0 0 0 0 0 443 0 
0 0 0 0 0 0 715 0 
0 0 0 0 55 0 21 0 
0 0 0 0 0 3200 0 0 
0 2 16 0 30 14 7 13 
0 0 1 0 7 91 0 1 
0 3 1 12 0 14 46 18 
0 51 1 0 95 0 5 0 
0 0 2 92 23 0 0 0 
0 6006 1 0 0 0 0 0 
3 19 0 4 2 0 208 61 
0 0 1034 1 0 0 0 0 
0 0 0 0 0 0 0 866 
0 0 0 0 0 0 189 0 
0 79 0 360 0 1 0 60 
36 94 6 0 10 10 50 177 
1 0 28 0 0 0 68 57 
0 2 0 1 0 0 46 136 
0 521 0 0 4 0 0 0 
0 0 0 0 0 0 180 9 
0 0 8 25 0 17 6 28 
2 3 14 0 0 0 100 9 
0 176 11 53 0 6 0 0 
0 1 0 0 0 0 0 269 
0 0 1 0 2 188 0 0 
0 0 4 0 5 2 2 141 
0 0 1 0 0 3 58 520 
0 0 0 0 181 0 0 0 
0 0 0 0 3 4 250 5 
90 0 49 0 19 6 1 289 
0 0 0 0 0 0 0 1109 
0 0 0 0 171 0 0 0 
0 0 0 0 6 0 5 110 
18 0 0 0 0 0 72 289 
1 39 174 0 0 0 2 2 
3 675 0 0 0 0 0 1 
0 0 0 0 0 1825 0 0 
0 0 0 1 6 0 290 0 
11 0 30 0 1 1 0 59 
0 0 0 0 0 0 0 405 
3 0 968 0 13 0 0 0 
0 26 0 80 0 5 73 0 
1 0 0 0 154 172 7 5 
0 0 59 0 0 1 69 4 
0 3 15 0 23 117 0 261 
0 9 0 39 0 0 262 0 
0 0 0 0 0 0 0 112 
0 1 0 0 0 0 1 749 
69 39 2 0 0 3 325 0 
1 0 47 50 81 267 101 0 
0 0 0 0 0 0 720 0 
0 58 43 9 0 0 0 0 
44 0 0 1 0 295 0 2 
0 0 0 28 92 188 1 0 
0 32 0 0 0 4 169 1 
4 54 0 30 35 433 837 29 
21 0 4 52 4 1426 1 0 
7 0 0 0 30 209 0 12 
1 0 0 0 202 0 0 24 
0 0 7 0 409 0 0 0 
0 0 0 0 244 1 0 0 
0 0 0 0 0 0 0 1084 
11 1 230 0 28 0 0 8 
0 0 0 0 0 0 254 0 
0 0 200 7 0 324 0 1 
0 1520 0 0 285 24 4 0 
1 0 4 0 4 0 0 508 
0 0 0 0 0 0 0 268 
0 0 0 0 0 0 0 865 
0 1 12 0 452 1 0 0 
50 34 0 0 8 50 0 2 
0 0 902 0 0 0 2 1 
3 0 0 0 0 0 0 384 
0 0 246 0 0 0 0 0 
0 4 0 0 0 0 0 155 
0 0 0 2 0 0 103 2 
0 39 146 0 0 0 296 0 
41 31 11 54 19 17 55 0 
8 2 1 0 0 0 1 353 
23 172 323 59 0 435 95 6 
0 4 0 0 0 0 0 881 
0 0 0 0 0 0 379 0 
316 6 0 199 491 17 0 74 
0 1 0 0 0 0 313 0 
4 386 274 0 3 912 0 37 
0 0 0 0 0 0 0 385 
0 1 0 0 0 0 0 190 
56 6 6 20 0 0 191 0 
0 0 3 2 0 15 101 18 
0 0 123 24 0 1 0 79 
0 227 0 0 0 0 1 0 
2 3 0 0 0 0 120 108 
0 21 0 0 0 126 0 0 
269 0 1 0 0 0 50 53 
4773 0 0 0 2 0 0 0 
1 0 58 56 0 0 0 0 
0 0 18 0 0 0 0 344 
0 0 0 0 0 2 378 0 
1 0 0 0 0 0 456 0 
0 0 0 0 0 0 0 588 
0 0 0 0 0 0 3440 10 
0 0 0 1 0 1206 0 0 
0 0 0 0 0 0 280 0 
0 0 0 2 0 9852 58 0 
45 0 48 0 2 8 0 0 
3525 0 1 0 0 2 0 0 
0 0 0 0 0 0 0 250 
0 0 3 12 0 208 0 43 
0 119 0 0 0 0 0 0 
