727 758 1036 6 328 2566 3884 3504 
0 0 0 0 0 30360 33 1 
1 3284 3534 0 4 0 0 304 
833 0 0 0 0 0 1494 9743 
346 47 0 0 2 0 42 4013 
0 880 171 0 73 128 51 1340 
2433 181 98 0 0 0 0 0 
0 0 0 0 0 0 1149 0 
0 0 2 0 0 623 1330 545 
0 0 125 0 1136 15982 7098 2056 
0 0 244 0 1488 33958 582 0 
1681 0 0 0 0 0 0 87 
0 0 11194 0 735 108 0 0 
0 1 0 0 0 0 95 2874 
0 0 76 0 35 181 7906 846 
1204 33 0 0 0 3 587 19968 
0 0 0 0 0 1 131 1626 
0 4576 0 2 22 9669 15 0 
1 1778 0 0 0 738 0 124 
0 0 121 0 8 15181 1315 0 
0 80 1 1 1 1 4164 0 
4327 603 0 0 0 0 0 3512 
0 0 1534 1 0 8869 169 0 
487 634 2 0 2 1768 1336 0 
0 314 0 0 0 0 0 0 
0 1464 5480 0 0 42 0 1790 
0 0 0 0 40 578 3720 451 
0 0 32 0 0 1203 289 0 
0 0 0 3 0 1139 0 250 
0 0 0 0 0 1846 0 0 
2625 5 0 0 0 0 0 29 
0 1 0 0 0 0 217 1641 
238 12 703 20 0 31 0 24 
31 0 0 0 1 0 0 1515 
0 13367 3386 0 1 2567 0 27 
805 0 0 0 0 0 0 7381 
0 0 0 1 0 0 2960 0 
0 0 191 2 0 45 50 422 
0 0 24 12 1037 2476 0 0 
0 0 0 0 0 56 2952 0 
0 2 0 0 0 0 137 382 
0 0 396 0 0 0 5 3 
812 0 0 1 0 0 0 708 
0 184 1255 78 519 327 0 0 
0 0 4 11 1108 322 0 0 
73 0 15 0 141 1176 674 243 
0 0 0 2 0 0 203 665 
0 0 0 0 27 0 513 1171 
0 1 0 127 615 14992 3104 9 
0 0 0 0 0 0 308 0 
20700 0 0 0 2 0 0 334 
971 14931 0 0 1 2 0 195 
0 3 118 0 0 0 0 1109 
0 0 0 0 0 92 76 2635 
0 1 230 0 85 23537 0 0 
398 25454 66 0 0 0 0 0 
157 7306 0 0 0 0 0 163 
4727 165 0 0 0 2 0 1890 
0 0 1 1 0 26261 11 0 
0 0 4697 153 0 0 0 0 
0 0 0 0 0 0 377 1692 
0 0 0 0 21 14892 26 3 
0 0 1 0 0 106 4280 88 
1 117 0 0 0 0 1 717 
99 0 0 2 38 31 1403 8751 
