0 360 0 0 0 0 11112 2790 
0 0 0 0 0 0 36090 543 
0 0 569 3096 3386 0 71 0 
0 12273 0 0 0 0 45 21 
0 0 11150 1 0 0 3 0 
0 0 0 0 0 0 2624 0 
0 0 0 0 0 0 2190 0 
0 0 0 0 0 0 0 1068 
0 0 0 0 2383 129 0 0 
0 26559 9 0 0 33 0 1 
0 0 0 0 1 15 313 36089 
0 1126 107 0 0 0 1 136 
0 0 9 46 250 7 11844 0 
0 0 0 0 2869 0 56 34 
0 5606 73 0 1 0 75 3283 
47 335 10126 2249 2668 41 4676 1693 
1 697 444 0 85 209 1690 590 
0 0 0 0 0 0 0 13845 
2483 0 8 0 0 0 0 149 
242 3534 1474 0 27 350 0 11063 
0 0 0 0 0 0 0 4262 
0 4 0 0 0 0 8488 0 
3 4 0 0 15 3 10418 0 
0 0 0 0 0 0 0 4225 
1 0 284 7 0 0 0 0 
0 0 0 0 0 0 8725 0 
0 4402 311 0 0 0 3 41 
0 778 121 0 0 16 1 419 
1222 0 0 0 0 0 0 177 
1 1738 0 33 23 0 0 0 
0 0 0 0 0 0 3024 0 
0 38 1793 0 0 33 0 0 
0 0 0 0 0 0 566 584 
1489 0 0 0 0 54 0 0 
0 0 0 0 0 0 19518 0 
0 8281 0 0 0 0 0 80 
0 2922 0 0 0 0 0 51 
0 521 0 0 32 0 0 157 
0 0 0 0 3 0 274 4254 
0 1059 1494 20 233 86 0 728 
0 0 3051 8 1 93 91 0 
1 511 0 1 4 0 0 4 
0 0 0 0 0 404 0 0 
0 182 102 0 69 0 244 927 
0 2 2 0 0 0 1543 832 
24 0 0 0 0 0 35034 347 
0 2088 0 16 0 12 221 3 
61 32 297 0 0 0 0 450 
0 0 0 0 0 1673 38 0 
0 0 23265 77 33 0 5 2 
11 0 0 1 2 3 248 0 
0 0 0 0 0 0 6472 14551 
0 0 0 0 0 0 16186 62 
0 0 0 0 0 0 1205 0 
0 0 1661 33 5 1 980 3 
0 0 0 0 0 8 24441 0 
0 0 9877 76 0 0 48 110 
0 4 0 0 0 0 0 26379 
5 0 15 20 4 0 7390 123 
