7219 2620 2630 3059 2816 2691 2701 2681 2651 2700 
1125 989 1190 1064 2126 2256 1342 1064 1045 1075 
540 568 517 529 592 913 2694 634 651 526 
429 3138 416 431 433 397 397 399 427 400 
1196 405 368 378 404 397 419 390 350 543 
1468 720 739 744 734 1219 1304 747 938 719 
3187 649 581 582 628 638 621 582 590 572 
77 78 99 245 74 95 99 74 92 73 
284 288 371 2489 611 317 268 292 308 299 
257 266 241 323 243 267 240 249 243 238 
49 108 37 51 92 121 41 39 41 45 
159 64 58 37 49 70 67 80 156 69 
96 52 64 60 113 465 58 69 57 67 
59 62 56 66 59 348 206 48 61 48 
40 37 34 27 30 33 258 37 33 33 
54 50 59 58 42 40 38 33 207 59 
168 153 180 158 165 149 156 159 151 161 
15 4 16 15 18 30 74 12 9 11 
