16 0 0 0 39 15069 53 0 
0 2102 13 2 735 5867 41 0 
5499 27 0 0 0 81 35 2438 
0 0 0 0 0 1968 0 0 
0 0 0 0 0 771 0 0 
0 0 0 0 0 0 8979 0 
0 0 0 0 26 10152 0 0 
2 7 22 7088 0 9 1887 0 
0 0 0 1 0 3 59 2946 
289 0 0 0 1 0 0 0 
0 0 0 0 0 0 0 1114 
2 14 1 24 0 1595 0 0 
0 0 0 0 0 5 3652 1 
0 0 0 0 0 2 916 0 
0 1440 1 0 21 31 39 0 
2 750 4697 513 0 17 1 5 
0 0 1 0 0 0 3214 0 
0 0 0 0 0 8721 0 0 
0 0 0 0 0 0 632 0 
0 0 6 0 0 28 134 73 
5785 0 12 0 6 982 0 0 
0 189 0 170 0 0 0 0 
0 176 0 2359 99 71 0 0 
1 5 0 0 222 107 10030 0 
175 0 0 0 3 3 1077 0 
1551 0 0 1 0 0 2 67 
0 0 1 10 3 1 15 982 
52 1239 0 1068 200 0 0 1 
0 353 1 0 0 1321 0 0 
0 190 1515 272 1 0 267 0 
0 1 0 0 0 811 0 0 
0 0 0 0 0 1706 0 0 
294 8 0 0 0 1811 505 2 
0 0 0 0 0 3802 6 0 
0 64 1518 62 0 5 2 1 
0 10 4 0 0 737 15 0 
0 0 0 0 0 0 1312 0 
0 0 0 0 0 78 2360 0 
0 3147 12 0 0 0 0 0 
16 3882 0 1 44 0 30 0 
0 0 0 0 0 0 3521 0 
3046 474 0 0 9 0 2 2 
0 1 0 0 0 0 945 0 
0 0 7 13 0 1957 0 0 
0 0 0 0 0 0 602 0 
