24 0 0 0 55 15077 38 0 
0 2426 2 17 692 5549 40 1 
5135 0 0 0 19 39 47 2837 
0 0 0 0 0 1964 0 0 
0 0 0 0 0 769 0 1 
0 0 0 0 0 0 8978 0 
0 0 0 1 14 10167 0 0 
1 0 9 7991 0 58 958 0 
0 6 3 0 3 6 36 2967 
290 0 0 0 0 0 0 0 
0 0 0 0 0 0 0 1113 
7 48 0 61 0 1519 1 0 
0 0 0 0 1 8 3649 0 
0 0 0 1 0 2 915 0 
94 1400 22 0 0 1 1 0 
0 714 4709 537 0 18 0 0 
0 0 1 0 0 0 3215 0 
0 0 0 0 0 8705 0 0 
0 0 0 0 0 0 632 0 
0 38 0 2 0 0 201 0 
5887 20 0 3 0 873 0 0 
2 186 1 164 6 0 0 0 
1 163 4 2407 90 40 0 0 
0 1 0 0 181 127 10068 0 
103 0 6 0 16 0 1133 0 
1763 0 0 0 1 0 2 30 
0 0 0 7 0 0 1 1003 
28 1129 0 1183 233 4 0 0 
1 312 2 0 0 1367 0 1 
0 159 1535 299 0 0 255 0 
0 0 0 0 0 802 0 0 
0 0 0 0 0 1703 0 0 
130 13 0 2 0 2075 393 0 
0 0 0 0 2 3804 2 0 
0 58 1527 66 0 1 5 0 
0 0 1 0 18 722 11 17 
0 0 0 0 0 0 1373 0 
0 0 0 0 0 82 2356 0 
0 3139 17 0 0 0 2 0 
0 3870 0 0 30 0 82 2 
0 0 0 0 0 0 3505 0 
2901 487 0 0 0 0 3 0 
1 0 0 0 0 0 884 0 
0 1 19 7 0 1941 1 0 
0 0 0 0 0 0 602 0 
