27 0 0 37 14972 112 31 0 
0 524 0 175 7756 0 27 235 
0 0 0 5 0 1 6027 303 
2 0 1 0 1 0 0 1975 
59 0 623 0 0 0 2 87 
8850 0 0 2 2 0 130 0 
0 0 0 0 10230 0 0 0 
0 0 0 11 1 7 8994 1 
0 0 0 0 0 0 2284 1 
0 0 0 0 0 0 3 287 
0 0 0 0 1 4 436 634 
0 0 0 0 0 974 0 0 
0 0 6 2969 0 0 673 9 
0 0 0 0 0 0 0 918 
0 0 0 0 0 0 1499 0 
1 31 0 0 1 156 5795 0 
1 0 0 0 5 0 849 2360 
102 7711 11 874 25 0 0 0 
0 0 1 0 0 0 631 0 
0 0 0 0 1 240 0 0 
4136 864 1 652 0 962 128 0 
0 0 0 359 0 0 0 0 
0 0 0 9 0 2697 0 0 
0 0 0 0 10336 1 1 0 
7 0 0 0 0 1228 0 5 
1317 0 0 0 0 0 0 0 
0 0 0 0 0 0 0 1022 
0 12 0 24 2528 6 0 0 
0 0 0 0 0 1631 0 0 
0 1889 351 0 0 1 0 0 
0 3 0 0 0 452 0 0 
4 0 0 0 4 1706 0 9 
0 0 0 0 0 2629 0 0 
3731 0 35 1 0 0 0 40 
0 98 0 277 635 634 1 0 
0 0 0 0 0 0 0 765 
1 13 0 1 0 3 1347 18 
0 0 0 0 1 3 273 2155 
0 3124 2 0 0 17 1 16 
0 49 0 0 2 25 3925 0 
3 0 1 0 1391 2117 29 0 
3797 39 0 0 0 0 0 0 
0 0 0 0 0 0 875 0 
0 0 42 1931 0 7 0 0 
573 0 1 0 0 2 25 1 
1 0 0 1 3 0 1823 3 
0 0 0 0 0 1058 0 0 
0 0 0 0 0 0 696 0 
