78 1 9 15 14959 75 50 0 
0 662 6 209 7664 0 34 204 
0 0 0 0 0 0 6007 337 
0 0 0 0 0 0 2 1970 
0 0 759 0 1 0 0 14 
8936 0 4 2 0 0 15 23 
0 0 0 0 10130 2 0 0 
0 0 0 5 0 2 5587 0 
0 0 0 0 0 0 2175 1 
2 0 0 0 0 0 0 288 
0 0 0 0 0 0 432 621 
0 0 0 0 0 1019 0 0 
0 0 6 2612 1 0 1018 0 
0 0 0 0 0 0 0 918 
0 0 0 0 1 0 1492 0 
0 29 0 0 0 132 5832 0 
2 0 0 0 0 0 815 2399 
11 8159 0 556 2 0 0 0 
4 0 0 0 3 2 623 0 
0 0 0 0 0 241 0 0 
4270 382 0 1140 68 735 125 0 
1 0 0 358 0 0 0 0 
0 0 0 14 0 2688 0 0 
0 0 0 2 10343 3 1 1 
0 0 1 0 0 1229 10 0 
1319 0 0 5 0 0 2 0 
0 0 0 0 1 0 0 1021 
1 19 0 11 2521 9 0 0 
0 0 0 0 0 1553 0 0 
0 1920 319 4 0 3 0 0 
4 0 0 0 0 1719 0 0 
0 0 0 0 0 2489 0 0 
3757 0 10 0 0 0 4 40 
0 103 0 281 676 584 0 1 
0 0 0 0 0 0 0 766 
13 0 3 0 4 2 1370 0 
0 0 10 0 1 1 284 2142 
0 3129 0 0 29 0 0 0 
0 14 0 0 0 20 3976 0 
0 1 1 0 1108 2225 213 0 
3807 37 0 0 0 0 0 0 
0 0 0 0 0 0 875 0 
1 0 57 1912 0 13 0 0 
576 1 0 25 0 0 0 0 
0 4 0 0 0 0 1825 3 
0 0 0 0 0 1075 0 0 
0 0 0 0 0 0 822 0 
1 1 0 0 0 618 0 0 
0 0 0 7 1 8 3403 0 
