0 82 1 0 0 0 7827 841 
0 0 0 0 0 1 51038 825 
4 0 12964 85 51 0 0 4 
0 27 388 2141 3702 0 113 6 
0 11269 0 0 0 0 16 0 
3 1 9730 1 5 0 160 50 
0 1 0 0 0 0 21893 0 
0 0 0 0 0 0 4178 13080 
0 25 9793 137 34 11 224 330 
298 20743 292 0 26 14 1202 857 
0 42 0 0 0 1 0 19171 
0 0 1 0 2081 530 0 28 
4006 6 0 0 0 0 0 365 
0 0 0 0 0 0 187 6430 
0 0 0 0 1 0 291 23460 
0 0 2 0 0 4 9956 140 
0 0 0 0 12 0 7864 67 
0 2719 0 0 0 0 0 1 
468 962 603 21 329 0 2577 4538 
0 2 0 458 0 0 9053 2 
0 0 1 0 0 0 6803 0 
0 0 0 0 9 22 4707 0 
16 3 1388 108 232 4 381 58 
83 650 5281 661 1657 0 8653 1739 
1 0 0 0 0 0 1 8898 
0 7473 0 2 1 1 17 0 
0 0 1 1 128 0 760 0 
0 0 0 0 0 0 0 15312 
0 111 326 0 51 0 316 202 
0 0 0 1 0 1 12494 27 
0 86 101 14 115 0 5703 100 
0 0 7589 0 0 1 196 3 
0 142 346 2 3 0 32 356 
0 0 17 0 0 0 54 2751 
283 1742 35 9 10 0 194 49 
1 0 38 0 0 0 46 2503 
0 0 3 0 0 1501 69 0 
0 1 0 0 0 0 7873 0 
2 0 0 0 0 0 0 306 
0 0 0 0 0 0 10513 37 
0 0 0 0 2 0 579 4568 
0 0 0 0 1 0 0 5481 
0 1 38 0 12 0 3761 0 
0 1 74 8 23 0 1435 26 
1 0 398 0 0 0 0 0 
0 184 475 0 160 0 1981 1377 
0 36 0 0 0 0 1115 0 
1 1523 0 0 0 0 0 25 
785 0 0 1 1 0 0 0 
0 0 0 0 0 0 0 550 
0 1650 6 0 0 0 0 3 
15 33 3200 0 7 82 103 39 
0 2 3 0 0 0 4456 0 
0 0 0 0 1 0 4832 0 
0 0 0 0 1 320 1 0 
0 33 18 15 4 0 1137 201 
187 804 1244 27 406 176 2403 5172 
2 1316 0 0 0 0 0 0 
0 359 0 0 0 0 32 602 
1 3 872 4 25 37 353 0 
125 2295 452 13 323 3 2326 1341 
14 1881 106 0 7 0 567 2366 
0 0 0 0 0 0 0 1691 
0 0 0 0 1 0 1154 0 
0 0 0 0 0 19 20601 254 
0 0 0 0 2558 0 0 0 
3 537 118 0 42 24 711 235 
0 0 0 0 0 0 1006 0 
3 5240 0 56 255 69 15 10 
3 586 33 0 15 0 940 10 
0 0 3 0 0 0 1798 0 
0 0 5601 0 0 0 0 1 
0 0 329 108 0 0 0 0 
0 344 374 0 5 8 515 94 
0 1 0 0 4 0 0 402 
0 0 3070 1 0 7 78 0 
19 0 0 0 0 0 156 1209 
0 6 3 0 1 0 415 6 
0 12 0 0 0 0 867 309 
0 0 23 0 0 0 1020 1 
