0 3884 332 0 699 1236 263 2515 
0 0 21 0 29 35971 140 0 
0 0 0 68 448 6629 5184 603 
0 2212 4216 0 0 2 0 115 
399 0 0 1 0 4 0 11044 
2282 150 0 0 0 0 74 7082 
0 5 12 0 46 20736 1 59 
0 0 339 0 57 6762 2 2 
106 0 0 1 0 115 509 9864 
11 0 90 7 584 8152 11735 2705 
733 15743 0 1 0 0 809 0 
0 0 0 0 0 594 1534 503 
0 2497 1 0 0 1479 0 392 
0 0 450 0 0 131 4385 0 
0 0 72 1 120 23301 222 1 
61 9644 0 0 0 0 1 195 
2525 0 0 0 0 0 0 106 
0 0 0 0 29 4700 4862 8 
0 0 6044 0 64 107 0 0 
690 0 6 2 0 0 126 5884 
0 2 1 2 4035 11 691 0 
2175 0 0 0 0 0 0 174 
736 0 0 0 0 0 757 17484 
0 0 0 0 2670 6217 141 0 
1 0 0 0 0 7 6324 1156 
0 0 2 0 0 0 32 1156 
5 10410 215 0 0 8 17 0 
28 586 0 4 0 3 0 349 
0 9764 661 0 1 291 43 146 
234 6963 35 0 0 0 0 110 
0 0 0 1 198 7626 1 0 
0 0 0 0 0 1 876 4 
1106 80 0 0 0 3 0 1577 
70 0 0 0 37 1132 690 327 
2 0 41 0 23 0 453 1054 
5641 78 0 6 9 0 0 2010 
0 0 0 0 0 0 1 307 
0 177 854 0 0 9300 163 0 
0 0 4541 134 1 257 1 0 
0 5431 0 0 0 9 7 0 
0 25 2509 0 1 973 0 1 
0 1486 0 0 4 0 0 108 
0 404 0 0 0 0 0 0 
252 87 144 0 0 2 46 3677 
0 1 0 0 0 5 0 1154 
134 0 145 0 0 0 0 1259 
0 0 0 0 0 497 1 289 
8 1 394 144 1 2 0 0 
0 0 0 0 0 1684 0 1 
0 0 0 1 0 188 2966 104 
407 1514 1385 0 15 0 128 969 
4506 68 0 0 0 1 1 111 
138 14 71 6 36 5 14 38 
82 1 0 0 26 99 728 378 
0 0 200 0 60 9213 1015 0 
0 0 653 0 7 338 232 324 
0 6 0 1 0 0 187 1032 
0 0 0 1 0 0 71 1279 
0 0 0 0 0 6905 16 2 
0 0 0 0 0 187 3643 1038 
1 676 0 0 0 244 176 637 
81 0 0 0 0 0 78 1 
0 0 0 0 0 30484 12 1 
0 0 0 0 0 0 92 2475 
0 0 235 0 904 559 0 0 
0 0 0 0 0 0 0 1038 
0 0 231 8 1459 3912 30 0 
12 45 164 1 0 131 409 795 
0 0 1951 0 0 0 0 0 
0 0 1 0 1 0 3133 2773 
0 0 0 81 356 0 0 0 
0 0 0 0 0 0 109 1243 
0 0 0 2 0 0 401 4 
0 0 0 0 0 0 3146 0 
4 0 0 8 0 0 311 719 
0 0 0 1 0 1 358 71 
0 487 8 0 0 6 2 416 
0 0 4189 0 4 0 0 277 
2 0 5 0 0 2427 442 0 
16683 9 0 0 0 0 0 144 
0 1 1 9 4 0 2032 83 
418 6 0 19 40 0 479 0 
0 6759 13 0 4 0 0 1 
174 1594 895 10 39 4313 784 271 
