0 3961 281 9 502 1432 262 2469 
0 0 9 0 23 38821 134 0 
0 2 0 51 466 6456 5482 545 
0 2292 4040 5 1 0 1 239 
378 3 0 0 0 0 57 10972 
2277 130 0 3 0 0 53 7104 
0 0 21 0 72 20717 5 64 
3 71 786 0 200 3022 7 1 
81 0 0 0 0 151 489 9997 
12 2 159 2 570 8126 11724 2721 
729 16589 3 0 5 1 869 0 
0 0 0 0 0 614 1526 500 
0 2689 0 0 0 1371 0 309 
0 0 700 12 0 220 4615 0 
0 0 75 0 112 23169 293 3 
57 9719 2 0 0 0 0 209 
292 1283 715 9 27 4502 1053 118 
2512 0 0 0 6 0 1 184 
0 0 0 0 42 4734 4725 5 
0 0 6218 0 49 136 0 0 
882 0 28 4 5 3 92 5554 
2 0 0 0 3732 27 981 0 
2190 2 1 0 1 0 0 158 
702 5 0 0 0 0 750 17454 
0 0 0 0 2671 6208 77 0 
0 1 0 0 0 6 6091 1326 
0 0 0 1 0 1 28 1204 
0 11036 170 6 6 0 1 7 
52 488 0 0 0 0 1 429 
0 10385 493 2 3 247 43 253 
244 6556 12 0 0 0 1 16 
0 0 0 0 246 7504 0 0 
0 0 0 0 0 0 876 5 
1002 86 0 0 18 0 0 1777 
45 2 1 3 90 1181 670 309 
0 0 39 0 26 0 445 1063 
6043 16 1 1 0 0 0 1789 
0 0 0 1 0 0 0 303 
0 213 876 3 0 9268 153 0 
0 0 4508 176 0 259 0 11 
1 5482 0 1 0 3 1 0 
0 43 2595 0 0 895 0 0 
0 1466 0 0 0 0 0 109 
0 404 0 0 0 0 0 0 
235 116 133 0 0 12 38 3729 
0 0 0 4 0 1 0 1151 
128 0 99 0 0 0 0 1280 
0 0 0 1 0 485 2 299 
2 0 439 109 0 0 0 0 
0 0 0 0 0 1659 0 0 
0 0 0 0 0 203 2962 99 
560 1555 1280 1 0 0 40 998 
4569 0 0 0 0 1 2 142 
155 129 31 0 7 0 0 0 
90 0 1 0 28 100 690 405 
1 0 231 1 48 9127 1019 0 
0 0 223 8 0 540 408 341 
1 4 0 0 0 0 206 1014 
0 0 0 0 0 0 86 1253 
0 0 0 0 0 6878 14 0 
0 0 0 0 0 234 3700 971 
0 729 0 0 26 303 205 467 
111 0 0 0 0 0 49 0 
0 0 0 0 0 30811 21 0 
0 0 0 0 0 5 58 2495 
0 0 286 1 932 479 0 0 
5 0 0 1 0 0 0 1046 
0 0 286 12 1371 3882 40 0 
15 77 149 0 1 112 448 760 
0 1 1829 0 9 0 2 0 
0 0 1 8 0 0 3336 2524 
0 0 0 88 346 3 0 0 
0 0 0 0 0 0 130 1222 
3 0 0 1 1 6 396 0 
0 0 0 0 1 0 3078 1 
0 0 0 8 6 0 313 720 
0 0 0 0 1 0 364 66 
2 462 0 0 1 2 0 387 
0 6 4168 0 0 0 0 245 
0 0 0 0 0 2390 479 0 
16637 101 0 1 0 0 0 125 
14 0 24 2 18 1 1487 3 
501 0 48 0 0 3 410 0 
1 5308 0 3 0 0 0 0 
