12421 259 0 0 9 0 0 0 8 0 
0 0 0 4937 1047 0 1 0 0 0 
5837 0 0 133 275 1016 0 0 0 7 
2397 0 0 0 0 0 367 594 1383 0 
0 0 0 1593 0 10 0 2 0 0 
0 0 0 0 6 342 131 0 0 0 
0 3149 0 1 0 0 0 0 0 0 
0 0 0 2 510 0 0 0 0 0 
0 0 32 0 0 1256 0 0 1042 15 
0 668 0 7 0 1262 3 0 0 69 
0 0 0 0 736 0 0 0 0 0 
457 0 1 1 0 4872 193 0 0 0 
2673 2 0 0 0 0 0 0 0 0 
0 0 1 886 0 0 0 1 3 0 
4167 0 0 0 0 8 0 41 1 2 
0 0 0 22 513 0 0 0 0 0 
2171 43 68 143 0 33 0 10 0 6 
1497 0 0 0 0 0 0 0 0 0 
0 0 0 0 0 0 0 0 352 0 
1707 4 0 0 0 0 0 0 0 0 
0 259 0 0 1 0 0 1 0 0 
0 0 0 0 0 0 228 0 0 1 
20 2 0 0 0 1429 0 0 0 0 
0 0 0 0 0 203 502 0 0 4 
0 0 0 12 123 396 0 0 7 0 
0 0 0 325 3 0 0 0 0 1 
0 0 221 917 0 0 0 0 0 1 
0 1 0 0 0 0 340 0 0 0 
1 3077 0 0 0 2 0 0 0 0 
993 0 0 0 0 0 0 24 0 3 
0 0 0 395 84 0 21 0 0 0 
0 0 0 0 0 319 0 0 0 0 
2087 0 0 0 0 0 0 0 0 0 
0 0 0 0 0 0 964 1 0 0 
5783 0 0 0 3 1 4 0 4 128 
843 2 0 0 0 0 0 0 0 0 
0 0 1 8 0 710 716 0 0 0 
0 0 432 0 0 0 4 2 6 0 
0 0 0 0 0 0 0 0 195 0 
0 0 0 1 1 1920 104 0 0 0 
0 0 5 41 222 0 0 23 0 113 
0 0 0 0 0 0 0 0 0 376 
0 0 0 0 4 788 0 0 0 0 
0 0 335 3 0 2 0 2 0 0 
0 0 0 19 1279 0 0 97 0 92 
0 0 0 0 0 101 0 0 0 0 
0 0 0 0 0 666 0 0 0 0 
34 119 0 0 15 34 0 0 4 61 
0 0 0 0 0 268 9 0 0 0 
0 0 0 0 167 28 0 0 0 0 
0 0 0 0 812 1960 36 1 0 0 
0 0 101 0 0 1 0 473 0 0 
0 21 0 0 173 0 0 0 1 0 
41 35 0 94 0 0 0 41 0 0 
0 0 0 0 0 119 0 0 0 0 
213 0 0 0 0 28 50 15 329 2 
0 0 0 1 0 5 0 0 503 4 
0 305 0 0 0 3 0 0 2 0 
0 0 0 0 0 0 341 0 0 0 
0 0 0 0 0 0 0 0 90 0 
0 0 0 0 0 0 2210 0 0 0 
0 14 0 0 9 114 0 0 0 0 
0 4 0 0 240 0 0 1 0 0 
