12422 334 0 0 0 0 0 0 0 0 
0 1 0 5120 1167 0 0 0 0 0 
6012 1 0 33 271 972 0 8 62 0 
2144 3 0 0 0 0 979 400 1241 0 
0 0 0 1595 0 14 0 0 0 0 
0 0 0 0 25 358 132 0 0 0 
0 3211 0 0 0 1 0 0 0 0 
0 0 0 0 502 2 0 0 0 0 
0 0 26 0 0 1466 32 0 794 32 
23 687 6 0 2 1271 0 0 46 6 
0 0 0 0 777 0 0 0 0 0 
430 14 0 0 0 4583 228 0 308 0 
2764 1 0 1 0 0 0 0 1 0 
0 0 0 876 16 0 0 0 4 0 
4144 0 0 0 0 1 0 67 0 0 
0 0 0 32 507 0 0 0 0 0 
2096 24 16 152 0 138 1 0 0 1 
1490 0 0 0 0 0 0 0 0 0 
0 0 0 0 0 0 0 0 352 0 
1712 1 0 0 0 0 0 0 0 0 
0 248 0 0 3 0 0 0 0 0 
0 0 0 0 1 0 228 0 0 0 
26 0 0 0 0 1438 0 0 3 0 
1 0 0 0 0 215 483 0 0 0 
0 0 0 7 147 382 0 0 0 0 
0 0 0 324 5 0 0 0 0 0 
0 0 216 901 0 0 0 2 0 0 
0 2 0 0 0 0 339 0 0 0 
0 3069 0 0 0 0 0 0 0 0 
976 2 2 2 0 0 0 0 0 0 
0 0 0 58 121 0 1 110 144 66 
0 0 0 0 0 312 0 0 0 0 
2083 0 0 0 0 0 0 0 0 0 
0 0 0 0 0 0 1103 0 0 0 
5819 6 0 0 0 0 5 0 0 115 
81 692 1 2 0 6 113 0 0 0 
0 1 1 4 15 618 940 0 1 0 
0 0 0 0 0 0 2233 0 0 0 
0 1 442 1 0 0 0 0 0 0 
0 0 0 0 0 0 0 0 282 0 
0 0 0 0 23 1834 127 9 0 0 
387 0 2 0 0 0 2 0 0 2 
0 0 0 1 0 0 0 0 0 375 
0 0 3 0 0 915 0 0 0 0 
0 0 339 0 0 0 0 3 0 0 
167 13 16 1 0 0 0 1287 0 3 
0 0 0 0 0 108 0 0 0 0 
0 0 0 0 0 639 0 0 0 0 
29 0 0 0 65 42 0 0 135 0 
0 0 0 0 0 283 13 0 0 0 
0 0 0 0 136 37 0 0 0 0 
0 0 0 1 746 2042 0 0 2 0 
0 1 129 0 4 0 0 441 0 0 
43 1 0 0 0 0 0 0 0 152 
37 0 0 2 15 36 35 0 86 0 
0 0 0 0 0 119 0 0 0 0 
590 0 0 0 0 19 0 1 27 0 
16 0 0 0 0 181 3 0 278 0 
