2322 25 91 178 1543 4013 4517 1 17 0 
0 0 0 805 5125 53 0 0 0 0 
7229 0 0 0 0 0 0 0 0 0 
0 0 0 0 0 4 4729 0 0 0 
0 0 0 1 0 1598 0 0 3 3 
0 0 4 1 8 59 407 6 2 0 
1 3041 0 30 0 33 6 5 0 0 
2 0 5 492 2 11 0 0 0 0 
19 0 0 0 1 1 1 9 329 1971 
0 0 0 0 0 2010 0 0 0 0 
737 0 0 0 0 0 0 0 0 0 
5517 0 1 6 0 0 1 0 1 0 
2701 0 0 0 0 0 0 0 0 0 
0 0 425 0 0 0 0 0 457 9 
0 0 0 0 8 0 4206 0 0 4 
0 0 0 536 4 0 0 0 0 0 
0 0 0 116 366 1986 0 1 0 0 
0 12 0 0 0 1486 0 0 0 0 
4 0 0 7 30 0 1 25 285 0 
0 0 0 1710 0 0 0 0 0 1 
0 0 0 21 2 238 0 0 0 0 
0 0 0 0 0 0 0 0 229 0 
1451 0 0 0 0 0 0 0 0 0 
0 38 269 53 1 0 0 37 270 42 
10 0 0 0 333 195 0 0 0 0 
0 0 0 0 329 0 0 0 0 0 
0 0 0 0 1098 40 0 0 0 0 
0 0 0 0 6 311 24 0 0 0 
0 1945 0 0 0 1161 0 0 1 8 
0 0 1 0 0 1018 0 0 0 0 
1 0 493 0 0 1 0 4 0 1 
0 0 0 0 1 318 0 0 0 0 
1345 0 0 0 0 0 0 740 0 0 
954 6 0 0 0 2 1 3 0 0 
4004 0 0 0 0 1 0 0 1455 478 
0 0 7 0 40 738 0 0 19 31 
113 1 0 718 205 77 314 0 0 0 
68 3 0 1 0 258 9 0 62 43 
0 0 0 0 1 0 0 0 194 0 
0 0 1 18 0 1993 2 0 0 0 
0 0 0 398 0 3 0 3 0 0 
0 0 0 0 2 1 0 11 0 362 
0 0 0 785 0 0 1 0 6 0 
0 0 328 9 0 0 0 0 0 0 
0 0 0 0 0 0 1485 2 0 0 
0 0 0 38 1 0 0 0 0 62 
0 0 0 106 56 507 0 0 0 0 
0 0 157 0 0 0 19 33 0 70 
36 152 0 0 2 73 0 10 0 0 
0 0 0 0 192 0 0 0 0 3 
40 63 54 0 0 2365 284 11 1 3 
0 0 571 0 3 1 0 0 0 0 
0 113 87 0 0 0 0 0 0 0 
0 2 0 0 0 0 10 27 0 172 
113 1 0 0 5 0 0 0 0 0 
1 2 18 0 0 627 0 0 0 0 
498 0 0 14 0 0 0 0 0 1 
0 0 0 5 305 0 0 0 0 0 
0 0 1 0 0 22 318 0 0 0 
1 74 0 4 0 11 0 0 3 0 
0 0 0 3 0 0 2008 190 2 0 
0 0 4 0 0 3 1 129 0 0 
0 245 0 0 0 0 0 0 0 0 
