3151 0 381 44 1075 3858 4304 0 7 13 
0 0 0 746 5480 40 0 0 0 0 
7215 47 0 0 0 0 1 0 0 0 
0 0 2 2 0 2 4757 0 0 0 
0 0 18 0 0 1581 0 0 0 0 
0 0 0 0 3 129 392 13 0 5 
1 3239 0 42 0 16 13 0 2 0 
0 0 0 486 0 22 0 0 0 0 
12 7 0 0 0 0 0 0 368 1974 
0 0 0 0 0 2724 0 0 1 0 
544 230 0 0 0 0 0 0 0 0 
6273 0 0 0 0 0 1 0 0 0 
2830 0 0 0 0 0 0 0 0 0 
34 0 314 1 0 0 0 0 548 0 
0 1 0 0 0 0 4217 6 0 0 
0 0 0 541 4 0 0 0 0 0 
0 0 0 47 353 2704 0 0 0 0 
0 4 0 11 0 1461 1 0 0 0 
0 23 0 0 0 2 0 1 326 0 
0 10 0 1697 0 1 1 3 0 0 
0 0 0 20 1 241 0 0 0 0 
0 0 0 0 0 0 0 0 229 0 
1477 0 0 0 0 0 0 0 0 0 
52 0 647 0 0 0 3 0 0 0 
56 0 0 0 72 620 0 0 0 0 
0 0 0 0 328 10 0 0 1 0 
3 0 0 17 1074 50 1 0 0 0 
0 0 0 0 0 325 16 0 0 0 
2 1543 0 0 395 1038 6 0 0 0 
0 0 1 0 0 951 0 0 0 0 
0 2 492 0 0 4 2 0 0 0 
0 0 0 0 0 1 0 0 197 0 
1368 0 0 4 0 0 0 750 0 0 
1057 0 0 0 0 0 35 0 0 3 
4222 0 0 0 0 0 0 4 1282 518 
4 0 0 0 149 549 19 0 158 7 
28 2 1 614 119 299 622 2 0 5 
0 0 0 0 1 13 2176 38 0 0 
168 44 0 5 5 90 0 1 0 128 
0 0 11 0 0 0 0 0 164 0 
0 1 0 27 0 1246 9 0 0 2 
227 0 7 8 58 20 0 0 0 0 
0 1 0 1 0 0 0 0 0 364 
0 0 0 863 0 0 0 82 0 0 
0 0 340 0 0 0 2 0 0 0 
0 0 0 0 0 0 1478 0 0 0 
1 0 0 0 4 0 0 83 11 0 
1 0 1 61 67 492 0 0 0 0 
18 1 0 0 32 41 119 63 0 0 
0 42 10 0 64 174 0 0 43 0 
0 0 0 3 169 0 0 0 1 0 
2317 176 11 25 0 42 0 40 46 0 
1 0 243 0 0 0 317 8 0 1 
0 117 55 0 0 0 0 0 0 0 
