12361 317 0 3 0 1 1 0 2 0 
0 0 0 4981 1017 0 1 3 2 0 
5410 0 1 30 543 1496 0 0 0 0 
2542 0 0 0 0 0 450 522 1234 0 
0 0 0 1599 0 10 0 0 0 0 
0 0 0 0 7 359 120 1 0 0 
0 3166 0 0 6 0 0 0 0 0 
0 1 0 2 502 1 0 0 0 0 
0 0 0 0 5 1418 0 0 916 6 
0 807 6 0 0 1184 8 1 0 1 
0 0 0 0 736 0 0 0 0 0 
429 0 1 0 0 4960 131 1 5 0 
2642 3 0 0 0 0 0 0 0 0 
0 0 0 880 0 0 0 4 7 0 
4171 0 0 0 1 10 0 30 0 0 
0 1 0 46 492 0 0 0 0 0 
2280 29 0 153 0 8 0 0 0 3 
1495 0 0 0 0 0 0 0 1 0 
0 0 0 0 0 0 0 0 352 0 
1706 1 0 0 0 1 0 7 0 0 
0 259 0 0 1 0 0 0 0 0 
0 0 0 0 0 0 229 0 0 0 
26 0 0 0 0 1428 0 0 0 0 
0 0 0 0 0 188 522 0 0 0 
0 0 0 12 145 381 0 0 0 0 
0 0 0 322 3 0 0 0 0 0 
0 0 189 930 0 0 0 0 0 0 
0 3 0 0 0 0 338 0 0 0 
0 3063 0 0 0 0 0 0 0 0 
979 0 20 1 22 0 0 0 4 0 
9 0 61 425 0 0 2 0 3 0 
0 1 0 0 0 317 0 0 0 0 
2097 0 0 0 0 0 0 0 0 0 
0 0 0 0 0 0 962 0 0 0 
5828 0 0 0 0 0 5 0 16 74 
746 10 0 0 29 3 0 0 0 52 
0 0 0 8 0 649 771 0 0 0 
0 2 438 0 0 0 3 1 0 0 
0 0 0 0 0 0 0 0 195 0 
7 11 1 6 0 1893 109 0 2 1 
0 2 8 0 196 133 31 0 2 32 
0 0 0 0 0 0 0 0 0 376 
0 0 1 0 0 766 0 23 2 0 
0 3 335 0 0 0 0 1 3 0 
0 0 0 0 975 0 30 124 0 358 
0 0 0 0 0 100 0 1 0 0 
0 0 0 0 0 659 0 0 0 0 
11 0 0 0 0 6 3 0 239 8 
0 0 0 0 0 264 13 0 0 0 
0 0 0 2 173 29 0 0 0 0 
0 0 3 0 915 1897 1 0 0 0 
0 0 75 0 0 0 0 499 0 0 
1 0 0 0 242 0 0 0 3 0 
0 207 0 0 4 0 1 0 0 0 
0 0 0 0 0 119 0 0 0 0 
60 0 78 23 2 0 76 0 398 0 
0 0 0 0 0 0 0 0 512 0 
0 288 0 0 1 21 0 0 0 0 
0 0 0 0 0 0 338 0 0 0 
0 0 0 0 0 0 0 0 90 0 
0 0 0 0 0 0 2209 0 0 0 
0 0 0 0 0 137 0 0 0 0 
