3249 0 637 75 1191 3025 4636 0 51 0 
0 4 0 729 5495 37 0 4 0 0 
9692 360 0 0 0 0 0 0 0 1 
0 0 0 1 0 13 5300 0 1 0 
0 0 21 0 0 1578 0 0 0 0 
0 8 0 0 0 217 319 0 0 0 
0 3445 82 22 0 23 5 0 0 0 
3 0 0 491 0 14 0 0 0 0 
9 0 4 0 0 0 0 0 371 1979 
0 0 0 0 0 2719 0 0 0 0 
551 219 0 0 1 0 0 0 1 0 
6257 0 4 0 0 6 0 11 0 0 
2862 0 0 0 0 0 0 0 0 0 
0 0 300 15 0 0 0 2 569 10 
0 0 0 0 0 3 4222 0 0 0 
0 0 0 550 0 0 0 0 0 0 
0 0 0 79 344 2714 0 0 0 6 
0 0 0 0 0 1455 3 0 0 0 
0 1 5 0 0 0 0 2 344 0 
2 0 0 1684 24 0 0 0 0 0 
0 0 0 23 1 232 0 0 0 0 
0 0 0 0 0 0 0 0 229 0 
1469 0 0 0 0 0 0 0 0 0 
0 1 577 0 1 68 0 33 0 22 
22 0 0 0 209 515 0 0 0 0 
0 0 0 5 337 8 0 1 0 0 
0 1 1 11 1093 42 0 0 0 0 
0 0 0 0 0 324 17 0 0 0 
8 1182 0 0 429 1111 0 0 0 1 
0 0 0 0 0 967 0 0 0 0 
0 0 465 0 1 0 0 0 0 34 
0 1 0 0 0 3 0 0 194 0 
1344 1 0 5 0 0 0 756 0 0 
1062 0 0 0 0 0 21 14 0 0 
4199 0 0 0 0 0 0 0 1323 524 
1 1 0 0 0 551 0 13 322 1 
21 0 0 265 46 881 515 2 0 0 
0 0 4 0 0 0 2079 139 0 12 
373 0 0 0 0 68 0 1 0 0 
0 0 0 0 0 0 0 0 175 0 
0 0 0 50 0 1224 17 0 0 0 
154 0 0 0 0 104 0 0 42 0 
0 0 0 5 1 0 1 0 14 344 
0 0 1 598 0 0 0 360 1 0 
4 0 338 0 0 0 0 0 0 0 
0 0 0 0 0 0 1465 0 0 0 
0 9 0 62 10 0 0 0 0 0 
0 0 0 90 85 386 0 1 1 3 
0 0 1 2 1 0 195 39 2 11 
85 0 0 1 3 264 0 0 0 0 
0 0 0 0 145 3 0 0 2 2 
