12590 229 0 1 0 0 0 0 0 0 
0 0 0 5134 1145 0 0 0 0 0 
1864 0 4 1 587 4946 0 0 61 0 
1993 0 0 0 16 0 758 692 1359 3 
1 0 29 1558 0 11 0 0 0 0 
0 1 0 0 45 376 119 0 0 0 
0 3561 0 0 1 4 0 0 0 0 
0 0 0 0 508 0 0 0 0 0 
0 8 0 1 0 1340 12 12 955 34 
43 770 23 0 0 1886 0 0 0 8 
0 0 0 0 774 0 0 0 0 0 
391 0 0 0 2 4911 267 6 705 0 
2859 2 0 0 0 0 0 0 4 0 
0 0 0 887 0 0 0 0 9 0 
4192 0 0 0 0 3 0 33 0 0 
0 0 0 50 499 0 0 0 0 0 
1464 148 262 960 110 154 28 0 0 0 
1459 0 0 0 0 0 0 0 0 0 
1 0 0 0 0 0 0 0 351 0 
1700 12 0 0 0 0 0 0 0 0 
0 258 2 0 3 0 0 0 0 0 
0 0 0 0 0 0 229 0 0 0 
16 0 2 0 0 1444 1 0 0 0 
1 0 0 0 0 201 498 3 0 0 
0 0 0 6 101 644 0 0 0 0 
0 0 0 333 3 0 0 0 0 0 
1 0 213 934 0 0 0 0 1 0 
0 1 0 0 0 0 338 0 0 2 
0 2742 0 0 0 0 0 0 0 0 
949 0 0 0 4 0 0 14 0 4 
0 7 406 0 0 0 1 4 0 82 
0 0 0 0 0 78 0 0 120 0 
2101 0 0 0 0 0 0 0 0 0 
0 0 0 0 0 0 1094 0 0 0 
5899 0 0 9 0 7 4 0 0 111 
400 313 1 5 0 0 158 0 0 13 
0 0 0 3 10 798 903 0 0 0 
0 0 0 0 0 0 2230 0 0 0 
0 0 436 0 0 0 0 5 0 0 
0 0 0 0 0 0 0 0 175 0 
295 0 2 0 0 7 690 224 74 0 
191 1 0 0 0 2 0 127 0 0 
0 0 0 0 0 0 1 0 0 364 
24 29 0 0 2 878 1 0 26 0 
0 0 330 1 0 0 5 0 0 6 
553 6 12 50 91 0 0 728 30 0 
0 0 0 0 0 81 0 0 0 0 
0 0 0 0 0 602 0 0 0 0 
87 0 3 0 3 2 39 23 110 0 
0 0 0 0 1 307 20 0 0 0 
0 0 0 0 126 30 0 1 0 0 
0 4 1 15 781 1789 0 0 1 0 
81 0 12 0 0 0 34 287 97 0 
