12394 257 0 0 0 2 1 0 0 0 
0 0 0 4941 1035 0 0 0 0 0 
5957 40 12 28 297 1073 0 0 18 0 
2121 0 0 0 0 3 975 368 1311 0 
0 0 2 1601 0 11 0 0 0 0 
1 0 0 0 18 353 120 0 0 0 
0 3238 6 0 0 0 0 0 0 0 
0 0 0 0 505 0 1 0 0 0 
0 0 0 0 0 1163 0 0 1161 17 
0 608 1 10 0 1418 0 1 0 0 
0 0 0 0 728 0 0 0 0 0 
348 0 0 0 1 4930 242 0 0 3 
2743 1 0 0 0 1 0 0 0 0 
0 0 11 863 0 0 0 0 23 0 
4144 0 0 0 0 20 0 65 0 0 
0 0 0 40 502 0 0 0 0 0 
2057 24 0 196 0 129 0 0 0 36 
1508 0 0 0 0 0 0 0 0 0 
0 0 0 1 0 0 0 0 351 0 
1706 8 0 0 0 0 0 0 0 0 
0 257 0 0 5 0 0 0 0 0 
0 0 0 0 0 0 229 0 0 0 
22 0 2 2 2 1420 0 0 1 0 
0 0 0 2 0 246 463 0 0 0 
0 0 0 6 128 408 0 0 0 0 
0 0 0 345 5 0 0 0 0 0 
0 0 191 930 1 0 0 0 0 0 
0 2 0 0 0 0 337 1 0 1 
0 2995 0 0 0 0 0 0 0 0 
981 0 12 0 0 0 0 0 0 0 
1 0 0 54 224 0 0 177 2 42 
0 0 0 0 0 318 0 0 0 0 
2097 0 0 0 0 0 0 0 0 0 
0 0 0 0 0 0 964 0 0 0 
5781 0 0 0 0 0 10 0 4 116 
450 111 230 0 0 7 0 0 89 1 
0 0 0 7 25 646 831 0 0 0 
0 0 0 0 0 0 2182 0 0 0 
0 6 435 0 1 0 1 1 0 0 
0 0 0 0 0 0 0 0 189 0 
0 0 0 0 0 1661 334 0 0 0 
96 15 0 0 38 246 0 8 0 0 
0 0 0 0 0 0 2 0 0 374 
85 0 0 10 0 827 0 0 0 0 
0 9 332 1 0 0 0 0 0 0 
0 0 0 0 98 3 39 944 1 402 
0 0 0 0 1 107 0 0 0 0 
0 0 0 0 0 661 0 0 0 0 
0 3 0 3 1 107 0 22 134 0 
0 0 0 0 0 271 6 0 0 0 
0 0 0 0 158 30 0 0 0 0 
0 0 0 0 692 2094 13 0 3 0 
0 0 96 0 0 0 0 462 17 0 
0 0 0 0 243 0 3 0 0 0 
0 0 2 0 0 0 0 0 209 0 
0 0 1 0 0 118 0 0 0 0 
0 25 0 34 14 0 1 0 563 0 
0 0 0 0 0 0 5 0 506 0 
1 300 0 0 5 0 0 0 3 1 
0 0 0 0 1 0 261 0 0 0 
0 0 0 0 1 1 0 0 91 0 
