12446 297 0 0 2 0 0 0 4 2 
0 0 0 5169 1078 0 0 0 0 0 
5938 0 1 27 522 805 4 14 52 8 
2031 0 0 0 8 0 975 382 1384 0 
0 0 0 1590 0 19 0 0 0 0 
0 0 0 0 23 363 129 0 0 0 
0 3209 2 0 0 0 0 0 0 0 
0 0 0 0 503 0 1 0 0 0 
0 0 1 0 2 1378 70 0 875 25 
17 682 0 0 0 1339 4 0 0 0 
0 0 0 0 776 0 0 0 1 0 
408 0 1 1 0 4770 206 1 658 0 
2775 1 0 0 0 0 0 0 0 0 
0 0 7 864 4 1 0 0 20 0 
4118 0 0 0 0 15 0 77 0 0 
0 0 0 46 496 0 0 0 0 0 
1923 3 0 348 0 139 0 15 7 0 
1493 0 0 0 0 0 0 0 0 0 
1 0 0 0 0 0 0 0 351 0 
1709 3 0 0 1 0 0 0 0 0 
0 249 0 0 1 0 0 1 0 0 
0 0 0 0 0 0 229 0 0 0 
20 0 0 0 0 1433 0 0 0 0 
0 0 0 0 0 194 510 0 0 0 
0 0 1 4 150 387 0 0 1 0 
0 0 0 341 5 0 0 0 0 0 
0 0 224 915 1 0 0 0 0 0 
0 1 0 1 0 0 339 0 0 0 
0 3070 0 0 0 0 0 0 0 0 
977 0 0 0 0 0 0 0 2 0 
0 11 0 34 118 9 0 146 157 25 
0 0 0 0 0 312 0 0 0 0 
2092 0 0 0 0 0 0 0 0 0 
0 0 0 0 0 0 1103 0 0 0 
5780 0 0 0 0 0 10 0 0 117 
152 652 0 14 0 1 74 0 0 0 
1 0 0 22 23 581 957 0 0 0 
0 0 3 0 2 0 2220 0 0 0 
0 0 435 0 8 0 0 0 1 0 
0 0 0 0 0 0 0 1 281 0 
0 0 0 18 29 1806 137 7 0 0 
316 0 25 0 3 0 52 0 5 0 
0 0 0 0 0 0 0 0 0 376 
0 2 0 21 0 893 0 0 0 2 
0 0 341 1 0 0 0 0 0 0 
262 0 2 36 0 0 0 1173 0 7 
0 0 0 0 0 108 0 0 0 0 
0 0 0 0 0 628 0 0 0 0 
21 0 1 7 17 38 0 28 159 0 
0 0 0 1 0 278 17 0 0 0 
0 0 0 0 144 29 0 0 0 0 
0 0 0 0 648 2128 0 0 0 18 
0 0 85 0 0 0 1 481 0 8 
3 2 0 16 0 0 0 0 0 175 
37 0 0 0 102 22 0 0 49 1 
0 0 0 1 0 118 0 0 0 0 
553 0 0 0 0 39 0 0 45 0 
