1908 38 362 132 957 4010 5237 0 29 0 
0 0 0 755 5208 47 1 0 0 0 
7304 90 7 0 0 0 0 0 0 0 
0 0 2 0 0 3 4769 0 0 0 
0 0 0 0 0 1608 0 1 0 0 
0 0 0 0 0 54 438 2 0 0 
0 3137 0 34 0 24 40 0 1 0 
0 26 0 447 0 35 0 0 0 0 
1 0 0 7 0 0 0 13 323 1998 
0 0 0 0 0 2013 0 0 0 0 
587 190 0 0 0 0 1 0 0 0 
5524 0 1 0 0 0 0 0 0 0 
2729 0 0 0 0 0 0 0 0 0 
0 0 318 0 0 0 0 0 578 1 
0 0 1 1 0 0 4240 0 0 0 
2 0 0 537 0 0 0 0 0 0 
0 0 0 56 491 1918 0 0 0 0 
43 0 0 8 0 1450 1 0 0 0 
2 12 5 0 0 0 0 0 263 70 
0 0 1 1713 0 0 0 1 0 0 
0 0 0 17 1 240 0 0 0 0 
0 0 0 0 0 0 0 1 228 0 
1457 0 0 0 0 0 0 0 0 0 
1 0 0 0 0 188 0 0 522 0 
3 0 56 2 57 359 7 51 1 0 
0 0 0 0 333 0 0 0 0 0 
0 0 0 0 1078 41 0 0 0 1 
0 0 0 0 0 325 13 0 0 3 
0 1541 3 0 236 1221 0 0 0 0 
0 0 0 0 0 972 0 0 0 0 
0 62 403 0 5 0 21 8 0 1 
16 0 36 5 21 122 0 115 0 0 
1300 0 0 2 0 0 0 813 0 0 
961 0 0 0 1 0 0 2 0 0 
3876 0 0 0 0 0 0 0 1558 477 
0 5 0 0 0 879 0 1 0 0 
29 1 0 568 78 208 660 0 2 0 
7 0 0 0 0 0 2188 35 2 0 
0 301 6 0 10 0 2 0 0 125 
0 0 0 0 0 0 0 0 194 0 
0 0 0 5 0 2010 4 0 0 0 
242 6 46 19 15 79 0 0 0 0 
3 0 0 0 0 0 0 0 0 373 
0 0 0 762 4 0 0 156 0 0 
0 0 341 0 0 0 0 0 1 0 
2 0 1 0 3 0 1481 0 0 0 
0 0 0 0 3 0 0 105 0 0 
0 0 1 69 63 526 0 0 0 0 
0 0 0 0 0 5 265 0 0 0 
0 3 0 5 0 0 0 267 2 0 
0 0 0 0 178 2 0 0 1 0 
768 0 7 0 0 1735 6 282 0 0 
0 0 500 0 0 53 22 0 0 0 
1 114 81 0 0 0 0 0 0 0 
0 9 0 0 0 196 4 0 0 3 
1 0 0 0 0 0 0 10 108 0 
17 0 0 4 0 616 0 0 0 0 
512 0 0 0 0 0 0 1 0 0 
0 0 0 4 306 0 0 0 0 0 
13 0 0 6 33 6 114 3 0 0 
0 0 0 0 0 0 0 0 88 0 
