12461 280 1 0 0 0 4 0 0 0 
0 0 0 5176 1096 0 0 0 0 0 
5896 0 0 21 511 779 13 0 133 9 
2139 0 0 0 0 8 986 490 1163 0 
0 0 0 1588 0 21 0 0 0 0 
1 0 0 2 33 352 122 0 0 1 
0 3211 0 0 0 0 0 0 0 0 
0 0 0 0 504 0 0 0 0 0 
0 0 0 0 0 1245 41 1 1040 24 
55 721 0 0 2 1261 0 0 0 0 
0 0 0 0 777 0 0 0 0 0 
368 6 1 0 0 4902 221 0 543 0 
2784 2 0 0 0 0 0 0 0 0 
0 0 0 870 4 0 1 1 20 0 
4114 0 0 0 3 21 0 71 0 3 
0 0 0 57 483 0 0 0 0 0 
1788 28 0 492 7 115 0 0 0 0 
1492 0 0 0 0 0 0 0 0 0 
0 0 0 0 0 0 0 0 352 0 
1706 4 0 0 0 0 0 0 0 0 
0 247 0 0 4 0 0 0 0 0 
0 0 0 0 0 0 229 0 0 0 
42 0 0 0 0 1416 0 0 0 0 
0 0 0 0 0 243 460 0 1 0 
0 0 0 5 132 405 1 0 0 0 
0 0 0 334 6 0 0 0 0 0 
0 0 259 865 0 0 0 0 0 0 
0 1 1 0 0 0 339 0 0 0 
0 3070 0 0 0 0 0 0 0 0 
984 0 0 0 0 0 0 0 0 0 
0 0 0 19 158 0 0 135 178 10 
0 0 0 0 0 309 0 0 0 0 
2097 0 0 0 0 0 0 0 0 0 
0 0 0 0 0 0 1103 0 0 0 
5753 1 0 0 0 0 18 0 1 130 
196 506 0 76 0 4 86 0 0 26 
2 1 0 3 16 603 955 0 0 0 
0 0 0 0 0 0 2225 0 0 0 
0 0 443 1 0 0 0 0 0 0 
0 0 0 0 0 1 0 0 281 0 
0 4 2 30 21 1786 145 4 7 0 
355 26 0 0 0 0 18 0 0 2 
0 0 0 0 0 0 0 0 0 376 
0 0 0 1 1 901 0 1 4 10 
0 0 340 2 0 0 0 0 0 0 
356 3 0 3 0 0 0 1118 0 0 
0 0 0 0 0 108 0 0 0 0 
1 0 0 0 0 632 0 0 0 0 
26 1 0 0 0 73 0 38 133 0 
0 0 0 0 0 280 16 0 0 0 
0 0 0 0 137 34 0 0 2 0 
0 2 0 0 794 2006 0 0 0 0 
0 0 127 0 1 8 0 429 2 8 
0 0 0 0 0 0 3 0 0 193 
55 0 0 0 82 0 0 0 73 1 
0 0 0 0 0 114 0 0 0 0 
581 0 2 4 0 36 0 9 5 0 
