12353 303 0 3 0 0 0 0 0 10 
0 2 1 5018 971 0 0 0 2 0 
5532 3 0 84 611 1239 0 3 17 0 
2115 0 0 0 0 0 550 500 1561 0 
7 0 0 1560 4 34 0 0 3 0 
0 0 0 0 15 346 131 0 0 0 
0 3183 0 0 0 0 0 0 0 0 
0 0 0 0 506 0 0 0 0 0 
0 4 4 0 0 1124 0 0 1201 12 
0 577 0 0 0 1429 0 0 0 0 
0 0 0 0 735 0 0 0 0 0 
379 8 0 0 0 4895 232 0 8 0 
2678 1 0 0 1 0 0 0 0 0 
0 0 0 850 0 0 0 0 41 0 
4174 0 1 2 0 2 6 50 0 0 
0 0 0 39 500 0 0 0 0 0 
1955 2 0 317 63 119 6 0 0 4 
1505 0 0 0 0 0 0 0 0 0 
0 0 0 0 0 0 0 0 352 0 
1706 0 0 0 0 0 3 3 0 0 
0 265 0 0 2 0 0 0 0 0 
0 0 0 0 0 0 229 0 0 0 
40 0 0 5 0 1400 0 0 1 0 
0 0 0 0 0 228 482 1 0 0 
0 0 0 7 152 379 0 0 1 0 
0 0 0 337 3 0 0 0 0 0 
0 0 200 909 0 0 14 0 0 0 
0 3 0 0 0 0 339 0 0 0 
0 3055 0 0 0 0 0 0 0 0 
980 0 0 0 0 0 0 0 0 0 
0 75 0 421 0 1 0 0 3 0 
0 0 0 0 0 318 0 0 0 0 
2082 0 0 0 0 0 0 0 0 0 
0 0 0 0 0 0 964 0 0 0 
5790 0 0 3 0 1 1 0 0 127 
682 182 0 14 0 0 0 0 3 0 
0 0 0 7 0 727 693 0 0 1 
0 0 442 0 0 1 0 0 1 0 
0 0 0 0 0 0 0 0 195 0 
17 0 0 25 0 1725 246 0 0 0 
1 0 0 0 388 7 3 0 0 5 
0 0 0 0 2 1 0 0 0 373 
0 1 4 0 0 799 0 0 0 2 
0 0 342 0 0 0 0 0 0 0 
0 0 0 1 886 5 0 281 0 314 
0 0 0 0 0 90 0 0 0 0 
0 0 0 0 0 665 0 0 0 0 
0 0 0 0 1 0 0 89 174 9 
0 0 0 0 0 262 15 0 0 0 
0 0 0 0 168 27 0 0 0 0 
0 0 0 0 762 2035 11 0 0 0 
0 0 56 1 0 0 2 516 0 0 
0 0 0 0 246 0 0 0 0 0 
0 43 0 0 148 20 0 0 0 0 
0 0 0 0 0 119 0 0 0 0 
1 65 1 15 0 0 0 0 556 0 
0 0 0 1 0 0 0 0 508 2 
0 302 0 0 8 0 0 0 0 0 
0 0 0 0 0 0 341 0 0 0 
0 1 0 0 1 0 0 0 88 0 
0 0 0 0 0 0 2208 0 0 0 
0 0 0 0 0 91 22 0 1 20 
