3187 16 721 108 1094 3533 4184 0 55 0 
0 0 3 780 5589 64 0 0 0 1 
9974 407 0 0 0 21 1 0 0 0 
0 0 0 0 3 32 5458 0 0 0 
0 0 30 0 0 1556 0 0 0 0 
0 0 0 0 6 194 348 1 0 0 
0 3356 103 46 4 45 7 9 0 5 
0 1 0 423 1 13 0 34 1 0 
20 0 0 0 0 0 0 0 350 2011 
0 0 0 0 0 2715 0 0 0 0 
477 256 0 42 0 0 0 0 0 1 
6272 0 0 0 0 0 1 17 0 0 
2865 0 0 0 0 0 0 0 0 0 
0 0 162 0 0 8 8 0 720 3 
0 0 0 0 0 0 4237 0 0 0 
0 0 0 548 0 0 0 0 0 0 
0 0 1 24 399 2687 1 0 0 18 
0 0 7 0 0 1453 0 0 0 0 
14 0 0 0 0 0 17 0 321 0 
4 0 0 1701 1 0 1 6 0 0 
0 0 0 18 1 236 0 0 0 1 
0 0 0 0 0 1 0 0 228 0 
1426 0 0 0 0 0 1 0 0 0 
0 29 544 1 0 110 3 0 15 0 
14 1 0 0 53 688 0 0 0 0 
0 0 0 3 327 37 0 0 0 0 
0 0 0 16 1077 53 0 0 0 0 
3 0 0 0 0 322 13 1 0 2 
0 1192 1 0 589 943 0 0 0 3 
0 0 0 0 0 974 0 0 0 0 
0 16 480 0 0 2 0 0 0 0 
0 0 1 0 0 1 0 0 196 0 
1157 2 0 0 0 0 0 955 0 0 
1070 0 0 0 0 0 31 0 0 0 
4181 0 5 0 0 1 2 0 1402 475 
0 0 0 7 0 652 3 0 227 0 
1 0 0 287 85 1235 353 0 0 0 
0 0 0 0 8 0 2181 68 0 0 
367 61 0 0 0 2 0 12 0 0 
0 0 0 0 3 4 14 0 149 0 
0 0 0 32 0 1202 43 8 0 0 
83 0 4 0 0 166 0 0 0 0 
2 0 0 3 0 0 0 0 3 342 
0 4 0 674 0 0 0 291 0 0 
0 1 341 0 0 0 0 0 0 0 
1 0 0 0 0 0 1484 0 1 0 
0 7 0 0 75 0 0 0 0 0 
0 0 0 128 151 47 0 0 4 39 
