12393 318 0 0 0 0 2 0 2 0 
0 0 1 4986 1014 0 0 0 0 0 
5664 0 3 41 286 1237 13 18 0 0 
2571 0 0 0 2 0 462 406 1296 1 
1 0 0 1581 3 20 0 0 0 0 
0 0 0 0 5 359 115 0 0 0 
0 3168 0 0 0 0 2 0 5 0 
0 0 0 3 509 0 0 0 0 0 
1 6 0 0 0 1293 0 0 989 55 
1 795 2 0 0 1179 0 0 0 0 
0 0 0 0 736 0 0 0 0 0 
591 0 2 2 0 4678 212 6 25 0 
2669 3 0 0 0 0 0 0 0 0 
0 0 6 850 0 0 0 0 34 1 
4156 0 0 0 5 3 0 44 7 0 
0 0 0 39 501 0 0 0 0 0 
2300 15 32 107 0 13 2 0 0 3 
1502 0 0 0 0 0 0 0 0 0 
0 0 0 0 0 0 0 0 352 0 
1687 19 0 0 2 0 0 1 0 2 
0 264 0 0 1 0 0 0 0 0 
0 0 0 0 0 0 229 0 0 0 
35 2 5 0 0 1394 0 0 22 0 
0 0 0 0 0 203 507 0 0 0 
0 0 0 9 153 374 0 0 1 0 
0 0 0 318 4 0 0 0 0 0 
0 0 198 928 0 0 0 0 0 0 
0 3 0 0 0 0 337 1 0 0 
0 3062 0 0 0 0 0 0 0 0 
1013 0 0 0 0 1 6 0 0 0 
87 1 0 389 23 0 0 0 0 0 
0 1 0 0 0 317 0 0 0 0 
2072 0 0 0 0 0 0 0 0 0 
0 0 0 0 0 0 961 0 0 1 
5792 0 3 0 0 0 6 0 0 140 
841 0 0 0 0 0 0 0 0 0 
6 0 0 10 0 714 705 0 0 0 
0 0 442 1 0 0 0 1 0 0 
0 0 1 0 0 0 0 0 194 0 
2 0 6 18 0 1972 57 0 1 0 
0 8 0 0 157 113 0 67 2 57 
0 0 0 0 0 0 0 3 0 373 
0 0 18 0 11 763 0 0 0 0 
0 0 326 0 0 15 1 0 0 0 
0 0 0 1 805 0 0 427 1 253 
0 0 0 0 0 101 0 0 0 0 
0 0 0 0 0 653 0 0 0 0 
37 21 1 0 0 0 0 0 200 9 
0 0 0 0 0 270 7 0 0 0 
0 0 0 0 166 29 0 0 0 0 
0 0 0 0 744 2067 8 0 0 0 
3 0 139 0 0 0 2 430 0 1 
0 16 0 1 173 0 0 1 2 1 
0 189 8 0 0 0 7 8 0 0 
0 0 0 0 0 119 0 0 0 0 
47 0 50 0 7 0 32 0 501 0 
8 0 0 1 9 0 28 0 467 0 
0 293 8 8 0 0 1 0 0 0 
0 0 0 0 0 0 340 0 2 0 
0 0 0 0 0 0 0 0 90 0 
0 0 0 0 0 0 2209 0 0 0 
8 0 2 0 0 91 0 0 0 36 
10 0 0 0 223 3 2 0 1 0 
