12443 250 0 0 4 0 4 0 0 0 
0 0 0 5133 1125 0 0 0 0 3 
5755 0 0 41 310 1255 0 0 27 0 
2347 0 3 0 0 0 1024 233 1178 0 
0 0 0 1599 0 5 5 0 0 0 
0 0 0 0 28 359 122 1 0 0 
0 3224 0 0 0 0 1 0 0 0 
0 0 0 0 504 0 0 0 0 0 
0 0 0 0 1 1151 79 0 1102 17 
0 751 0 0 0 1197 4 1 53 32 
0 0 0 0 777 0 0 0 0 0 
566 1 2 0 9 4778 141 0 28 0 
2749 1 0 0 0 0 0 1 0 0 
0 0 20 841 7 2 7 0 8 11 
4097 0 0 0 0 37 2 81 0 0 
0 1 0 32 510 0 0 0 0 0 
2299 5 8 102 0 14 7 0 0 1 
1496 0 0 0 0 0 0 0 0 0 
0 0 0 0 0 0 0 0 352 0 
1709 1 0 0 0 0 0 0 1 4 
0 247 0 0 3 0 0 0 0 0 
0 0 0 0 0 0 229 0 0 0 
15 0 0 0 0 1445 0 2 0 0 
0 0 0 0 0 246 456 0 0 0 
0 2 0 9 125 404 0 0 0 0 
0 0 0 347 3 0 0 0 0 0 
0 0 221 901 0 0 0 0 0 0 
0 1 0 0 0 0 339 0 0 1 
0 3056 0 0 0 0 0 0 0 0 
974 12 2 0 0 0 0 0 0 0 
5 0 0 17 33 4 0 180 36 225 
0 0 0 0 0 312 0 0 0 0 
2077 0 0 0 0 0 0 0 0 0 
0 0 0 0 0 0 1103 0 0 0 
5821 1 0 1 0 1 6 0 1 112 
167 316 239 0 4 0 161 0 0 0 
0 0 0 7 16 600 959 0 0 0 
0 0 0 0 0 0 2236 1 0 0 
0 0 443 0 0 0 0 1 0 0 
0 0 0 0 0 0 0 0 282 0 
0 0 1 2 0 1820 112 22 0 43 
372 0 0 0 1 0 22 0 1 5 
0 0 0 0 0 0 0 0 0 376 
0 0 0 0 0 919 2 0 0 1 
0 0 337 0 0 4 0 0 0 1 
1 0 1 0 0 0 0 1478 0 0 
0 0 0 0 0 105 0 0 0 0 
0 0 0 0 0 636 0 0 1 0 
0 0 0 1 0 21 1 0 248 0 
0 0 0 0 0 279 14 0 0 0 
0 0 0 0 143 30 0 0 0 0 
0 1 0 0 771 2016 0 0 0 1 
0 0 131 0 0 0 0 444 0 0 
0 4 0 0 7 6 0 0 6 173 
0 22 13 0 0 0 24 5 149 0 
0 0 0 0 1 118 0 0 0 0 
591 0 0 49 0 0 0 0 11 0 
0 10 1 0 0 0 0 0 500 0 
