2667 1 354 110 1164 3461 4995 4 10 0 
0 0 0 819 5395 44 1 3 0 0 
7274 82 0 0 0 0 0 0 0 0 
0 0 0 0 0 2 4772 0 0 0 
0 0 1 0 0 1608 0 0 0 0 
0 0 0 0 5 99 411 0 0 0 
0 3172 6 9 0 21 3 0 0 0 
6 0 0 479 0 1 3 0 14 1 
1 0 0 0 0 0 0 0 302 2048 
0 0 0 0 0 2040 0 0 0 0 
543 231 1 0 0 0 0 0 1 0 
6036 6 0 0 0 0 3 0 0 0 
2794 0 0 0 0 0 0 0 0 0 
0 0 212 0 7 0 10 0 667 0 
4 0 0 0 0 0 4200 6 0 0 
0 0 0 539 3 0 0 0 0 0 
0 7 18 39 236 2128 0 0 0 0 
0 5 0 0 0 1486 0 0 3 0 
0 0 0 20 0 0 0 0 332 0 
0 0 3 1707 0 0 0 1 1 0 
0 0 0 19 1 231 0 0 0 0 
0 0 0 0 0 0 0 0 229 0 
1453 0 0 0 0 0 0 0 0 0 
144 0 73 24 9 59 11 0 279 105 
24 0 5 0 156 339 0 0 19 0 
0 0 0 0 340 0 0 0 0 0 
1 0 0 0 1087 43 0 0 0 0 
0 0 0 0 0 317 19 2 2 1 
0 1661 23 0 497 876 13 0 0 0 
0 0 0 0 0 987 0 0 0 0 
0 24 73 0 0 0 0 0 403 0 
0 0 0 0 0 286 3 23 0 0 
1274 9 0 0 0 0 0 806 0 2 
1074 0 0 0 0 0 29 0 0 0 
3903 0 0 1 0 0 1 0 1450 546 
0 0 0 0 0 889 5 0 0 0 
5 0 0 486 96 191 806 0 0 0 
0 0 0 0 0 0 2168 57 1 0 
0 73 0 67 25 31 81 0 0 167 
0 0 0 0 0 1 0 0 281 0 
0 0 0 18 0 1967 6 0 0 0 
248 0 0 0 0 133 0 16 3 1 
1 0 0 0 1 0 0 0 1 373 
0 0 0 776 0 2 1 137 2 0 
0 0 340 2 0 0 0 0 0 0 
0 0 0 0 0 0 1480 0 0 0 
0 0 0 0 2 0 0 106 0 0 
0 0 0 98 72 458 0 0 0 2 
0 10 0 0 0 181 78 0 2 0 
0 0 0 0 0 0 0 294 1 1 
0 0 0 0 173 0 0 0 0 0 
359 213 69 272 15 345 57 1342 0 121 
0 15 549 0 1 0 0 0 10 0 
0 124 71 0 0 0 0 1 0 0 
0 0 165 2 0 2 42 0 0 0 
74 0 0 0 0 0 0 8 37 0 
7 0 0 0 0 630 0 0 0 0 
