12382 291 0 0 0 0 0 0 15 0 
5 0 0 4943 1034 0 1 0 0 0 
5801 0 3 86 284 1294 0 10 0 0 
2140 0 0 0 0 0 387 646 1554 0 
0 0 1 1586 0 16 0 1 0 1 
0 0 0 0 6 338 140 0 0 0 
14 3161 0 0 0 0 0 0 2 0 
0 0 0 0 506 0 0 0 0 0 
0 0 0 5 0 1352 2 0 951 35 
0 853 0 6 0 1135 6 0 0 0 
0 0 0 0 736 0 0 0 0 0 
417 2 0 0 0 4853 224 0 25 0 
2672 2 0 0 0 1 0 1 0 0 
1 0 1 881 1 1 0 0 6 0 
4125 0 0 23 0 8 0 81 0 0 
0 0 2 54 487 0 0 0 0 0 
2185 9 6 186 0 72 0 0 0 14 
1492 0 0 0 0 0 0 0 0 0 
0 0 0 2 0 0 0 0 350 0 
1705 3 0 0 0 5 0 0 0 0 
0 259 0 0 1 0 0 0 0 0 
0 0 0 0 0 0 229 0 0 0 
21 0 0 0 3 1427 0 0 0 0 
0 0 0 0 0 225 485 0 1 0 
0 0 0 10 146 382 0 0 0 0 
1 0 0 324 4 0 0 0 0 0 
0 0 213 928 0 0 0 0 0 0 
0 1 0 0 0 0 340 0 0 0 
0 3058 0 0 0 0 0 0 0 0 
1014 0 4 7 0 0 0 0 0 0 
17 1 0 474 0 0 1 0 3 4 
0 0 0 0 0 326 0 0 0 0 
2098 0 0 0 0 0 0 0 0 0 
0 0 0 0 0 0 964 0 0 0 
5808 0 0 0 0 0 4 0 0 83 
800 15 0 0 20 1 0 0 0 10 
0 0 1 24 0 681 722 0 0 0 
0 0 444 0 0 0 0 0 0 0 
0 0 0 0 0 0 0 0 195 0 
0 0 0 99 3 1899 27 0 0 8 
0 0 0 5 304 82 11 0 2 0 
1 0 0 0 0 1 0 2 0 372 
0 3 0 0 0 768 0 20 0 1 
0 0 341 0 1 0 0 0 0 0 
6 0 2 0 865 0 0 195 0 419 
0 0 0 0 0 101 0 0 0 0 
0 0 0 0 0 664 0 0 0 0 
0 0 0 0 0 16 1 0 233 17 
0 0 0 0 0 268 9 0 0 0 
0 0 0 0 170 25 0 0 0 0 
1 5 0 1 894 1896 13 0 0 0 
0 0 120 1 0 0 0 454 0 0 
1 0 0 0 245 0 0 0 0 0 
0 200 1 1 0 8 0 0 2 0 
0 0 1 0 0 118 0 0 0 0 
72 13 32 0 0 0 82 0 438 0 
0 0 5 3 0 0 0 0 505 0 
0 309 0 0 0 0 0 0 1 0 
0 0 0 0 0 0 347 0 0 0 
0 1 0 0 0 0 0 0 89 0 
0 0 0 0 0 0 2198 0 0 0 
1 0 1 1 0 130 0 0 0 4 
