2658 0 190 319 1274 3648 4646 0 37 0 
0 0 0 648 5589 34 0 0 0 0 
7186 111 0 0 0 2 0 0 0 0 
0 0 0 0 0 4 4762 0 0 0 
0 0 0 0 0 1605 0 0 0 2 
0 4 0 0 0 169 364 0 4 0 
1 3182 0 17 0 26 2 1 0 0 
0 4 7 466 0 27 2 0 0 0 
36 0 2 0 0 0 0 0 330 1982 
0 0 1 0 0 2638 0 0 0 0 
526 243 0 1 0 0 0 5 0 0 
6052 0 4 0 0 0 0 0 0 0 
2767 0 0 0 0 1 0 0 0 0 
0 8 318 0 0 0 0 0 572 0 
0 0 5 0 0 0 4203 0 20 0 
0 0 0 539 4 0 0 0 0 0 
0 0 1 50 331 2712 0 0 3 5 
0 2 0 0 0 1477 0 0 0 0 
12 0 0 0 0 0 0 1 339 0 
3 0 0 1693 0 0 1 18 1 0 
0 0 0 24 2 236 0 0 0 0 
0 0 0 0 0 0 0 0 229 0 
1455 0 0 0 1 0 0 0 0 0 
355 0 175 0 172 0 0 2 0 0 
2 0 1 0 135 588 0 0 21 0 
0 1 0 0 338 0 0 0 0 0 
0 0 0 11 1066 47 0 0 0 0 
0 0 0 0 0 324 16 0 0 1 
0 1538 0 0 517 986 0 0 10 1 
0 0 0 0 0 967 0 0 0 0 
0 6 484 0 0 2 9 0 0 0 
1 0 2 0 0 3 0 0 192 0 
1282 1 1 0 0 0 0 826 0 0 
1079 0 0 0 0 0 24 0 0 0 
3944 0 0 24 0 0 0 0 1406 603 
9 0 8 240 113 507 0 0 0 0 
14 22 15 598 101 218 675 1 0 0 
10 0 7 1 0 0 2091 116 0 5 
0 0 25 0 0 0 4 0 0 412 
1 0 0 0 0 0 0 1 173 0 
0 0 0 32 0 1338 10 0 0 1 
331 24 8 0 0 0 0 0 0 0 
0 0 0 0 0 0 0 0 0 376 
1 0 0 701 24 3 0 188 1 0 
0 0 340 1 0 0 0 1 0 0 
0 0 0 0 0 0 1491 0 0 0 
0 0 6 0 0 0 0 93 0 0 
0 0 0 83 59 504 0 0 1 0 
20 0 8 2 20 0 225 0 0 0 
0 0 0 0 0 152 0 162 0 0 
2 2 0 0 156 0 7 0 3 0 
1359 408 0 151 3 216 70 493 0 0 
0 0 563 12 0 0 0 0 0 0 
1 118 75 0 0 0 0 2 0 0 
126 0 6 0 0 0 75 0 0 4 
72 0 0 0 0 0 0 6 30 0 
