3289 0 696 100 1160 3083 4491 3 53 0 
0 0 0 717 5532 39 3 0 1 0 
9600 467 0 0 0 0 0 2 0 0 
0 0 0 0 0 20 5286 0 0 0 
0 0 26 0 0 1573 0 0 0 0 
0 6 2 0 0 161 375 0 0 0 
0 3422 89 26 1 11 12 1 0 0 
0 0 7 496 0 3 0 0 2 0 
64 1 0 0 5 0 0 0 266 2039 
0 0 0 0 0 2730 0 0 0 0 
509 264 0 0 0 0 0 0 0 0 
6247 0 0 0 0 0 0 28 0 0 
2852 0 0 0 0 0 0 0 0 0 
0 0 287 0 1 2 0 18 554 34 
6 0 0 1 0 0 4220 0 0 0 
0 0 0 549 7 0 0 0 0 0 
0 0 0 73 310 2754 0 0 1 0 
0 0 0 0 0 1452 0 0 0 0 
5 0 1 2 0 0 0 0 344 0 
0 0 0 1700 8 0 2 2 0 0 
0 0 0 16 1 241 0 1 0 0 
0 0 0 0 0 0 0 0 229 0 
1455 0 0 0 0 0 0 0 0 0 
0 0 623 0 0 75 0 4 0 0 
84 0 0 2 153 503 7 0 0 0 
0 0 0 5 322 13 0 0 0 0 
0 0 0 15 1087 46 0 0 0 0 
0 0 0 0 0 318 22 0 0 1 
0 1312 0 0 480 953 0 0 0 0 
0 0 0 0 1 967 0 0 0 0 
0 0 425 0 0 12 0 0 0 63 
0 0 0 0 0 2 0 0 196 0 
1240 0 0 0 0 0 0 860 1 0 
1067 2 0 0 0 0 26 0 2 0 
4211 0 0 0 0 2 0 5 1365 506 
0 0 1 0 0 610 0 0 278 0 
20 0 0 329 57 1107 331 2 0 0 
0 0 7 1 0 0 2134 77 0 17 
350 0 0 1 2 43 0 19 27 0 
0 0 0 0 0 1 0 0 174 0 
0 0 3 14 0 1252 14 0 0 0 
113 0 1 0 0 129 0 5 20 0 
0 0 0 0 0 0 0 1 0 352 
0 0 0 638 0 0 0 331 0 0 
0 0 340 0 2 0 0 0 0 0 
0 0 0 0 0 0 1468 0 1 0 
1 0 2 3 65 3 1 5 7 1 
3 0 0 116 115 227 1 2 0 4 
0 0 0 0 0 0 228 18 0 0 
152 0 0 2 13 166 0 0 0 0 
1 0 0 0 118 0 0 0 0 0 
