2107 0 249 196 1196 3561 5362 0 6 0 
0 0 0 747 5154 71 0 0 0 0 
7326 67 0 0 0 2 0 0 0 0 
0 0 0 0 0 15 4758 0 0 0 
0 0 0 0 0 1609 0 0 0 0 
0 0 2 0 0 83 407 0 0 0 
0 3152 5 30 0 33 6 0 1 0 
0 19 0 384 0 101 0 0 0 0 
1 4 0 1 2 0 0 0 354 1980 
0 0 0 0 0 2007 0 0 0 0 
501 276 0 0 0 0 0 0 0 0 
5517 1 0 0 0 0 0 0 0 0 
2747 0 0 0 0 0 0 0 0 0 
1 0 233 0 0 0 0 0 662 0 
0 0 1 0 3 0 4236 0 0 0 
0 0 0 537 5 0 0 0 0 1 
0 0 0 75 400 1969 0 0 0 0 
40 0 0 0 0 1472 0 0 3 0 
0 63 4 0 0 0 9 0 276 0 
0 0 1 1712 0 0 0 0 0 0 
0 0 1 18 2 236 0 0 0 0 
0 0 0 0 0 0 0 0 229 0 
1463 0 0 0 0 0 0 0 0 0 
0 0 6 0 0 0 33 1 649 23 
26 0 0 0 37 446 1 28 0 0 
0 0 0 0 340 0 0 0 0 0 
0 0 1 0 1091 46 0 0 0 0 
0 1 0 0 0 314 23 0 3 0 
0 1615 0 2 562 874 1 0 3 0 
0 0 0 0 0 977 0 0 0 0 
0 182 305 0 2 3 0 6 2 0 
0 0 0 0 0 87 1 225 0 0 
1475 4 0 0 2 0 0 623 1 0 
1077 0 0 0 0 0 26 0 0 0 
3911 1 2 0 0 10 0 0 1520 476 
0 1 3 0 4 877 0 0 0 0 
55 0 2 524 126 253 622 0 0 0 
17 0 0 3 4 0 2121 87 1 0 
0 194 0 0 0 4 0 58 0 188 
0 0 0 0 0 2 0 0 280 0 
0 0 0 11 0 2008 8 0 0 0 
109 1 0 0 0 283 0 0 3 5 
1 0 0 0 0 0 0 1 0 374 
0 0 0 784 0 0 0 138 0 0 
0 0 341 0 1 0 0 0 0 0 
0 1 1 0 0 0 1483 0 2 0 
0 0 7 0 0 0 0 100 0 1 
4 0 0 116 74 462 0 0 0 0 
0 0 1 0 0 19 223 0 29 0 
0 1 2 16 0 12 0 198 0 57 
0 0 0 0 190 0 0 0 0 0 
819 17 0 0 5 1498 182 228 0 46 
0 0 468 0 16 89 0 0 0 2 
0 107 88 0 0 1 0 0 0 0 
0 0 85 6 3 17 99 0 0 2 
0 0 0 0 0 0 0 0 119 0 
1 0 0 0 0 637 0 0 0 0 
457 0 0 0 0 0 0 11 0 43 
0 0 1 6 258 0 0 0 0 0 
