12330 352 0 0 8 0 1 0 1 1 
0 0 0 5002 1016 0 0 0 0 0 
6171 0 0 52 239 825 0 0 0 0 
2193 0 5 0 0 0 548 331 1633 2 
0 0 0 1596 0 9 0 0 0 0 
0 0 0 0 6 347 134 0 0 0 
0 3142 0 0 0 0 0 2 0 0 
1 0 0 8 502 0 1 0 0 0 
0 0 28 7 0 1151 0 17 1124 17 
0 765 0 0 0 1139 0 0 0 109 
0 0 0 0 736 0 0 0 0 0 
491 5 0 3 0 4774 250 0 0 0 
2667 1 0 0 0 0 0 0 0 0 
0 0 0 882 2 2 0 0 5 0 
4160 0 0 0 0 20 0 62 0 0 
0 0 0 27 514 0 0 0 0 0 
1859 166 27 202 4 202 0 0 0 0 
1504 0 0 0 0 0 0 0 0 0 
0 0 0 0 0 0 0 0 352 0 
1708 4 0 0 0 0 0 0 0 0 
0 261 0 0 2 0 0 0 0 0 
0 0 0 0 0 0 229 0 0 0 
22 0 0 0 0 1422 0 0 0 2 
0 1 0 0 0 245 463 0 1 0 
0 0 0 9 129 403 0 0 0 0 
0 0 0 321 4 0 0 0 0 0 
0 0 187 917 2 0 0 1 0 0 
0 4 0 0 0 0 337 0 0 0 
0 3090 0 0 0 0 0 0 0 0 
992 0 0 0 0 0 0 33 2 0 
0 0 0 352 139 0 0 0 0 9 
0 0 0 0 0 316 0 0 0 0 
2089 0 0 0 0 0 0 0 0 0 
0 0 0 0 0 0 965 0 0 0 
5800 0 0 0 0 0 1 0 18 100 
816 0 3 0 7 3 0 0 0 0 
0 0 0 5 0 732 698 0 0 0 
3 0 441 0 0 0 0 0 0 0 
0 0 0 0 0 0 0 0 195 0 
1 2 0 0 2 1837 148 0 0 32 
0 0 9 43 249 0 8 0 0 95 
0 0 0 0 0 0 0 0 0 376 
0 3 0 0 0 788 0 0 0 1 
0 0 335 2 0 5 0 0 0 0 
0 7 0 125 1210 60 0 52 1 32 
0 0 2 0 0 99 0 0 0 0 
0 0 0 0 0 664 0 0 0 0 
72 68 0 0 0 0 0 0 88 40 
0 0 0 2 0 266 9 0 0 0 
0 0 0 0 160 35 0 0 0 0 
0 0 0 0 835 1960 12 0 0 0 
1 8 129 0 0 0 9 420 8 0 
0 41 9 0 141 0 2 0 2 0 
87 0 0 51 0 1 0 0 72 0 
0 0 0 0 1 118 0 0 0 0 
165 0 48 0 0 183 0 1 251 0 
0 0 0 0 32 0 0 1 480 0 
0 298 0 2 0 10 0 0 0 0 
0 0 0 0 0 0 338 0 0 0 
1 0 0 0 0 0 0 0 90 0 
0 1 0 0 0 0 2207 0 0 0 
0 6 16 0 1 83 0 0 0 31 
0 1 0 0 242 0 0 2 0 0 
