12458 325 1 0 0 0 1 0 0 0 
0 0 0 5175 1073 0 0 0 0 0 
5418 0 0 31 617 1050 0 0 256 0 
1960 0 0 0 0 21 1007 467 1327 0 
1 0 3 1584 0 17 0 1 0 0 
0 0 0 0 24 353 128 0 0 0 
0 3231 3 0 0 0 0 0 0 0 
0 0 1 0 503 0 0 0 2 0 
0 2 0 0 7 809 130 0 1360 43 
4 895 0 0 0 1154 0 0 1 0 
0 0 0 0 777 0 0 0 0 0 
503 0 4 0 0 4817 118 4 600 0 
2737 1 0 0 1 0 0 0 0 0 
9 0 0 876 4 0 0 0 9 0 
4169 0 1 0 2 2 0 39 0 0 
0 0 0 35 508 0 0 0 0 0 
1923 76 2 600 0 53 0 0 0 0 
1465 0 0 0 0 0 0 0 0 0 
0 0 0 0 0 0 0 0 352 0 
1701 5 0 1 1 0 0 0 1 0 
0 249 0 0 1 0 0 0 0 0 
0 0 0 0 0 0 229 0 0 0 
22 1 0 0 2 1439 0 0 0 0 
0 0 0 0 0 198 506 0 0 0 
0 0 0 4 152 374 0 0 1 0 
0 0 0 335 5 0 0 0 0 0 
0 0 234 907 0 0 0 0 0 0 
0 1 0 0 0 0 340 0 0 0 
0 3045 0 0 0 0 0 0 0 0 
960 0 0 0 0 2 0 0 0 0 
0 3 4 50 121 0 0 292 12 18 
0 0 0 0 0 312 0 0 0 0 
2091 0 0 0 0 0 0 0 0 0 
0 0 0 0 0 0 1103 0 0 0 
5848 0 0 0 0 0 1 1 0 70 
189 604 0 24 0 0 45 0 16 0 
1 0 0 5 22 564 991 1 0 0 
0 0 0 0 0 0 2225 0 0 0 
0 0 443 0 0 1 0 0 0 0 
0 0 0 0 0 0 0 0 282 0 
0 266 0 0 0 1595 141 0 0 0 
336 0 16 0 0 39 3 6 0 1 
0 0 0 0 0 6 0 0 0 370 
0 6 0 0 0 901 0 0 11 0 
0 1 330 8 0 3 0 0 0 0 
383 0 0 0 4 3 0 1088 0 0 
0 0 0 0 0 107 1 0 0 0 
0 0 1 0 0 631 0 0 0 0 
84 0 0 0 4 95 17 15 58 0 
0 0 0 0 1 278 17 0 0 0 
0 0 0 0 138 35 0 0 0 0 
0 0 0 0 723 2069 1 0 0 0 
0 8 163 0 1 3 7 393 0 0 
24 0 0 0 34 0 0 2 0 136 
88 5 0 0 25 10 0 0 83 0 
0 0 0 0 0 114 0 0 0 0 
460 1 0 5 0 0 0 1 0 0 
