2467 0 217 255 1237 3707 4783 0 10 0 
0 0 0 817 5107 61 0 1 0 0 
7386 54 0 0 0 0 0 0 0 0 
0 1 0 0 0 3 4750 0 0 0 
0 0 0 0 0 1609 0 0 0 0 
1 0 0 0 3 34 450 0 0 0 
4 3135 3 12 0 73 8 0 0 0 
0 6 0 474 0 14 0 0 11 1 
3 0 10 0 0 5 0 0 307 2017 
0 0 0 0 0 2011 0 0 0 0 
710 1 0 0 0 0 0 18 0 0 
5528 0 0 0 0 0 0 0 0 0 
2696 0 1 0 0 0 0 0 0 0 
8 1 366 2 0 0 0 1 507 6 
0 0 0 0 0 0 4220 0 0 0 
0 0 0 538 5 0 0 0 0 0 
0 12 0 34 333 2079 1 0 4 0 
0 0 0 1 0 1499 0 6 1 0 
0 0 5 0 151 25 0 0 170 1 
0 0 0 1712 0 0 0 0 0 0 
0 0 0 21 1 242 0 0 0 2 
0 0 0 0 0 0 0 0 229 0 
1445 0 0 0 0 0 0 0 0 0 
0 2 2 9 0 70 0 14 572 43 
38 0 0 0 221 278 0 0 0 0 
0 0 0 0 335 0 0 0 1 0 
2 0 0 0 1077 49 0 0 0 0 
0 0 0 2 0 319 18 0 1 0 
0 1717 0 0 2 1269 0 16 0 0 
0 0 0 0 0 984 0 0 0 0 
0 3 298 0 189 0 0 9 1 0 
0 0 0 0 0 292 26 0 0 0 
1359 0 0 4 0 0 0 729 0 3 
963 0 0 0 0 0 0 0 0 0 
4089 3 0 0 0 7 0 0 1435 394 
2 11 0 5 0 860 0 0 0 0 
67 0 39 561 177 2 650 2 0 0 
192 101 8 0 0 0 24 0 0 119 
0 0 0 0 0 0 0 0 195 0 
0 2 0 5 0 2004 5 0 0 0 
104 0 3 251 43 0 0 0 0 0 
0 0 0 0 0 0 0 0 0 376 
0 1 0 801 0 0 0 4 0 0 
0 0 339 0 1 0 0 2 0 0 
0 0 0 0 0 0 1488 0 0 0 
0 4 0 0 0 0 0 104 0 0 
7 1 0 87 81 485 0 0 0 0 
2 0 94 0 0 0 57 99 18 0 
0 29 0 0 2 0 0 240 0 6 
0 0 0 0 198 0 0 0 0 0 
85 0 0 14 0 2707 0 0 0 0 
0 10 488 44 2 0 23 0 0 7 
0 189 56 0 0 0 0 0 1 0 
0 0 39 0 0 164 0 8 0 0 
58 3 0 0 0 0 0 0 58 0 
5 0 2 0 0 628 0 0 0 2 
496 0 0 0 0 0 1 0 0 15 
0 0 0 6 304 0 0 0 0 0 
0 0 0 0 1 18 304 0 0 0 
0 0 0 0 0 0 0 1 63 29 
0 0 0 0 0 0 1895 238 28 0 
2 0 18 4 0 2 0 90 0 0 
