12506 259 0 0 0 0 0 0 0 0 
0 0 0 5182 1084 0 0 0 0 0 
5127 0 1 0 721 1257 0 0 218 0 
1998 0 0 0 0 0 966 447 1360 0 
0 0 1 1589 0 15 0 0 0 1 
0 0 1 0 32 341 137 0 0 0 
0 3240 0 0 0 0 0 1 0 0 
0 0 0 0 507 0 0 0 0 1 
1 103 0 0 0 951 49 0 1177 70 
0 533 0 25 0 1522 0 0 0 0 
0 0 0 0 775 0 0 0 0 0 
435 11 1 0 0 4717 250 0 635 0 
2792 1 0 0 0 0 0 0 0 0 
5 1 0 884 1 0 0 0 5 2 
4154 0 0 0 0 3 0 87 0 3 
0 0 0 51 489 0 0 2 0 0 
2622 129 0 287 0 42 0 0 0 1 
1483 0 0 0 0 0 0 0 0 0 
0 0 0 0 0 0 0 0 352 0 
1708 7 0 0 0 0 0 0 0 0 
0 260 0 0 2 0 0 0 0 0 
0 0 0 0 0 0 229 0 0 0 
22 0 0 0 0 1435 0 0 0 0 
0 0 0 0 0 243 461 0 0 0 
0 0 0 4 115 629 0 0 0 0 
0 0 0 321 4 0 0 0 0 0 
0 0 224 910 0 0 0 0 0 6 
0 1 0 0 0 0 340 0 0 0 
0 3040 0 0 0 0 0 0 0 0 
950 0 0 0 1 0 1 0 15 3 
0 0 20 294 4 0 1 180 0 1 
0 0 0 0 0 105 0 0 0 0 
2099 0 0 0 0 0 0 0 0 0 
0 0 0 0 0 0 1102 0 0 0 
5831 0 0 6 0 0 11 0 4 101 
71 684 7 0 0 4 38 13 49 13 
0 0 0 6 20 617 956 0 0 0 
0 0 0 0 0 0 2231 0 0 0 
0 0 441 0 0 0 0 0 0 0 
0 0 0 0 0 0 0 0 282 0 
0 242 0 39 1 1530 143 0 0 0 
346 0 1 10 0 0 3 0 0 1 
0 0 0 0 0 0 0 1 0 375 
0 0 16 0 0 794 0 0 108 0 
0 0 327 0 0 1 0 0 1 13 
389 0 0 0 0 0 1 1082 0 0 
0 0 0 0 0 108 0 0 0 0 
0 0 0 1 0 638 0 0 0 0 
93 3 0 0 2 41 80 47 6 0 
0 0 0 0 1 284 11 0 0 0 
0 0 0 2 129 42 0 0 0 0 
0 0 0 13 711 2034 0 0 0 8 
0 0 77 0 1 14 0 483 0 0 
82 0 11 0 94 0 0 3 0 6 
31 0 1 2 0 0 0 0 178 0 
0 0 0 0 0 114 0 0 0 0 
