1949 0 131 143 1315 4163 4948 0 36 0 
0 0 0 729 5188 83 0 0 2 0 
7309 62 0 0 0 0 0 1 0 0 
0 0 0 0 0 11 4764 1 0 0 
0 1 0 0 0 1608 0 0 0 0 
0 6 2 0 0 28 454 4 0 0 
2 3144 0 40 0 36 5 0 3 0 
0 8 0 486 0 6 5 3 0 0 
4 0 0 0 0 0 0 0 345 1993 
0 0 0 0 0 2013 0 1 0 0 
513 260 1 0 1 0 0 0 0 0 
5527 0 0 0 0 0 0 0 0 0 
2753 0 0 0 0 0 0 0 0 0 
10 0 291 0 1 0 12 0 583 0 
7 1 0 0 0 0 4224 0 0 0 
0 1 0 539 0 0 0 0 0 0 
7 8 1 38 309 2087 0 0 5 0 
19 0 0 0 0 1490 0 0 0 1 
0 0 0 0 1 0 0 0 278 73 
0 0 0 1709 0 0 0 4 0 0 
0 0 0 16 2 245 0 0 0 0 
0 1 0 0 0 0 0 0 228 0 
1451 0 0 0 0 0 0 0 0 0 
0 0 2 0 0 196 18 1 493 0 
12 1 0 0 58 466 0 0 0 0 
0 0 0 0 340 0 0 0 0 0 
0 0 0 0 1073 47 0 0 0 0 
7 4 0 0 2 281 47 0 0 0 
4 1756 0 9 32 1201 0 7 0 0 
0 0 0 0 0 977 0 0 0 0 
0 1 448 0 31 4 10 0 0 6 
0 0 0 30 37 170 0 81 0 0 
1207 0 0 0 0 0 0 898 3 0 
961 0 0 2 0 0 0 1 0 0 
3842 0 0 0 0 0 0 0 1454 616 
2 0 0 0 10 813 0 0 0 61 
40 0 0 635 106 29 691 0 4 0 
0 27 0 0 0 0 2089 87 0 0 
0 312 0 0 0 0 0 0 0 132 
1 0 0 0 0 0 0 0 188 0 
0 0 0 8 0 1998 6 1 0 0 
202 5 0 72 123 6 0 2 0 0 
0 0 0 0 0 0 0 0 0 376 
0 7 0 753 0 0 0 162 0 0 
0 2 338 0 0 0 0 2 0 0 
0 0 0 0 0 0 1487 0 0 0 
0 0 0 0 0 0 0 108 0 0 
0 0 0 76 65 524 0 0 0 0 
18 0 0 0 8 0 244 0 0 0 
0 0 8 0 40 9 0 200 20 0 
5 0 0 0 176 0 0 0 0 0 
614 0 0 66 0 1961 0 158 1 0 
0 0 509 0 0 63 0 0 0 3 
0 111 88 0 0 0 0 0 0 0 
0 14 0 8 1 184 0 0 5 0 
1 6 0 0 0 0 0 0 112 0 
0 0 0 0 0 635 0 3 0 0 
510 0 0 2 0 0 0 0 0 0 
0 0 0 4 306 0 0 0 0 0 
0 2 0 0 0 38 199 0 0 0 
0 0 0 0 0 6 12 5 57 13 
