2066 0 304 125 1279 3669 5184 0 46 0 
0 0 0 792 5449 45 0 0 0 0 
7339 52 1 0 0 0 1 0 0 1 
0 0 0 1 0 4 4782 1 0 0 
0 0 0 0 0 1609 0 0 0 0 
2 0 0 0 0 100 372 8 0 6 
0 3117 0 18 0 68 8 0 0 0 
1 0 0 483 10 7 0 3 0 0 
25 0 0 0 0 1 0 2 301 2021 
0 0 0 0 0 2042 0 0 0 0 
522 255 0 0 0 0 0 0 0 0 
5518 0 1 0 0 0 0 0 0 0 
2753 0 0 0 0 0 0 1 0 0 
0 0 292 0 0 0 1 0 603 0 
0 0 0 0 0 0 4217 0 0 0 
0 0 0 537 6 0 0 0 0 0 
8 0 0 62 365 2016 1 0 0 0 
0 0 0 5 0 1503 2 0 0 4 
0 23 0 0 0 0 2 0 326 1 
0 0 2 1709 0 0 0 0 0 0 
0 1 0 19 1 228 0 0 0 0 
0 1 0 0 0 0 0 0 228 0 
1461 0 0 0 0 0 0 0 0 0 
0 12 3 0 0 0 52 104 455 77 
1 0 1 0 25 485 0 29 0 0 
0 0 0 0 322 0 0 0 0 0 
0 0 0 0 1075 50 0 0 0 1 
0 0 0 0 0 321 20 0 0 0 
0 1513 0 0 580 980 0 0 0 0 
0 0 0 0 0 978 0 0 0 0 
0 104 177 0 0 0 1 0 171 47 
0 0 41 0 9 91 0 65 0 106 
1365 0 11 0 2 2 0 714 0 0 
1080 0 0 0 0 0 17 0 0 6 
4014 0 0 0 0 0 0 0 1422 501 
0 3 0 1 0 886 0 0 0 0 
13 0 0 476 108 248 734 3 0 0 
0 0 1 0 0 1 2168 59 10 2 
0 225 0 1 0 3 0 0 2 213 
0 0 0 0 0 0 0 0 282 0 
0 0 0 11 0 1979 2 0 0 0 
143 50 0 0 49 133 0 0 0 21 
0 0 1 1 0 0 0 0 0 374 
1 0 0 729 0 0 4 188 0 0 
0 0 341 0 1 0 0 0 0 0 
0 0 0 0 0 0 1487 0 0 0 
0 0 3 0 0 0 0 104 1 0 
0 0 0 108 61 473 0 2 0 0 
0 0 0 42 0 72 157 0 0 0 
5 3 0 0 1 0 0 281 0 0 
0 0 0 0 164 0 0 0 0 9 
437 72 0 19 2 1610 172 490 0 0 
0 0 483 0 0 0 86 6 0 0 
0 115 80 0 0 0 1 0 0 0 
0 5 134 0 0 48 1 21 0 3 
0 0 0 1 0 6 0 0 111 1 
0 0 3 0 0 634 0 0 0 0 
473 12 2 9 0 0 2 0 12 0 
