12512 248 0 0 1 0 0 0 0 0 
0 0 1 5124 1126 0 0 0 0 0 
5106 0 1 0 742 1314 0 0 151 0 
2150 16 0 5 0 0 924 385 1299 0 
0 0 0 1586 0 20 0 0 0 0 
0 0 0 0 35 360 116 0 0 0 
0 3225 0 0 0 1 0 0 0 0 
0 0 0 0 508 0 0 0 0 0 
0 53 1 0 1 1057 30 0 1145 64 
0 456 0 30 0 1605 0 0 0 0 
0 0 0 0 777 0 0 0 0 0 
503 5 0 0 0 4758 290 0 500 0 
2791 2 0 0 0 0 0 0 0 0 
10 0 0 847 2 0 1 0 5 33 
4178 0 0 0 0 4 0 51 0 1 
0 0 0 29 513 0 0 0 0 0 
2580 92 0 344 0 60 1 0 9 2 
1485 0 0 0 0 0 0 0 0 0 
0 0 0 0 0 0 2 0 350 0 
1708 4 0 2 0 0 0 1 0 0 
0 258 0 0 3 0 0 0 0 0 
0 0 0 0 0 0 229 0 0 0 
26 1 0 3 0 1416 0 0 0 0 
1 0 0 0 0 226 477 0 0 0 
0 0 0 10 114 625 0 0 0 0 
0 0 0 336 4 0 0 0 0 0 
0 0 215 926 0 0 0 0 0 0 
0 4 0 0 0 0 337 0 0 0 
0 3053 0 0 0 0 0 0 0 0 
963 1 0 0 0 1 0 0 0 4 
0 0 10 300 0 0 0 190 1 0 
0 0 0 0 0 102 0 0 0 0 
2099 0 0 0 0 0 0 0 0 0 
0 0 0 0 0 0 1102 0 0 0 
5764 0 0 13 0 1 4 0 0 180 
23 731 11 0 1 0 26 0 86 0 
0 0 0 6 16 621 956 0 0 0 
0 0 0 0 0 0 2233 0 0 0 
0 0 441 0 0 0 0 0 0 0 
0 2 0 0 1 0 0 0 279 0 
39 299 0 35 0 1379 194 1 0 0 
324 0 0 23 7 0 10 0 0 0 
5 0 0 0 0 0 0 0 0 371 
0 0 11 0 0 821 2 0 84 0 
7 0 324 0 0 0 0 0 4 7 
425 0 0 0 0 0 0 1047 0 0 
0 0 0 0 0 108 0 0 0 0 
0 0 0 0 0 639 0 0 0 0 
71 3 0 0 25 10 93 45 25 3 
0 0 0 0 0 287 9 0 0 0 
0 0 0 0 142 30 1 0 0 0 
0 0 0 7 713 2034 0 0 0 9 
0 0 135 0 0 4 0 435 0 1 
67 0 0 0 127 0 0 2 0 0 
28 1 0 0 0 0 0 0 183 0 
0 0 0 0 0 114 0 0 0 0 
