12396 307 0 0 0 1 1 3 1 0 
0 0 0 4958 1044 0 0 0 0 0 
6021 0 0 88 265 883 0 1 20 2 
2220 0 2 0 0 0 305 436 1740 2 
0 0 0 1590 0 15 0 0 0 0 
0 0 0 0 6 353 123 0 0 0 
2 3132 1 0 0 0 0 0 0 0 
0 0 0 5 506 0 0 0 1 0 
0 6 0 8 0 1125 6 0 1167 32 
0 702 0 0 0 1249 1 0 5 62 
0 0 0 0 736 0 0 0 0 0 
417 0 0 13 0 4938 157 0 0 0 
2659 1 2 0 0 0 0 0 1 0 
0 0 1 860 0 7 0 2 21 0 
4159 0 0 7 0 23 3 44 3 0 
0 0 0 45 494 0 0 0 0 1 
1883 194 2 200 1 188 0 0 1 0 
1504 0 0 0 0 0 0 0 0 0 
1 0 0 0 0 0 0 0 351 0 
1697 8 0 4 0 0 0 1 0 0 
0 259 0 0 2 1 0 0 0 0 
0 0 0 0 0 0 229 0 0 0 
20 0 0 11 0 1413 0 3 0 1 
1 0 1 0 1 210 496 0 1 0 
0 0 0 16 134 387 0 2 0 0 
0 0 0 318 4 0 0 0 0 0 
0 0 213 912 0 0 1 0 0 0 
0 1 0 0 0 0 340 0 0 0 
0 3095 0 0 0 0 0 0 0 0 
1009 0 0 0 0 0 0 0 4 0 
0 3 0 439 56 0 0 2 0 0 
0 0 0 0 0 319 0 0 0 0 
2081 0 0 0 0 0 0 0 0 0 
0 0 0 0 0 0 965 0 0 0 
5758 3 0 0 0 0 7 0 29 131 
744 0 2 0 97 0 0 0 0 0 
0 0 0 6 0 687 742 0 0 0 
0 2 437 1 1 3 0 0 0 0 
0 0 0 0 0 1 0 0 192 2 
0 0 0 0 0 1888 103 0 0 23 
0 0 0 3 239 1 0 1 0 160 
0 0 0 0 0 0 0 0 0 376 
0 0 0 0 0 791 0 0 0 1 
0 0 335 6 0 0 0 0 1 0 
0 0 0 85 1262 42 0 52 0 46 
0 0 0 0 0 100 1 0 0 0 
0 0 0 0 0 662 0 0 0 0 
56 42 0 0 0 0 0 0 76 96 
0 1 0 0 0 268 6 2 0 0 
0 1 0 0 166 28 0 0 0 0 
0 0 0 0 804 1995 8 0 0 0 
0 0 138 0 4 0 0 430 1 2 
0 86 37 0 51 0 21 0 0 0 
12 0 1 142 0 10 0 6 40 0 
0 0 0 0 0 118 0 0 0 1 
94 0 4 0 2 178 3 0 368 0 
1 0 4 0 0 0 0 0 508 0 
0 301 0 1 0 5 0 0 0 3 
0 0 0 0 0 0 338 0 0 0 
0 0 0 1 0 0 0 0 90 0 
0 0 0 0 0 0 2213 0 0 0 
0 0 15 0 3 107 0 2 0 10 
0 0 0 0 245 0 0 0 0 0 
