3298 72 593 80 862 3555 4337 19 91 7 
0 5 0 751 5625 77 0 0 0 0 
10039 338 0 0 0 39 0 0 0 0 
4 0 0 0 1 10 6934 1 0 0 
0 0 33 0 0 1569 0 0 0 0 
2 0 0 0 0 229 325 0 3 0 
0 3492 52 13 0 46 26 0 0 0 
0 1 0 366 0 26 0 36 21 0 
5 1 0 0 0 0 0 0 209 2175 
0 0 0 0 0 2714 0 0 0 0 
555 208 1 6 0 0 0 0 0 0 
6259 0 0 0 0 0 0 21 0 0 
2837 0 0 0 0 0 0 0 0 0 
0 0 340 0 0 0 0 0 556 5 
0 0 0 2 0 0 4278 2 0 0 
0 0 1 545 0 0 0 0 0 0 
0 0 0 53 507 2555 2 8 0 0 
22 0 0 0 0 1440 0 0 11 0 
0 0 0 0 1 0 118 0 233 0 
1 0 0 1713 0 0 0 0 0 0 
0 0 0 19 1 246 0 0 0 0 
0 0 0 0 0 0 0 0 229 0 
1426 0 0 1 0 0 0 0 0 0 
20 0 418 8 0 86 12 0 43 115 
75 126 0 5 163 389 0 1 0 1 
0 0 0 3 344 14 0 0 0 0 
0 0 0 12 1077 62 1 0 0 0 
0 0 0 0 0 306 29 0 0 6 
0 1329 0 0 461 882 3 0 0 1 
0 0 0 0 0 969 0 0 0 0 
0 7 442 0 2 0 9 1 0 0 
0 0 0 0 0 3 0 0 195 0 
1347 0 0 0 0 0 1 754 0 0 
1076 14 0 0 0 0 8 0 0 0 
4148 0 13 0 0 0 0 0 1377 544 
0 0 0 0 0 0 82 0 0 0 
3 0 14 33 1 440 50 0 348 0 
3 1 0 349 77 1245 308 0 0 0 
95 5 166 0 5 104 1387 314 56 26 
332 95 14 0 0 0 0 1 0 0 
0 2 0 4 9 0 0 0 155 0 
5 0 0 28 0 1209 37 0 1 0 
29 0 0 0 0 137 26 60 0 1 
0 0 0 129 119 0 1 0 0 476 
0 0 0 596 0 0 5 364 33 0 
0 0 374 0 0 0 0 0 0 0 
