12369 314 0 0 0 0 2 2 6 0 
1 0 0 5037 965 0 0 0 0 0 
5949 0 0 89 263 956 0 0 9 0 
2228 0 0 1 0 0 482 403 1597 3 
0 0 0 1598 0 7 0 0 0 0 
1 0 0 0 4 352 130 0 0 0 
3 3138 0 0 0 0 0 3 0 0 
0 0 0 7 505 0 0 0 0 0 
0 0 5 6 0 1286 0 0 1039 8 
0 729 5 1 0 1155 0 0 0 113 
0 0 0 0 736 0 0 0 0 0 
475 3 0 14 0 4809 218 0 0 0 
2685 1 2 0 0 0 0 0 0 0 
0 1 1 875 0 0 0 0 14 0 
4130 0 0 1 2 47 0 52 5 0 
0 0 0 30 509 0 1 0 0 0 
1923 199 22 187 13 128 0 0 0 0 
1504 0 0 0 0 0 0 0 0 0 
0 0 0 0 0 0 0 0 352 0 
1706 5 0 0 0 0 0 0 0 0 
0 260 0 0 1 0 0 0 0 0 
0 0 0 0 0 0 226 0 3 0 
13 0 0 3 0 1437 0 0 0 0 
0 0 0 0 0 211 497 0 2 0 
0 0 0 6 123 406 0 0 2 0 
0 0 0 336 4 0 0 0 0 0 
0 0 222 883 0 0 2 0 0 0 
0 1 0 0 0 0 340 0 0 1 
0 3089 0 0 0 0 1 0 0 0 
987 1 1 0 6 0 0 20 0 0 
0 0 0 388 111 0 0 0 1 0 
0 0 0 0 0 318 1 0 0 0 
2075 0 0 0 0 0 0 0 0 0 
0 0 0 0 0 0 966 0 0 0 
5790 0 0 0 0 0 2 0 24 114 
816 0 2 3 20 2 0 0 0 0 
0 1 0 9 0 725 700 0 0 0 
0 0 433 8 0 0 0 0 0 3 
0 0 0 0 0 0 0 0 195 0 
0 0 0 0 0 1885 100 1 1 42 
0 0 0 11 277 0 2 4 0 110 
0 0 0 0 0 0 0 0 0 376 
0 1 1 1 0 787 0 0 2 0 
0 0 340 2 0 0 0 0 0 0 
0 0 0 54 1306 61 0 20 3 43 
0 0 0 0 0 101 0 0 0 0 
0 0 0 0 0 657 0 0 0 0 
58 101 1 0 0 0 0 1 78 29 
0 0 0 1 0 259 17 0 0 0 
0 0 0 0 170 25 0 0 0 0 
1 0 0 0 750 2058 2 0 0 0 
0 0 107 0 1 0 0 463 3 1 
0 40 9 0 126 0 16 3 0 1 
50 0 0 86 0 0 0 0 74 1 
0 0 0 0 0 119 0 0 0 0 
158 8 7 0 8 160 1 0 306 0 
0 0 1 0 5 2 0 0 505 0 
0 299 0 0 0 11 0 0 0 0 
0 0 0 0 0 0 338 0 0 0 
0 0 0 0 0 0 0 0 91 0 
0 0 0 0 0 0 2207 0 0 0 
0 3 31 0 0 81 0 0 0 22 
0 0 0 0 244 0 0 0 1 0 
