2658 0 259 172 913 3984 4726 13 22 6 
0 0 1 702 5522 40 1 0 0 0 
7294 78 0 0 0 0 0 0 0 1 
0 0 0 0 0 9 4779 0 0 1 
0 0 1 0 0 1604 0 0 0 1 
0 0 0 0 0 98 405 1 0 0 
0 3170 0 23 0 33 16 0 0 0 
0 1 0 463 0 37 0 3 0 0 
4 2 0 0 0 1 1 9 300 2034 
0 0 0 0 2 2045 0 0 0 0 
499 276 0 0 2 0 0 0 0 0 
6036 1 0 0 0 0 0 0 6 0 
2740 0 0 0 0 0 1 0 0 0 
0 0 322 1 0 0 0 0 575 0 
0 0 0 0 0 0 4205 0 0 0 
1 0 0 537 8 0 0 0 0 0 
0 0 0 31 228 2297 7 1 5 0 
0 0 0 1 0 1478 5 2 0 0 
0 0 38 20 0 0 0 0 293 1 
0 0 0 1705 0 0 0 0 5 0 
0 0 0 17 4 230 0 0 0 0 
0 0 0 0 0 0 0 0 229 0 
1461 0 0 0 0 0 0 0 0 1 
237 19 107 0 12 127 0 0 58 144 
82 0 0 0 132 298 8 12 6 0 
0 0 0 0 329 0 0 0 0 0 
2 0 0 1 1072 56 0 0 0 0 
0 0 0 0 0 298 39 2 2 0 
0 1473 0 0 436 1120 0 0 0 9 
0 0 0 0 0 974 0 0 0 0 
0 1 163 0 2 25 0 0 305 4 
0 0 0 0 9 302 0 1 0 0 
1319 0 0 0 0 2 0 784 0 0 
1060 0 0 0 1 0 40 0 2 0 
3822 0 0 0 3 0 12 0 1543 538 
0 0 0 69 0 813 0 0 0 0 
17 0 29 560 147 156 671 0 0 0 
0 0 1 2 0 2 2158 62 0 0 
0 19 0 40 10 13 71 0 0 291 
0 0 0 0 0 0 0 0 282 0 
0 0 0 13 0 1980 4 0 0 0 
352 2 4 0 0 25 0 3 11 1 
0 0 0 0 0 0 0 0 6 370 
6 0 18 718 0 4 0 171 1 0 
0 0 342 0 0 0 0 0 0 0 
0 0 0 1 0 0 1485 0 0 0 
0 0 0 0 0 0 0 108 0 0 
0 0 0 70 77 479 0 0 10 0 
0 0 7 0 0 37 225 1 1 0 
0 0 4 1 2 0 0 289 0 0 
2 0 0 0 167 0 0 4 0 0 
656 304 109 447 14 243 150 814 0 66 
0 0 469 0 0 14 27 26 39 0 
0 126 70 0 0 0 0 0 0 0 
0 1 104 0 3 0 92 1 10 0 
0 0 1 0 43 0 0 0 70 0 
0 0 0 0 15 499 7 0 9 0 
