2568 0 145 163 1257 4023 4507 0 33 0 
0 0 0 751 5197 47 0 0 0 0 
7236 0 0 0 0 0 0 0 0 0 
0 0 0 0 0 14 4714 0 0 1 
0 0 0 0 3 1602 0 0 0 0 
0 0 0 0 2 101 391 0 0 0 
0 3064 0 31 0 18 2 0 0 0 
0 0 0 510 0 2 0 0 0 0 
11 0 4 0 0 1 1 0 287 2027 
0 0 0 0 0 2025 0 0 0 0 
726 0 0 1 9 0 1 0 0 0 
5512 0 0 1 1 0 0 0 0 0 
2736 0 0 0 0 0 0 0 0 0 
0 0 422 0 0 0 0 0 468 1 
0 0 0 2 0 0 4222 0 0 0 
0 0 0 536 4 0 0 0 0 0 
0 0 4 122 313 2037 0 0 1 0 
0 0 0 0 0 1501 0 0 0 0 
0 0 0 0 0 0 0 6 334 12 
0 0 0 1708 1 0 1 0 0 0 
0 0 0 21 1 239 0 0 0 0 
0 0 0 0 0 0 0 0 229 0 
1451 0 0 0 0 0 0 0 0 0 
0 77 324 43 1 0 0 37 222 7 
25 0 7 0 219 282 0 4 0 0 
0 0 0 0 328 0 0 1 0 0 
0 0 0 0 1073 53 0 0 0 0 
0 0 0 0 0 305 35 1 0 0 
0 2055 0 0 0 1004 0 0 1 54 
0 0 0 0 0 1020 0 0 0 0 
0 35 456 0 0 0 0 0 4 5 
0 0 5 0 10 292 1 6 0 13 
1359 0 0 0 0 0 0 701 0 0 
957 0 0 0 0 7 0 0 1 0 
3905 0 1 0 0 0 0 0 1488 528 
0 0 0 1 30 781 0 0 1 23 
70 0 0 894 164 5 287 0 2 2 
9 6 0 2 0 364 10 2 51 0 
0 0 0 0 0 0 0 0 195 0 
0 0 0 11 0 1999 3 0 0 0 
0 0 0 400 0 0 0 0 0 4 
0 0 0 1 0 0 0 2 0 373 
0 0 0 791 1 0 0 0 0 0 
0 2 331 0 0 0 0 0 4 0 
0 0 0 0 0 0 1487 0 0 0 
0 0 0 53 0 0 2 0 7 39 
0 0 0 92 91 483 0 0 0 0 
3 4 120 4 1 2 58 2 0 85 
27 156 0 0 18 70 0 0 0 2 
0 0 1 0 193 1 0 0 0 0 
6 6 16 1 1 2320 437 7 1 0 
0 10 558 2 0 0 0 2 3 0 
1 104 90 0 0 0 0 0 0 5 
0 0 2 2 0 0 13 20 37 137 
112 4 0 0 17 0 0 1 0 0 
0 0 0 12 2 629 1 4 0 0 
511 0 0 0 2 0 0 0 0 0 
0 0 0 5 305 0 0 0 0 0 
0 0 0 0 0 44 297 0 1 0 
3 44 0 0 11 2 0 9 24 0 
0 0 0 0 0 0 1979 204 18 1 
0 0 0 0 0 0 0 137 0 0 
0 245 0 0 0 0 0 0 0 0 
