2910 0 230 101 1281 3589 4620 0 57 0 
0 0 0 698 5529 47 0 0 0 0 
7275 67 0 0 0 0 0 0 0 0 
0 0 0 0 0 16 4770 0 0 0 
0 1 0 0 0 1585 0 1 0 0 
1 0 0 0 2 154 382 0 0 0 
0 3178 0 28 0 25 1 0 0 0 
7 2 0 490 1 6 0 0 0 0 
31 0 0 0 6 0 0 0 255 2062 
0 0 1 0 0 2708 0 0 0 0 
483 291 0 0 0 0 0 0 0 0 
6047 0 0 0 0 0 0 0 0 11 
2818 0 0 0 0 0 0 0 0 0 
0 0 328 2 0 12 1 0 555 0 
0 0 0 0 4 0 4204 0 4 0 
0 0 0 534 12 0 0 1 0 0 
0 0 0 37 463 2610 0 0 0 0 
0 0 0 1 0 1483 6 4 0 0 
1 16 0 3 0 10 0 0 322 0 
0 0 8 1707 0 0 0 0 0 0 
0 0 0 24 1 235 0 0 0 0 
0 0 0 0 0 0 0 0 229 0 
1458 0 0 0 1 0 0 0 0 0 
61 0 631 3 0 0 6 0 0 0 
36 0 0 47 65 602 0 0 0 0 
0 0 0 0 320 9 0 1 0 2 
1 0 0 17 1074 51 0 0 0 0 
0 3 0 0 0 315 22 0 0 1 
22 1556 0 0 501 979 0 0 0 0 
0 0 0 0 0 945 0 0 0 0 
6 1 450 0 0 2 1 0 0 8 
0 0 0 0 0 1 0 0 197 0 
1413 0 9 0 0 0 0 669 0 0 
1071 0 1 0 0 0 25 0 0 0 
4040 0 0 0 0 0 0 0 1471 493 
12 0 0 40 170 608 33 0 10 3 
21 0 0 431 143 197 875 0 1 0 
1 0 0 0 0 0 2107 125 0 0 
75 113 0 0 0 0 0 0 32 221 
1 0 0 0 6 0 8 1 158 1 
1 0 0 46 0 1241 39 0 1 1 
279 0 0 0 8 19 0 1 43 0 
0 0 5 0 0 0 0 0 0 368 
5 0 0 799 0 0 0 140 1 0 
2 0 372 0 0 0 0 0 0 0 
2 0 0 0 0 0 1458 0 1 0 
0 0 0 0 0 0 0 99 0 0 
0 0 0 111 58 466 0 0 0 0 
0 1 0 0 1 0 231 0 43 1 
0 82 97 7 6 119 0 18 0 0 
0 0 0 0 162 3 0 0 8 0 
1666 401 0 257 0 51 78 198 8 0 
1 0 361 118 1 0 89 0 0 5 
0 116 68 0 0 0 0 1 2 0 
105 0 0 0 0 0 91 0 0 14 
