12462 302 0 1 0 0 0 0 0 2 
0 0 0 5237 1012 0 0 0 0 0 
5208 1 0 0 776 1001 1 0 340 6 
1930 0 0 0 0 17 1321 299 1222 0 
0 0 0 1585 0 24 0 0 0 0 
0 0 0 0 33 354 121 0 0 0 
0 3230 1 0 0 0 0 0 0 0 
0 0 0 0 504 0 0 0 0 0 
0 65 21 0 0 1102 56 0 980 127 
0 515 0 0 0 1522 7 32 0 0 
0 0 0 0 777 0 0 0 0 0 
366 0 0 0 0 4762 275 1 629 19 
2796 1 0 0 0 0 0 0 0 0 
0 0 0 883 1 0 0 0 10 4 
4182 0 0 0 0 6 0 41 0 0 
1 0 0 43 494 1 0 0 0 0 
2606 62 0 368 0 50 1 0 0 1 
1477 0 0 0 0 0 0 0 0 0 
0 0 0 0 0 0 0 0 352 0 
1705 8 0 0 0 0 0 0 0 0 
0 261 0 0 1 0 0 0 0 0 
0 0 0 0 1 0 228 0 0 0 
18 0 0 0 0 1434 0 0 0 0 
0 0 0 0 0 235 469 0 0 0 
0 0 0 4 112 627 0 0 1 0 
0 0 0 345 5 0 0 0 0 0 
0 0 192 940 0 1 0 0 0 2 
0 1 0 0 0 0 340 0 0 0 
0 3048 0 1 0 0 0 0 0 0 
972 0 0 1 0 0 0 0 0 0 
3 0 31 199 30 0 0 227 10 0 
0 0 0 0 0 102 0 0 0 0 
2088 0 0 0 0 0 0 0 0 0 
0 0 0 0 0 0 1102 0 0 0 
5747 4 5 0 0 15 4 0 0 138 
58 711 1 0 0 0 56 0 55 0 
0 0 0 3 19 621 951 0 0 0 
0 0 0 0 0 0 2235 0 0 0 
0 0 436 0 0 0 0 3 0 2 
0 0 0 0 0 0 0 0 282 0 
1 283 1 15 1 1547 106 0 0 3 
382 0 0 0 0 0 19 0 0 0 
0 0 0 0 0 1 0 0 0 375 
0 0 0 0 0 775 0 0 143 0 
2 0 337 0 0 3 0 0 0 0 
405 0 0 0 0 0 0 1067 0 0 
0 0 0 0 0 108 0 0 0 0 
0 0 0 0 0 630 0 0 0 0 
91 17 0 0 2 72 54 0 37 0 
0 0 0 0 0 285 11 0 0 0 
0 0 0 0 144 29 0 0 0 0 
0 0 0 3 691 2088 0 0 0 0 
0 2 92 0 7 0 0 473 0 1 
28 0 4 0 72 0 0 0 1 91 
36 0 1 0 1 1 0 0 167 5 
0 0 0 0 0 114 0 0 0 0 
