3157 0 300 44 1019 3715 4592 0 4 6 
0 0 0 717 5466 70 0 0 0 2 
7216 59 0 0 0 0 0 0 0 1 
0 0 4 0 0 3 4753 0 1 0 
0 0 12 0 0 1583 0 1 0 0 
0 0 0 1 0 133 403 3 2 0 
0 3231 0 33 0 24 24 0 7 0 
0 0 4 486 0 18 0 0 0 0 
14 5 0 0 0 0 0 0 343 1997 
0 0 0 0 0 2717 0 0 0 0 
517 256 0 0 0 0 0 0 1 0 
6278 0 0 0 0 0 1 0 0 0 
2826 0 0 0 0 0 0 0 0 0 
9 0 311 1 2 0 5 0 569 0 
0 0 0 0 0 0 4209 8 0 0 
0 0 0 540 5 0 0 0 0 0 
0 0 0 44 282 2775 0 0 0 0 
0 6 0 7 0 1464 1 0 0 2 
0 19 0 0 0 4 0 1 328 0 
0 9 0 1701 0 2 0 1 0 0 
0 0 0 20 2 240 0 0 0 0 
0 0 0 0 0 0 0 0 229 0 
1467 0 0 0 0 0 0 0 0 0 
45 0 650 0 4 0 0 0 3 0 
83 0 0 0 53 613 0 0 0 0 
0 0 0 0 342 15 0 0 0 0 
0 1 0 17 1066 54 0 0 0 0 
0 0 0 0 0 334 7 0 0 0 
0 1521 0 0 422 1030 5 0 0 0 
0 0 0 0 0 955 0 0 0 0 
0 11 485 0 0 4 0 0 0 0 
0 0 0 0 0 1 0 0 197 0 
1343 0 0 2 0 0 0 776 0 0 
1073 1 1 0 0 0 20 0 0 0 
4203 0 0 3 0 0 0 2 1299 516 
3 0 2 0 138 559 11 0 170 3 
18 0 0 639 121 267 630 5 0 8 
0 0 0 0 2 5 2177 44 4 0 
168 63 0 17 7 83 0 1 0 102 
0 1 9 1 0 0 0 0 164 0 
0 0 0 48 0 1228 9 3 0 0 
238 0 0 7 63 9 0 0 0 0 
2 0 0 0 0 1 0 0 0 365 
2 0 0 860 0 0 0 83 0 0 
0 0 341 1 0 0 0 0 0 0 
0 0 1 0 0 0 1484 0 0 0 
0 0 0 0 0 0 0 95 4 0 
1 1 2 61 67 499 0 0 0 0 
9 1 0 0 9 65 128 62 0 0 
0 42 8 0 41 204 0 0 27 7 
0 0 0 0 171 0 0 0 2 0 
2301 175 2 13 0 56 3 43 63 0 
1 0 238 0 0 0 306 19 0 6 
0 106 66 0 0 0 0 0 0 0 
