12450 244 0 0 0 0 1 0 9 0 
0 0 0 5058 934 0 0 0 0 0 
5812 1 0 15 393 998 0 0 6 20 
2280 1 0 0 0 0 371 292 1792 0 
0 0 0 1597 0 8 0 0 0 0 
0 0 0 0 12 335 142 0 0 0 
0 3126 0 2 0 0 0 0 0 0 
0 0 1 4 506 1 0 0 0 0 
0 2 0 1 0 1088 0 0 1218 22 
0 603 1 0 3 1399 0 0 0 11 
0 0 0 0 737 0 0 0 0 0 
458 0 0 1 0 4761 299 0 0 0 
2698 2 0 0 0 0 0 0 0 4 
0 0 0 875 0 2 0 0 14 0 
4131 0 0 0 1 9 0 83 0 0 
0 0 0 45 499 0 0 0 0 0 
1879 165 3 360 0 41 0 20 5 0 
1501 0 0 0 0 0 0 0 0 0 
0 0 0 0 0 0 0 0 352 0 
1702 4 0 0 0 0 0 0 0 2 
0 265 0 0 1 0 0 0 0 0 
0 1 0 0 0 0 228 0 0 0 
38 0 0 0 1 1409 0 2 0 0 
0 0 0 0 0 203 508 0 0 0 
0 0 0 6 130 355 1 0 0 1 
0 0 0 337 3 0 0 0 0 0 
0 0 195 917 0 0 0 3 0 0 
0 1 0 0 0 0 340 0 0 0 
0 3105 0 0 0 0 0 0 0 0 
1008 1 15 0 0 0 0 0 0 0 
0 7 2 477 11 0 0 2 0 1 
0 0 0 0 0 367 0 0 0 0 
2040 0 0 0 0 0 0 0 0 0 
0 0 0 0 0 0 964 0 0 0 
5786 7 0 0 0 0 15 0 9 123 
804 0 3 0 8 0 0 0 20 0 
0 0 0 12 0 669 742 0 5 0 
0 2 419 0 0 0 23 0 0 0 
0 0 0 0 0 0 0 0 195 0 
4 0 0 0 0 1887 110 3 0 7 
0 0 0 0 305 2 1 0 2 94 
1 0 0 0 0 0 0 0 0 375 
0 1 0 0 3 698 3 0 77 10 
0 0 330 0 0 0 0 0 7 0 
1 0 0 188 871 0 1 1 0 425 
0 0 0 0 0 101 0 0 0 0 
0 0 4 0 0 669 0 0 0 0 
0 4 32 4 0 6 0 1 11 221 
0 0 0 1 0 262 7 0 0 0 
0 0 0 0 165 30 0 0 0 0 
2 0 0 5 893 1901 5 0 0 0 
0 1 118 0 0 0 1 452 3 0 
0 62 73 0 0 0 63 0 0 2 
10 0 33 86 0 10 6 0 66 0 
0 1 0 0 0 133 0 0 0 0 
70 1 0 0 0 577 0 0 0 0 
5 0 0 1 2 0 0 2 503 0 
0 307 1 1 1 0 0 0 0 0 
0 0 0 0 0 0 338 0 0 0 
0 0 0 0 0 0 0 0 93 0 
1 0 0 0 0 0 2205 0 0 0 
1 0 0 1 0 123 0 0 7 5 
1 1 0 0 243 0 0 0 0 0 
