1788 5 262 176 1228 4416 4763 0 33 0 
0 0 2 780 5168 60 0 0 0 0 
7324 59 1 0 0 1 0 0 0 0 
0 0 0 0 1 9 4783 0 0 0 
0 0 0 0 0 1609 0 0 0 0 
0 0 0 0 0 45 446 2 0 1 
0 3162 0 39 3 19 9 0 0 0 
1 31 0 456 0 17 1 0 1 1 
28 0 1 0 0 0 0 0 300 2013 
0 0 0 0 0 2003 0 0 0 0 
562 213 0 0 0 0 0 0 0 0 
5527 1 0 0 0 0 0 0 0 0 
2751 0 0 0 0 0 0 0 0 1 
33 0 262 0 0 0 0 1 601 0 
0 1 0 1 0 0 4220 0 1 0 
0 0 0 540 0 0 0 0 0 0 
0 0 0 58 444 1959 0 1 2 0 
65 0 0 0 5 1434 0 0 0 1 
0 2 0 16 0 2 0 0 307 25 
0 0 0 1713 0 0 2 0 0 0 
0 0 0 18 2 243 0 0 0 0 
0 0 0 0 0 0 0 0 229 0 
1454 0 0 0 1 0 0 1 0 0 
0 0 0 15 0 204 0 3 489 0 
20 0 2 0 89 411 0 15 0 0 
0 0 0 0 332 0 0 0 0 0 
0 0 0 0 1081 40 0 0 0 0 
0 0 0 0 0 296 45 0 0 0 
0 1898 0 0 61 1047 0 0 0 0 
0 0 0 1 0 972 0 0 0 0 
0 12 444 0 22 0 21 0 0 1 
0 0 4 35 9 170 0 97 0 0 
1283 0 0 5 0 0 0 828 2 0 
955 2 0 0 0 6 0 0 0 0 
3807 1 0 0 0 0 0 0 1510 574 
36 0 0 0 0 850 0 0 0 0 
19 4 0 558 102 144 626 0 52 0 
0 31 0 0 0 6 2088 77 0 0 
1 357 0 0 0 0 0 0 4 82 
0 0 0 0 0 1 0 0 185 3 
0 0 0 11 0 2016 7 0 0 0 
250 0 0 44 113 0 0 0 0 0 
0 0 0 0 0 0 0 1 0 375 
0 19 0 716 0 0 2 185 0 0 
0 0 335 0 4 0 0 0 0 3 
0 0 0 0 0 0 1485 0 0 0 
1 1 4 1 0 3 0 98 0 0 
0 0 0 78 67 506 9 0 0 0 
4 0 0 0 0 1 264 0 0 1 
0 1 0 0 34 17 0 188 32 5 
0 0 0 0 181 0 0 0 0 0 
659 1 1 14 0 1846 1 279 0 0 
0 0 482 0 0 83 0 0 1 9 
0 132 66 0 0 0 1 0 0 0 
0 32 0 0 0 177 3 0 0 0 
0 0 0 0 0 0 0 0 119 0 
0 1 0 0 0 633 1 0 2 0 
511 0 0 0 1 0 0 0 0 0 
0 0 0 7 303 0 0 0 0 0 
1 0 0 0 3 35 197 0 0 3 
1 0 0 0 0 0 22 0 55 15 
