2641 0 237 190 1110 3223 5378 20 1 0 
0 0 1 708 5491 55 1 0 0 0 
7221 39 3 0 2 0 0 2 0 0 
0 0 0 0 2 13 4747 2 0 5 
0 1 0 0 0 1577 0 0 0 0 
0 0 0 3 0 238 297 0 0 1 
4 3167 0 17 0 26 3 0 0 0 
0 0 0 459 0 47 0 0 0 0 
8 0 0 0 0 3 0 0 310 2032 
0 0 0 0 0 2688 0 0 0 0 
525 246 0 1 0 0 0 0 2 0 
6057 0 3 0 0 0 0 0 0 0 
2811 0 0 0 0 0 0 0 0 0 
5 0 282 6 0 2 0 0 603 0 
0 0 0 0 0 0 4213 0 0 0 
0 0 0 539 0 0 0 0 0 0 
0 0 0 77 376 2647 1 0 0 0 
3 0 0 0 10 1466 0 0 0 0 
9 0 0 0 0 0 0 0 309 33 
0 4 0 1713 0 2 0 0 0 0 
0 0 0 21 1 238 0 0 0 0 
0 0 0 0 0 0 0 0 229 0 
1460 0 0 0 0 0 0 0 0 0 
140 1 432 1 102 26 0 1 0 0 
57 2 0 0 87 582 0 0 19 0 
0 0 0 0 326 37 0 0 0 0 
1 0 0 11 1084 46 0 0 0 0 
0 0 0 0 0 318 22 0 0 1 
0 1629 0 6 455 976 0 0 0 0 
0 0 0 0 0 974 0 0 0 0 
0 1 497 0 0 0 2 0 0 0 
0 0 0 0 0 2 0 0 196 0 
1387 11 0 0 0 0 0 694 0 0 
1060 1 0 0 0 0 34 0 0 4 
4117 0 3 0 0 0 0 0 1356 510 
1 0 5 33 247 561 0 0 0 31 
5 0 0 456 95 212 885 0 0 0 
0 0 0 0 0 0 2157 75 0 0 
13 28 0 0 0 0 57 0 0 343 
0 0 5 0 0 0 0 0 170 0 
0 0 0 30 0 1288 13 0 0 2 
327 0 0 7 16 0 0 0 0 0 
0 0 0 0 0 0 0 0 0 373 
0 0 6 694 0 2 0 211 0 5 
0 0 342 0 0 0 0 0 0 0 
0 0 0 0 0 0 1472 0 0 0 
0 0 0 0 0 0 0 99 0 0 
0 0 0 83 90 469 0 0 0 2 
0 0 34 2 0 0 229 0 11 0 
1 18 39 0 2 181 52 40 0 0 
0 0 1 0 172 0 0 0 0 0 
1739 274 0 282 4 131 86 173 0 0 
0 0 497 20 58 0 0 0 0 0 
0 112 84 0 0 0 0 0 0 0 
122 0 0 4 0 0 71 0 14 0 
83 3 0 0 0 0 0 0 12 1 
