1953 30 286 132 980 3958 5310 0 26 0 
2 0 0 730 5227 44 0 0 0 0 
7327 66 0 0 0 2 0 0 1 0 
0 0 0 1 0 7 4767 8 0 0 
0 0 0 2 1 1606 0 0 0 0 
0 1 5 0 1 58 421 5 0 0 
2 3137 0 49 0 17 26 3 1 0 
0 9 0 446 0 52 0 1 0 0 
11 0 0 10 2 0 0 0 265 2054 
0 0 0 0 0 2016 0 0 0 0 
583 190 4 0 1 0 0 0 0 0 
5522 0 0 0 1 0 0 0 0 0 
2749 0 0 0 0 0 0 0 0 0 
0 0 257 0 4 0 0 0 636 0 
0 0 0 0 0 1 4236 0 1 0 
0 0 0 539 0 0 0 0 0 0 
0 0 0 57 463 1948 0 0 0 0 
43 0 0 0 5 1452 0 0 0 0 
0 39 0 0 0 0 0 0 255 58 
0 0 0 1703 0 0 3 7 0 2 
0 0 0 24 1 233 0 0 0 0 
0 0 0 0 0 1 0 0 228 0 
1455 0 0 0 0 1 0 0 1 0 
0 0 0 0 1 161 0 0 550 0 
2 0 54 0 57 373 6 44 0 0 
0 0 0 0 325 0 0 0 0 0 
1 0 0 0 1091 43 0 0 0 0 
0 0 0 0 3 326 12 0 0 0 
0 1603 5 0 346 1041 0 0 7 0 
0 0 0 0 0 973 0 0 0 0 
0 129 343 0 0 4 21 3 0 0 
2 0 24 13 17 121 0 138 0 0 
1239 0 0 0 2 0 0 855 0 0 
964 0 0 0 0 0 0 0 0 0 
3802 0 3 0 0 1 0 0 1590 512 
0 0 1 0 0 885 0 0 0 0 
28 0 0 497 126 229 660 0 2 0 
5 0 0 0 1 0 2176 44 7 0 
0 319 3 0 1 0 4 0 1 116 
0 0 0 0 0 0 0 0 194 0 
0 0 0 8 0 1998 12 0 0 0 
228 24 30 6 25 94 0 0 0 0 
4 0 0 0 0 2 0 0 0 370 
0 0 0 735 5 0 0 182 0 0 
0 3 333 0 0 6 0 0 0 0 
0 0 0 0 0 0 1484 0 0 3 
0 0 0 0 10 0 0 98 0 0 
0 0 0 104 72 486 0 0 0 0 
0 0 0 2 0 1 267 0 0 0 
0 0 0 15 0 0 0 262 0 0 
0 0 0 1 179 1 0 0 0 0 
841 0 0 4 0 1678 19 255 0 1 
0 0 472 0 0 101 2 0 0 0 
0 142 53 0 0 0 0 0 1 0 
0 14 0 1 0 187 4 0 0 6 
0 0 0 0 0 0 0 4 110 5 
1 0 0 9 0 622 0 0 5 0 
498 3 12 0 0 0 0 0 0 0 
0 0 0 7 303 0 0 0 0 0 
12 0 0 10 27 4 116 0 4 2 
1 0 0 0 0 0 0 0 87 0 
