12459 234 0 1 0 0 0 0 6 0 
0 0 0 5009 999 0 0 0 0 0 
5801 0 0 4 316 1094 0 0 0 15 
2450 0 0 0 0 0 316 313 1661 0 
0 0 0 1590 4 10 0 0 1 0 
0 0 0 0 20 350 121 0 0 0 
1 3113 0 0 0 0 0 0 1 0 
0 0 0 7 505 0 0 0 0 0 
0 0 0 5 3 1102 10 0 1186 25 
0 520 14 0 0 1470 0 0 0 7 
0 0 0 0 737 0 0 0 0 0 
531 0 0 1 0 4739 242 0 0 0 
2717 7 0 0 0 0 0 0 0 0 
0 0 0 870 0 6 0 1 13 1 
4155 0 0 0 0 14 0 57 0 0 
1 0 0 43 497 0 0 0 0 0 
1885 176 13 336 0 32 0 29 2 0 
1501 0 0 0 0 0 0 0 0 0 
0 0 0 0 0 0 0 0 352 0 
1705 2 0 0 0 0 0 0 0 1 
0 262 0 0 4 0 0 0 0 0 
0 0 0 0 0 0 229 0 0 0 
44 0 0 0 0 1409 2 0 0 0 
1 0 0 0 0 201 499 0 0 0 
0 0 0 3 149 336 0 0 3 0 
0 0 0 337 3 0 0 0 0 0 
0 0 223 875 2 0 0 2 0 0 
0 1 0 0 0 0 340 0 0 0 
0 3115 0 0 1 0 0 0 0 0 
1010 0 11 0 0 0 0 0 3 0 
1 3 4 445 47 0 0 0 0 0 
0 0 0 0 0 367 0 0 0 0 
2048 0 0 0 0 0 0 0 0 0 
0 0 0 0 0 0 963 0 0 0 
5788 6 0 0 0 0 6 1 10 122 
815 0 1 0 3 0 0 0 15 0 
0 0 0 5 0 670 749 0 0 0 
0 0 432 0 4 0 8 0 0 0 
0 0 0 0 0 0 0 0 195 0 
2 0 2 0 0 1857 139 1 0 16 
1 1 0 0 292 0 0 1 7 102 
0 0 0 1 0 0 0 0 0 375 
0 0 3 0 2 678 1 0 92 16 
0 0 334 0 0 0 0 0 3 0 
0 0 0 163 882 1 0 0 0 440 
0 0 0 0 0 110 0 1 0 0 
0 0 0 0 0 677 0 0 0 0 
0 3 5 4 0 0 0 0 37 230 
0 0 0 0 0 263 7 0 0 0 
0 0 0 0 167 27 0 0 1 0 
0 0 0 0 837 1961 7 0 0 0 
0 0 92 0 3 0 4 476 0 0 
0 49 70 0 0 0 75 0 0 6 
9 3 20 55 0 2 5 0 117 0 
0 0 0 0 0 134 0 0 0 0 
57 4 0 0 0 587 0 0 0 0 
0 0 0 0 0 0 0 0 512 0 
0 307 1 0 0 0 0 0 0 2 
0 0 0 0 1 0 337 0 0 0 
0 0 0 0 0 0 0 0 91 2 
0 0 0 0 0 0 2206 0 0 0 
2 0 0 3 2 127 0 0 1 2 
0 0 0 0 244 0 0 1 0 0 
