12411 273 0 0 7 0 0 0 4 0 
0 0 0 4947 1039 0 0 0 0 0 
5856 0 0 127 286 986 0 2 0 8 
2362 0 0 0 0 0 331 580 1465 3 
0 1 0 1586 0 17 1 0 0 0 
0 0 0 0 7 358 114 0 0 0 
0 3142 0 0 0 0 0 3 0 0 
0 0 0 2 510 0 0 0 0 0 
0 0 42 0 0 1197 0 0 1086 20 
0 738 0 6 0 1193 0 2 0 69 
0 0 0 0 736 0 0 0 0 0 
479 0 0 0 1 4861 182 0 2 0 
2680 1 0 0 0 0 0 0 0 0 
1 0 5 884 0 0 0 0 1 0 
4166 0 1 0 0 22 0 30 0 0 
0 0 0 36 502 0 1 0 0 0 
2155 54 69 140 0 32 0 10 2 12 
1497 0 0 0 0 0 0 0 0 0 
0 0 0 0 0 0 0 0 352 0 
1707 4 0 0 0 0 0 0 0 0 
0 257 0 0 2 0 0 2 0 0 
0 0 0 0 0 0 229 0 0 0 
16 6 0 0 0 1427 0 0 0 0 
0 0 0 0 0 203 503 0 0 3 
0 0 0 9 146 381 0 0 2 0 
0 0 0 326 3 0 0 0 0 0 
0 0 198 936 0 0 0 0 0 0 
1 1 0 0 0 0 339 0 0 0 
0 3085 0 0 0 0 0 0 0 0 
989 0 0 0 0 0 0 28 0 7 
0 0 0 380 110 0 10 0 0 0 
0 0 0 0 0 319 0 0 0 0 
2083 0 0 0 0 0 0 0 0 0 
0 0 0 0 0 0 965 0 0 0 
5768 0 0 0 2 0 13 0 2 139 
845 0 0 0 0 0 0 0 0 0 
0 0 0 7 0 698 730 0 0 0 
0 0 435 0 0 0 4 0 5 0 
0 0 0 0 0 0 0 0 195 0 
0 0 0 7 4 1876 139 0 0 0 
1 0 3 50 230 0 0 14 0 106 
0 0 0 0 0 1 0 0 0 375 
0 1 0 0 11 778 1 1 0 0 
0 0 335 3 0 2 0 2 0 0 
0 0 3 18 1266 0 0 109 0 91 
0 0 1 0 0 100 0 0 0 0 
0 0 0 0 0 665 0 0 0 1 
48 103 0 0 12 28 0 0 10 66 
0 0 0 0 0 262 15 0 0 0 
0 0 0 0 171 24 0 0 0 0 
0 0 0 0 842 1939 26 0 0 1 
0 0 86 0 0 0 2 486 0 1 
0 13 0 0 182 0 0 0 0 0 
41 21 0 88 0 0 1 60 0 0 
0 0 0 1 0 118 0 0 0 0 
190 0 0 0 0 35 38 10 359 5 
0 0 0 1 0 1 0 0 500 11 
0 302 0 0 0 6 2 0 0 0 
0 0 0 0 0 0 342 0 0 0 
0 0 0 0 0 0 0 0 89 1 
0 0 0 0 0 0 2210 0 0 0 
0 7 0 1 5 124 0 0 0 0 
0 0 0 0 245 0 0 0 0 0 
