12585 269 1 8 0 0 1 0 0 1 
0 0 0 5055 1375 0 0 0 0 0 
1271 3 0 20 2209 6504 8 32 21 0 
2129 0 0 0 0 0 913 1108 1162 0 
0 0 30 1531 0 22 0 0 0 0 
0 1 0 0 47 379 112 0 0 0 
1 3568 0 0 5 0 0 0 0 0 
0 2 0 0 484 0 0 0 1 1 
13 0 0 10 8 1209 19 0 1106 12 
10 497 1 0 0 2211 0 0 0 0 
0 0 0 0 770 0 0 0 0 0 
405 0 0 0 11 4922 219 0 722 0 
2870 2 0 0 0 0 0 0 0 0 
0 0 1 883 0 0 0 10 2 0 
4195 0 0 0 0 4 0 26 0 0 
0 1 1 44 502 0 0 0 1 0 
1418 126 150 241 187 537 150 190 78 66 
1463 0 0 0 0 0 0 0 0 0 
0 2 0 0 1 0 0 0 349 0 
1683 18 0 10 0 0 1 0 0 0 
0 260 0 0 1 0 0 0 0 0 
0 0 0 0 0 0 229 0 0 0 
43 0 0 0 0 1404 2 0 0 0 
0 0 0 0 0 213 489 0 0 0 
0 0 0 3 140 610 0 0 0 0 
0 0 0 364 3 0 0 0 0 0 
0 0 182 959 0 0 3 0 0 0 
0 1 0 0 0 0 340 0 0 0 
0 2735 0 0 0 0 0 0 0 1 
953 0 0 0 0 0 0 0 0 12 
0 0 492 0 0 0 11 0 0 0 
0 0 0 0 0 83 0 0 115 0 
2095 0 0 0 0 0 0 0 0 0 
0 0 0 0 0 0 1093 0 0 0 
5868 0 0 0 0 0 10 0 6 199 
44 363 0 0 85 13 328 0 0 56 
0 0 0 6 13 1061 789 0 0 0 
0 0 0 0 0 0 2241 0 0 0 
0 1 441 0 0 0 0 0 0 0 
0 0 0 2 0 0 0 0 172 1 
362 0 0 0 14 41 545 72 249 0 
126 3 0 0 72 0 37 23 0 6 
0 0 0 0 0 0 2 0 0 351 
0 0 0 0 111 856 0 2 0 0 
0 0 325 0 0 0 12 0 0 0 
531 32 1 122 7 0 1 456 332 0 
0 0 0 0 0 86 1 1 0 0 
0 0 0 0 10 452 0 0 0 0 
41 28 1 0 0 0 38 42 70 9 
0 0 0 0 0 305 13 1 0 0 
