12426 297 0 0 0 0 0 1 1 0 
0 1 0 4911 1082 0 0 0 0 0 
5562 0 0 104 411 1177 0 3 0 2 
2484 0 0 0 0 0 408 415 1441 0 
0 0 0 1577 0 22 2 2 1 0 
0 0 0 0 4 355 128 0 0 0 
0 3181 0 0 0 0 0 0 1 0 
0 0 0 0 497 8 1 0 0 0 
6 9 2 13 0 1316 0 0 989 10 
0 683 0 0 1 1321 0 0 0 0 
0 0 0 0 736 0 0 0 0 0 
508 0 0 0 0 4795 209 0 12 1 
2672 1 0 0 0 0 0 0 0 0 
0 0 0 846 0 1 0 0 41 3 
4115 0 8 0 0 49 0 39 1 0 
0 0 0 42 501 0 0 0 0 0 
2364 9 8 62 0 23 0 0 1 0 
1490 0 0 0 0 0 0 0 0 0 
1 2 0 0 0 0 0 0 349 0 
1700 6 0 0 0 0 0 2 1 2 
0 254 0 1 3 2 0 0 0 0 
0 0 0 0 0 0 229 0 0 0 
32 2 0 0 0 1412 0 1 0 0 
0 0 0 0 0 215 495 0 0 0 
0 0 0 7 126 408 0 0 0 0 
0 0 0 315 3 0 0 0 0 0 
1 0 175 963 0 1 0 0 0 0 
0 3 0 0 0 0 338 0 0 0 
0 3056 0 0 0 0 0 0 0 0 
970 0 0 0 0 28 24 0 0 3 
98 0 0 398 4 0 0 0 0 0 
0 0 0 0 0 315 0 0 0 0 
2084 0 0 0 0 0 0 0 0 0 
0 0 0 0 0 0 963 0 0 0 
5813 10 5 0 0 3 6 0 0 86 
826 6 0 0 11 0 0 0 0 0 
0 1 0 7 1 694 729 0 1 2 
0 0 444 0 0 0 0 0 0 0 
0 0 1 0 0 0 0 0 194 0 
0 0 2 30 2 1916 82 2 0 0 
0 2 0 0 242 121 0 0 0 39 
2 0 0 0 0 0 0 0 0 374 
2 0 20 0 0 768 2 0 0 0 
0 0 338 0 0 2 0 0 1 1 
0 5 0 0 683 0 0 373 3 423 
1 0 0 0 0 100 0 0 0 0 
0 0 0 0 0 652 0 0 0 0 
0 0 1 0 0 0 0 2 265 0 
0 0 0 0 0 266 11 0 0 0 
0 0 0 0 151 44 0 0 0 0 
0 1 0 0 808 1989 18 0 0 0 
0 0 68 1 0 0 0 506 0 0 
0 0 0 0 241 0 0 0 0 0 
8 186 17 1 0 0 0 0 0 0 
0 1 0 0 0 118 0 0 0 0 
84 0 27 0 0 0 21 0 505 0 
3 0 0 0 0 0 3 0 507 0 
0 309 0 0 1 0 0 0 0 0 
0 0 0 0 0 0 342 0 0 0 
0 0 1 0 1 0 0 0 88 0 
0 0 0 0 0 0 2204 0 0 0 
2 0 0 4 0 102 2 4 0 23 
97 0 16 1 47 31 0 0 0 0 
