2018 0 233 113 952 4508 4825 1 61 2 
0 0 0 738 5183 54 2 0 0 0 
7261 0 0 0 0 0 0 0 0 0 
0 0 0 0 0 5 4756 0 0 0 
0 0 0 0 0 1605 0 0 0 0 
0 3 2 2 2 55 418 0 0 2 
0 3108 0 38 0 16 1 2 0 0 
0 0 2 415 0 89 3 0 3 0 
27 0 23 0 0 2 0 0 370 1923 
0 0 2 0 0 1982 0 0 0 0 
735 0 1 0 0 0 0 0 0 0 
5513 0 0 0 0 0 1 0 5 0 
2686 0 0 0 0 0 0 0 0 0 
0 0 231 1 1 0 0 11 647 0 
0 0 0 0 0 0 4194 0 0 0 
0 0 0 540 3 0 0 0 0 0 
0 4 0 68 370 2030 0 0 0 0 
0 0 0 0 0 1497 0 0 0 0 
0 0 0 2 51 3 0 0 295 1 
0 2 0 1699 0 0 0 0 9 0 
0 0 0 21 1 239 0 0 0 0 
1 0 0 0 0 0 0 0 227 1 
1448 1 0 0 0 0 0 0 0 0 
9 0 441 1 0 0 0 0 259 0 
10 0 42 32 56 398 0 0 0 0 
0 0 0 0 329 0 0 0 0 0 
0 0 0 0 1100 40 0 0 0 0 
0 0 0 0 0 317 22 2 0 0 
0 2080 0 0 0 991 0 0 2 0 
0 0 0 0 0 1019 0 0 0 0 
0 0 498 0 1 0 0 0 0 1 
0 0 10 0 0 309 0 0 0 0 
1258 0 4 0 0 0 0 821 0 0 
962 0 0 0 1 1 0 0 0 0 
3931 0 0 1 0 0 0 0 1402 592 
34 0 1 0 0 787 0 9 9 0 
124 0 1 772 220 29 288 0 0 1 
255 6 0 5 0 119 45 7 0 7 
0 0 0 0 0 0 0 0 195 0 
0 0 0 10 0 2038 5 0 0 0 
56 0 0 285 4 10 43 0 6 0 
0 0 0 3 0 0 0 0 0 373 
0 0 0 775 7 0 4 3 0 3 
0 0 336 0 0 0 0 5 0 1 
0 0 0 0 0 3 1484 0 0 0 
13 0 0 55 0 0 0 33 0 0 
3 0 0 63 83 516 0 0 0 0 
0 0 4 2 0 0 241 0 0 21 
0 262 6 0 0 0 9 0 0 0 
9 0 0 0 186 0 0 0 0 0 
0 0 0 0 2 2751 1 6 40 8 
0 0 559 2 0 0 0 0 14 0 
0 126 63 0 0 0 0 0 0 0 
0 2 14 0 0 0 47 0 0 149 
30 0 3 0 0 8 0 1 69 8 
0 3 0 8 0 599 1 0 0 26 
454 2 0 13 11 0 33 0 0 0 
0 0 0 6 304 0 0 0 0 0 
6 0 0 0 0 38 296 0 0 1 
3 11 0 4 19 0 1 0 50 2 
0 10 1 0 0 0 2055 123 0 14 
0 0 0 0 9 0 0 127 0 1 
0 244 0 0 0 0 0 0 0 0 
