2090 0 238 133 990 3631 5598 0 6 0 
1 1 0 825 5122 56 1 0 0 0 
7315 73 0 0 2 0 0 0 1 1 
0 0 1 0 0 14 4759 0 0 0 
0 0 0 0 0 1609 0 0 0 0 
0 0 0 0 0 92 383 15 2 0 
0 3150 0 40 0 19 7 0 1 1 
0 1 0 454 9 38 0 0 0 6 
12 0 0 0 0 0 0 0 282 2048 
0 0 0 0 0 2016 0 0 0 0 
520 253 0 0 0 0 0 4 0 0 
5524 0 1 0 0 0 0 0 0 0 
2757 0 0 0 0 0 0 0 2 0 
0 0 291 0 0 0 37 0 568 0 
0 0 0 0 0 0 4231 3 0 0 
0 0 0 540 3 0 0 0 0 0 
0 4 0 65 375 1959 0 0 50 0 
48 0 0 0 0 1464 0 1 0 0 
0 59 0 0 0 25 29 10 204 25 
0 0 0 1709 1 0 0 4 0 0 
0 0 0 21 1 237 0 0 0 0 
0 0 0 0 0 0 0 0 229 0 
1458 0 0 0 0 0 0 0 0 0 
0 3 0 0 0 0 11 1 678 19 
20 0 0 0 52 385 0 81 0 0 
0 0 0 0 320 0 0 0 0 2 
0 0 0 0 1083 48 0 0 0 0 
0 0 0 0 0 316 13 0 12 0 
0 1523 0 0 657 881 2 0 0 0 
0 0 0 0 0 973 0 0 0 0 
0 180 286 0 6 1 0 24 1 2 
0 0 0 0 0 125 0 190 0 0 
1391 1 0 0 10 0 1 687 2 0 
1083 0 0 2 3 0 15 0 0 0 
3876 6 0 2 0 0 0 0 1458 564 
0 0 0 29 0 831 27 0 0 0 
30 0 0 415 174 196 767 0 0 0 
2 0 4 0 1 0 2172 57 0 0 
12 169 0 0 11 0 0 1 0 251 
0 0 0 0 0 0 0 0 282 0 
4 0 0 16 0 1987 9 0 0 0 
224 5 4 0 1 173 0 0 0 0 
0 0 0 0 12 1 0 0 0 363 
0 0 2 784 0 3 0 133 0 0 
0 0 339 0 0 0 0 3 0 0 
0 0 0 0 7 0 1480 0 0 0 
0 0 0 0 0 0 0 108 0 0 
8 0 0 82 70 494 6 0 0 0 
0 0 0 0 0 1 268 1 0 0 
0 0 3 0 3 0 0 231 8 32 
0 0 0 1 179 0 1 0 0 0 
862 0 0 0 0 1493 113 279 0 51 
0 0 474 0 9 86 0 6 0 0 
0 128 68 0 0 0 0 0 0 0 
0 15 27 0 2 84 81 0 0 2 
0 0 0 0 0 0 0 2 117 0 
0 0 0 0 0 637 0 0 0 0 
467 1 0 1 0 0 7 16 0 19 
0 0 0 4 261 0 0 0 0 0 
