12561 261 0 0 0 0 0 0 1 0 
0 0 0 5074 1180 0 0 0 0 0 
2117 0 0 5 523 4770 1 0 28 0 
2001 3 0 0 8 0 924 575 1257 1 
0 0 17 1541 0 20 0 0 0 0 
0 0 0 0 40 373 131 0 0 0 
0 3540 0 0 0 0 0 0 0 0 
0 0 0 1 507 0 0 0 0 0 
0 1 0 10 10 1213 60 33 997 37 
35 766 9 0 14 1904 0 0 0 0 
0 0 0 0 774 0 0 0 0 0 
387 2 0 0 8 4972 289 0 622 0 
2863 1 0 0 0 0 0 0 0 1 
1 0 0 880 0 0 0 0 15 0 
4201 0 2 0 0 5 0 20 1 0 
0 0 0 44 505 0 0 0 0 0 
1679 191 162 746 57 253 34 0 0 0 
1456 0 0 0 0 0 0 0 0 0 
0 0 0 0 0 0 0 3 349 0 
1693 11 5 0 0 0 0 0 0 5 
0 260 0 0 2 0 0 0 0 0 
0 0 0 0 0 0 229 0 0 0 
30 0 4 0 0 1435 0 4 0 0 
0 0 0 0 0 228 475 0 0 0 
0 0 0 6 105 640 0 0 0 0 
0 0 0 370 3 0 0 0 0 0 
0 0 222 930 0 0 0 0 0 1 
0 7 0 0 0 0 334 0 0 0 
0 2766 0 0 0 0 0 0 0 0 
955 0 0 5 10 0 1 0 0 0 
0 30 397 0 1 0 0 52 4 16 
0 0 0 0 0 79 0 0 119 0 
2111 0 0 0 0 0 0 0 0 0 
0 0 0 0 0 0 1092 0 0 0 
5872 0 0 0 0 30 16 0 0 102 
430 249 0 12 0 0 182 18 0 0 
1 0 0 4 19 769 910 0 0 0 
1 0 0 0 0 0 2226 0 0 0 
0 0 441 0 0 0 0 0 0 0 
0 0 0 0 0 0 0 0 175 0 
257 0 0 0 0 3 699 244 88 0 
240 0 0 7 0 0 1 72 0 1 
0 0 0 0 0 0 0 0 0 365 
0 19 2 0 3 933 0 2 1 0 
1 0 338 2 0 1 0 0 0 0 
618 0 18 12 86 9 1 669 57 0 
0 0 0 0 0 81 0 0 0 0 
0 0 0 0 0 606 0 1 0 0 
139 0 4 0 1 26 42 17 43 0 
0 0 0 0 0 324 11 0 1 0 
0 0 0 1 133 23 0 0 0 0 
9 7 9 17 747 1817 8 1 0 0 
55 0 64 0 0 0 7 408 23 0 
