1773 15 244 159 1232 4396 4822 5 14 0 
0 0 0 748 5217 40 0 0 0 0 
7352 50 2 0 0 0 0 0 0 0 
1 0 0 0 0 3 4784 0 0 0 
0 0 0 2 0 1607 0 0 0 0 
0 0 0 0 1 47 438 1 0 4 
4 3162 0 37 2 14 7 0 0 0 
0 52 0 447 0 7 0 0 0 2 
7 0 0 0 2 0 0 0 251 2082 
0 0 0 0 0 1988 0 0 0 0 
550 222 0 0 0 0 0 0 3 0 
5530 0 0 0 0 0 0 0 0 0 
2728 0 0 0 0 0 0 0 0 0 
15 0 223 0 2 5 0 0 652 0 
0 0 0 0 0 0 4223 1 5 0 
0 0 0 540 0 0 0 0 0 0 
0 0 0 43 429 1990 0 0 4 0 
70 0 0 0 4 1406 0 0 2 22 
3 2 0 5 0 0 1 0 297 44 
0 0 0 1714 0 0 0 0 1 0 
0 0 0 21 2 239 0 0 0 0 
3 0 0 0 0 0 0 0 226 0 
1457 0 0 0 0 0 0 0 0 0 
0 0 1 8 0 193 1 0 509 0 
6 0 2 0 106 410 0 9 3 0 
0 0 0 0 322 0 0 0 0 0 
0 0 0 0 1088 47 0 0 0 1 
0 0 0 0 0 298 42 0 0 0 
0 1736 0 0 89 1183 1 1 0 3 
0 0 0 0 0 974 0 0 0 0 
0 57 389 0 21 0 33 0 0 0 
0 0 11 9 3 144 3 145 0 0 
1272 0 0 0 0 3 0 847 0 0 
964 0 0 0 0 0 0 0 0 0 
3795 0 0 0 0 0 0 0 1486 616 
47 0 0 0 2 836 0 0 0 0 
17 0 0 525 121 136 656 0 50 0 
0 22 4 0 0 9 2097 70 0 0 
0 344 0 0 0 0 1 0 0 99 
0 0 0 0 0 0 0 0 189 0 
0 0 0 10 0 2025 11 0 0 0 
257 0 0 25 122 2 0 0 1 0 
0 0 0 0 0 0 0 0 0 376 
0 6 0 731 0 6 0 179 0 0 
0 0 335 1 0 0 6 0 0 0 
0 0 0 0 0 0 1487 0 0 0 
0 0 1 1 0 9 0 97 0 0 
2 1 0 99 87 463 11 0 0 0 
0 0 0 0 0 0 262 0 0 8 
0 0 0 0 12 31 1 215 10 8 
0 0 0 0 179 0 0 1 0 1 
692 0 0 2 2 1856 0 248 3 0 
0 0 488 0 0 73 4 3 0 7 
0 129 69 0 0 1 0 0 0 0 
0 16 0 3 14 179 0 0 0 0 
0 0 0 0 1 0 0 4 114 0 
15 14 0 0 0 608 0 0 0 0 
511 0 0 0 0 0 0 0 2 0 
0 0 0 5 305 0 0 0 0 0 
0 0 0 0 5 58 176 0 0 0 
0 0 0 0 0 0 12 0 81 0 
