2200 0 250 112 1306 4243 4574 0 9 0 
0 0 0 853 5088 71 0 0 0 0 
7218 0 0 0 0 0 0 0 1 0 
0 0 0 0 0 7 4718 0 3 0 
0 0 0 0 0 1605 0 0 0 0 
0 0 0 1 0 29 455 1 2 0 
0 3064 0 20 0 28 7 0 6 0 
0 3 0 449 0 56 0 4 0 0 
2 0 0 0 0 4 0 0 268 2057 
0 0 0 0 0 2040 0 0 0 0 
737 0 0 0 0 0 0 0 0 0 
5513 0 2 0 0 0 0 1 0 0 
2758 0 0 0 0 0 0 0 0 0 
0 0 327 0 0 0 3 0 561 0 
0 0 1 0 0 0 4222 0 0 0 
0 0 0 533 7 0 0 0 0 0 
0 0 0 124 456 1889 0 5 3 1 
0 5 0 0 0 1488 0 0 0 3 
0 0 0 0 0 0 0 4 302 46 
1 0 0 1708 0 0 0 0 0 0 
0 0 0 22 3 234 2 0 0 0 
0 0 0 0 0 0 0 0 229 0 
1451 0 0 0 0 0 0 0 0 0 
0 194 248 74 0 0 0 31 164 0 
4 0 0 2 137 391 0 1 0 4 
1 0 0 0 317 0 0 0 0 0 
0 2 0 0 1077 40 0 0 0 0 
0 0 0 0 0 317 23 1 0 0 
0 1883 0 0 0 1197 0 0 0 28 
0 0 0 0 0 1022 0 0 0 0 
0 85 389 26 0 0 0 0 0 0 
0 4 0 0 6 223 58 22 6 0 
1314 0 2 0 1 0 0 742 0 0 
955 8 0 0 0 0 0 0 1 0 
3950 0 0 0 0 12 0 1 1425 530 
0 1 2 135 3 683 0 0 5 9 
84 0 0 763 258 17 293 0 9 0 
10 0 0 0 0 406 0 0 28 0 
0 0 0 0 1 0 0 0 194 0 
0 0 0 8 0 1982 4 0 0 0 
0 0 0 397 0 0 0 0 7 0 
1 0 0 0 0 0 0 0 0 375 
0 0 0 791 0 0 1 0 0 0 
0 0 337 0 0 0 0 0 0 0 
0 0 0 0 1 0 1486 0 0 0 
0 0 0 33 0 0 4 5 0 59 
0 0 0 82 63 523 0 0 0 0 
0 9 113 27 0 0 31 1 0 98 
21 157 0 0 20 68 6 0 1 0 
0 0 0 0 194 0 0 0 0 1 
0 1 3 0 0 2451 353 0 0 0 
0 8 549 16 1 0 0 0 0 0 
0 91 104 0 0 2 0 0 3 0 
0 0 0 0 0 0 32 25 18 136 
57 0 6 0 61 9 0 0 1 0 
0 0 0 0 0 642 1 0 1 4 
510 0 0 1 0 0 0 0 0 2 
0 0 0 4 306 0 0 0 0 0 
0 0 1 0 0 27 313 0 0 1 
16 52 0 0 0 6 0 9 10 0 
0 0 0 2 0 0 2057 123 22 1 
0 7 0 0 0 1 0 129 0 0 
0 243 0 2 0 0 0 0 0 0 
