2291 7 164 121 964 3845 5221 3 38 5 
0 0 0 781 5172 49 0 0 0 0 
7358 55 0 0 0 1 0 0 0 1 
0 0 0 0 0 3 4783 0 0 2 
0 0 0 0 0 1609 0 0 0 0 
0 0 2 0 0 53 437 0 0 0 
7 3165 0 17 0 45 3 0 0 1 
0 0 0 474 0 25 0 0 3 4 
17 0 1 0 0 0 0 0 300 2023 
0 0 0 0 0 2021 0 0 0 0 
724 0 0 0 0 0 0 0 0 4 
5527 0 0 0 0 0 0 0 0 0 
2730 0 0 0 0 0 0 0 0 0 
8 0 250 0 0 0 0 0 639 0 
1 0 0 0 0 0 4223 0 0 0 
0 0 0 540 0 0 0 0 0 0 
0 5 0 30 444 1978 2 0 0 0 
0 1 0 0 2 1475 0 3 11 14 
0 10 0 2 21 0 7 22 273 17 
0 0 0 1711 0 0 0 3 0 0 
1 0 0 17 2 242 0 0 0 0 
0 0 0 0 0 0 0 0 229 0 
1450 0 0 0 0 0 0 0 0 0 
18 0 0 0 0 185 51 0 457 0 
28 0 0 1 107 397 0 0 7 0 
0 0 0 0 339 0 0 0 0 0 
0 0 1 0 1076 41 0 0 0 0 
0 0 0 0 0 321 20 0 0 0 
17 1695 0 0 0 1285 1 3 0 1 
0 0 0 0 0 977 0 0 0 0 
4 0 433 12 47 0 4 0 0 0 
0 0 4 1 30 208 13 62 0 0 
1211 0 0 0 0 0 0 900 0 0 
956 0 1 2 0 1 0 0 4 0 
4032 1 0 4 0 0 0 0 1400 471 
0 0 0 16 3 830 0 15 0 20 
53 0 0 545 119 71 716 1 0 0 
0 0 4 2 0 0 2113 63 0 0 
28 168 0 22 0 0 1 21 0 204 
0 0 0 0 1 0 0 0 188 0 
0 0 0 10 1 1995 3 0 0 0 
267 55 0 25 59 0 0 1 0 0 
0 0 0 0 0 0 0 0 0 376 
1 8 5 801 0 0 0 105 2 0 
0 0 341 0 1 0 0 0 0 0 
0 0 0 0 1 0 1486 0 0 0 
0 0 0 0 5 0 0 103 0 0 
0 0 0 90 91 489 0 0 0 0 
75 1 0 0 0 0 191 0 0 3 
10 0 0 2 72 0 0 191 2 0 
0 0 0 0 179 0 5 0 0 0 
660 13 3 2 0 1999 0 121 0 4 
0 6 542 0 2 9 16 0 0 0 
0 199 47 0 0 0 0 0 0 0 
0 0 0 0 8 187 0 0 15 1 
0 0 0 23 0 1 0 0 95 0 
0 0 0 0 0 637 0 0 0 0 
486 0 0 1 0 0 19 0 0 5 
0 0 0 4 305 0 0 1 0 0 
0 0 0 0 0 40 222 0 0 0 
0 0 0 0 0 6 0 16 71 0 
