12624 290 0 0 0 0 0 0 0 0 
0 0 0 5056 1383 0 0 0 0 2 
1350 0 0 3 1267 7758 0 6 15 0 
1746 0 0 0 0 0 1305 1070 1201 0 
0 0 41 1531 0 11 0 0 0 0 
0 0 0 0 47 356 140 0 0 0 
0 3569 0 0 0 0 0 0 0 0 
0 0 0 0 481 0 1 0 0 0 
0 6 0 0 11 1296 46 0 979 39 
0 674 7 0 0 2043 0 0 0 0 
0 0 0 0 769 0 0 0 0 0 
398 0 0 1 7 5130 203 0 541 0 
2858 1 0 0 0 0 0 0 0 0 
0 0 1 861 0 10 0 0 21 3 
4172 0 0 0 0 5 0 41 0 0 
0 0 0 66 482 0 0 0 0 0 
1308 166 149 262 174 569 143 233 61 76 
1455 0 0 0 0 0 0 0 0 0 
0 0 0 0 0 0 0 0 352 0 
1700 5 0 0 0 9 0 0 0 0 
0 257 0 0 2 0 0 0 0 0 
0 0 0 0 0 0 228 0 0 1 
36 0 0 0 0 1400 0 0 0 0 
0 0 0 0 0 194 508 0 0 0 
0 0 0 6 114 636 0 0 0 1 
0 0 0 356 3 0 0 0 0 0 
0 0 232 918 0 0 0 0 0 0 
0 3 0 0 0 0 338 0 0 0 
0 2737 0 0 0 0 0 0 0 0 
969 0 0 0 0 0 0 0 0 0 
0 0 497 0 0 0 0 0 1 0 
0 0 0 0 0 76 0 0 122 0 
2103 0 0 0 0 0 0 0 0 0 
0 0 0 0 0 0 1100 0 0 0 
5944 5 0 0 1 0 2 0 1 120 
89 172 70 0 232 0 324 0 0 2 
0 0 0 9 15 1131 787 0 0 0 
0 0 0 0 0 0 2256 0 1 0 
10 0 431 0 0 0 1 0 0 0 
0 0 0 0 0 0 0 0 175 0 
485 0 3 0 30 84 537 16 135 0 
95 0 0 8 71 2 27 53 0 0 
2 0 0 0 1 0 0 0 0 350 
3 0 0 0 132 832 0 0 0 2 
0 0 336 0 0 0 6 0 0 0 
510 8 0 63 6 0 22 437 432 0 
0 0 0 0 0 88 0 0 0 0 
0 0 0 0 10 366 2 0 0 0 
30 0 0 2 16 0 65 18 53 0 
