24 0 0 0 0 1719 0 1 0 0 0 4 
1 0 0 0 0 304 1 0 0 0 0 0 
0 0 0 548 0 1 3 2 19 0 0 171 
0 32 0 694 117 0 0 0 0 0 0 0 
0 0 0 0 0 0 0 0 1041 1 0 0 
0 0 0 0 0 0 28 1225 4 0 0 0 
0 0 0 0 0 0 0 0 260 0 0 0 
0 0 0 0 0 324 0 0 0 0 0 0 
0 0 0 0 0 0 0 0 0 7 0 253 
0 0 0 2 0 0 266 0 0 0 0 0 
0 0 0 16 3 0 0 0 0 742 0 0 
0 0 0 0 0 0 0 0 562 0 2 0 
0 0 0 0 0 0 0 0 0 236 0 3 
0 0 0 0 0 0 0 396 2 0 0 0 
0 0 0 1 577 0 0 0 0 0 0 0 
0 0 0 0 0 395 11 0 0 0 0 2 
0 0 2 22 82 833 0 31 0 7 0 0 
31 0 0 0 113 1 0 0 27 0 388 0 
0 0 0 0 0 523 0 0 0 0 0 0 
0 0 0 0 0 0 0 0 161 0 0 0 
0 0 0 0 237 0 0 0 0 0 0 0 
21 0 270 0 24 1 0 0 9 0 0 2 
0 0 0 0 0 393 0 0 0 0 0 0 
0 13 0 2 0 0 341 0 0 0 0 0 
0 0 0 0 0 0 0 0 228 1 0 0 
0 0 0 569 284 0 0 0 0 0 0 0 
0 0 0 0 0 0 0 208 0 0 104 0 
1 0 0 0 0 6 1152 0 0 0 0 0 
0 0 0 0 0 806 0 0 0 0 0 0 
0 0 0 0 0 0 0 0 0 221 0 0 
0 222 0 0 14 0 0 0 0 5 0 0 
368 0 0 0 0 0 100 0 0 0 58 1 
0 1 0 0 0 0 0 927 0 0 0 0 
0 0 0 0 0 0 363 0 0 0 0 0 
0 10 118 2 0 7 2 0 12 145 0 0 
0 0 0 0 4 0 444 0 0 0 0 0 
0 55 0 132 0 0 0 0 0 0 0 0 
0 0 4 1 2 0 324 0 0 0 0 0 
0 0 0 1 0 0 791 0 0 0 0 0 
0 1 0 2 0 28 0 2 1 7 0 232 
460 0 0 1 0 0 1 0 0 2 0 0 
0 9 6 0 0 0 0 0 0 308 0 110 
19 0 0 0 0 0 0 0 0 0 119 155 
1 0 0 0 0 7 0 1000 1 0 0 0 
0 0 0 0 235 148 32 0 55 0 0 0 
0 0 0 0 0 130 0 2 0 0 0 8 
0 102 334 6 5 0 0 0 24 0 5 0 
0 4 285 0 0 45 59 0 0 4 5 0 
0 0 0 0 0 414 0 0 0 0 0 0 
0 0 0 9 0 0 0 0 106 0 0 96 
0 0 0 0 0 910 0 0 0 0 0 4 
5 4 0 0 1371 4 0 0 0 0 0 0 
0 0 0 0 0 132 0 338 0 0 11 0 
2 0 0 0 0 0 0 0 0 0 0 190 
382 16 163 0 0 8 65 0 0 0 0 0 
0 0 2 288 0 0 0 0 3 0 4 0 
46 0 0 0 2 305 0 0 0 0 0 0 
0 1 1 21 0 398 0 0 0 0 0 10 
