0 2 5 0 101 14 0 11 0 4 2056 0 
0 0 0 1 244 0 0 0 0 0 0 0 
0 0 0 0 0 0 741 0 0 0 0 0 
0 779 53 0 0 0 0 0 0 0 1 0 
0 0 0 0 0 0 0 0 25 690 0 328 
0 5 0 20 2 0 0 997 62 132 0 11 
0 0 2 3 0 0 0 0 255 0 0 0 
188 0 0 0 0 0 0 0 0 0 0 0 
53 1 0 1 0 1 0 0 0 0 31 173 
0 0 0 0 0 0 0 0 0 268 0 0 
0 0 0 0 0 0 0 0 0 761 0 0 
0 0 563 0 0 0 0 0 0 0 1 0 
0 4 0 103 0 0 2 0 0 6 0 124 
0 0 0 0 0 0 397 0 1 0 0 0 
0 0 0 255 321 0 9 0 0 0 0 0 
0 0 0 0 55 119 83 55 0 0 96 0 
993 0 12 0 0 1 16 4 0 0 83 27 
0 0 0 0 0 520 0 2 0 0 36 0 
29 32 0 0 0 4 4 1 431 1 0 0 
0 0 0 0 0 0 161 0 0 0 0 0 
0 0 0 0 237 0 0 0 0 0 0 0 
170 0 96 0 11 3 0 30 8 9 0 0 
1 0 0 27 0 0 0 364 0 0 0 0 
1 0 0 1 107 0 0 0 0 247 0 0 
0 0 0 0 0 0 0 0 229 0 0 0 
0 0 0 0 0 266 0 0 0 0 0 0 
0 0 0 646 203 0 0 0 0 5 0 0 
4 0 0 0 5 0 3 297 3 0 0 0 
0 21 590 0 0 12 1 27 0 521 3 0 
226 0 0 0 568 0 0 4 0 0 0 0 
221 0 0 0 0 0 0 0 0 0 0 0 
0 0 0 0 0 241 0 0 0 0 0 0 
0 0 0 89 0 0 0 0 0 408 30 0 
0 0 0 0 0 0 0 0 0 969 0 0 
39 104 0 0 54 0 15 70 0 1 0 70 
0 0 0 66 0 0 35 1 160 0 0 34 
0 0 0 0 0 0 0 0 0 0 445 0 
0 0 187 0 0 0 0 0 0 0 0 0 
293 0 0 0 2 0 0 0 0 37 0 0 
109 3 0 0 0 0 0 679 0 0 3 0 
0 0 0 0 0 0 273 0 0 0 0 0 
0 29 278 0 100 34 0 4 0 0 0 0 
147 0 190 2 0 0 89 0 2 0 1 1 
0 0 0 0 0 0 0 0 312 0 0 0 
0 0 0 0 0 0 0 1000 0 3 0 0 
0 0 0 0 0 503 0 0 0 0 0 0 
0 0 0 0 0 0 99 41 0 0 0 0 
0 0 285 0 63 0 120 0 0 0 0 10 
0 0 0 0 440 0 1 0 3 0 0 0 
69 0 3 0 0 5 0 306 0 0 0 10 
0 0 0 0 0 0 0 0 6 0 0 205 
0 0 0 0 0 880 0 1 0 0 0 0 
1 0 0 0 0 1667 0 0 0 73 0 1 
0 0 0 0 0 224 0 0 258 0 0 0 
0 0 0 0 0 0 0 0 0 0 212 0 
9 26 0 1 0 193 24 0 104 0 0 10 
0 0 0 297 0 0 0 0 0 0 0 0 
