0 0 10 0 0 37 0 0 0 0 1375 0 
0 0 0 0 306 0 0 0 0 0 0 0 
0 0 0 0 0 0 745 0 0 0 0 0 
0 784 59 0 0 0 0 0 0 0 0 0 
0 0 0 0 0 0 0 0 20 659 0 345 
0 0 0 0 0 2 0 328 0 940 0 0 
0 0 0 0 3 0 0 0 257 0 0 0 
311 1 0 0 0 0 0 0 0 0 0 0 
0 0 0 6 0 28 3 0 0 18 0 205 
0 0 0 0 0 0 0 0 0 268 0 0 
0 0 0 0 0 0 0 0 0 762 0 0 
0 0 550 0 8 5 0 0 0 0 0 0 
24 0 155 7 7 6 8 0 1 17 0 14 
0 0 0 0 0 0 397 0 1 0 0 0 
1 0 0 0 437 6 0 0 35 0 0 4 
0 118 251 5 27 0 0 0 0 0 0 0 
401 0 41 0 0 1 520 2 0 0 13 0 
0 200 0 0 1 6 0 0 65 1 286 0 
0 7 0 1 0 63 458 9 1 0 0 0 
0 0 0 0 0 0 161 0 0 0 0 0 
0 0 0 0 234 0 0 0 0 3 0 0 
60 4 0 1 261 0 0 0 0 1 0 0 
0 4 0 141 2 1 1 5 15 2 0 221 
0 0 1 0 1 0 4 0 237 0 0 32 
0 0 0 0 0 0 0 0 229 0 0 0 
0 0 0 274 162 0 0 0 0 0 0 0 
0 0 0 6 0 0 4 302 0 0 0 0 
1 0 22 3 0 538 36 0 0 547 12 0 
209 2 0 0 565 0 1 0 0 3 35 0 
221 0 0 0 0 0 0 0 0 0 0 0 
0 0 2 0 0 239 0 0 0 0 0 0 
16 181 10 171 0 14 0 26 0 0 0 109 
0 0 0 0 0 0 0 0 0 924 0 0 
0 251 15 19 0 0 0 0 6 65 0 1 
0 0 0 102 44 111 0 37 2 0 0 0 
0 0 0 1 0 0 0 0 0 0 448 0 
0 0 187 0 0 0 0 0 0 0 0 0 
319 0 0 0 0 0 0 11 0 0 0 0 
93 2 4 4 0 0 0 683 0 0 0 5 
0 0 0 0 0 0 354 0 0 0 0 0 
0 251 0 0 0 53 35 5 23 56 41 0 
377 0 21 4 21 1 9 0 0 0 0 0 
0 0 0 0 1 0 0 0 292 0 0 0 
0 0 0 0 0 0 0 997 2 0 0 2 
0 0 0 0 0 470 0 0 0 0 0 0 
0 0 0 0 0 0 92 49 0 0 0 0 
0 10 1 0 0 0 0 0 0 0 461 4 
0 0 0 0 402 0 0 0 0 0 0 0 
0 0 0 2 8 5 7 0 30 0 361 1 
0 0 0 0 0 0 0 0 10 0 1 218 
0 0 0 0 0 914 0 0 0 0 0 0 
0 0 0 0 0 1344 0 1 0 47 0 0 
0 0 0 0 0 221 0 0 261 0 0 0 
0 0 0 0 0 0 0 0 0 0 192 0 
0 4 0 0 1 627 1 0 0 0 0 0 
0 0 0 280 0 0 0 0 0 0 0 0 
10 0 1 0 278 0 7 0 0 57 0 0 
2 0 0 0 66 0 0 1 0 0 351 0 
0 0 41 0 0 0 1 117 0 8 166 0 
0 0 0 359 157 0 0 0 0 0 0 8 
