0 0 0 0 0 53 1 0 0 7 1374 0 
0 0 0 0 303 0 0 0 3 0 0 0 
0 0 0 0 0 0 757 0 0 0 0 0 
0 793 49 0 0 0 1 0 0 0 0 0 
0 0 0 0 0 1 0 0 23 712 0 292 
0 0 0 0 0 0 0 280 0 964 0 0 
0 0 0 0 0 0 0 0 260 0 0 0 
393 0 0 0 0 0 0 0 0 0 0 0 
0 0 0 33 0 0 55 0 160 0 0 2 
0 0 0 0 0 0 0 0 0 268 0 0 
0 0 0 0 0 0 0 0 0 763 0 0 
0 0 553 4 1 0 0 0 0 0 0 6 
0 72 131 0 0 0 4 0 0 1 31 0 
0 0 0 0 0 0 397 0 1 0 0 0 
5 0 0 0 355 0 0 0 0 124 0 0 
0 0 0 44 191 51 65 58 0 0 0 0 
613 11 7 2 0 0 2 0 0 218 11 15 
0 0 0 0 2 84 422 0 1 11 39 1 
14 6 0 60 147 2 0 86 0 0 0 212 
0 0 0 0 0 0 171 0 0 0 0 0 
0 0 0 0 237 0 0 0 0 0 0 0 
238 0 0 45 0 1 0 0 1 0 21 21 
0 5 172 0 0 0 49 0 128 0 33 4 
2 1 0 0 37 0 0 0 0 0 0 235 
1 0 0 0 0 0 3 0 225 0 0 0 
3 0 0 330 172 0 0 0 0 0 0 1 
0 0 0 0 0 5 0 281 0 0 0 1 
0 0 0 163 0 5 34 0 0 809 23 142 
212 0 5 9 578 0 0 19 0 0 0 0 
221 0 0 0 0 0 0 0 0 0 0 0 
0 0 0 0 0 239 1 0 1 0 0 0 
0 6 0 307 0 14 16 0 14 0 0 170 
0 0 0 0 0 0 0 0 0 920 0 0 
118 0 0 0 224 0 1 0 0 0 0 1 
1 19 0 0 254 0 18 0 0 0 4 0 
0 0 0 0 0 0 1 0 0 0 377 0 
0 0 187 0 0 0 0 0 0 0 0 0 
316 0 0 0 0 0 0 0 0 15 0 0 
100 0 0 0 0 0 0 703 0 0 0 0 
0 0 0 0 0 1 352 0 0 0 0 0 
12 0 1 0 0 0 36 99 315 0 1 0 
2 0 18 0 0 0 0 285 0 0 0 62 
0 2 0 0 3 0 0 0 287 0 0 0 
0 0 0 0 0 0 0 1012 1 0 0 0 
0 0 0 0 0 473 0 0 0 0 1 1 
0 0 0 4 0 0 145 66 0 0 5 0 
0 0 42 0 373 0 9 0 2 5 46 0 
0 0 0 0 402 0 0 0 0 0 0 0 
0 0 0 0 0 529 0 0 0 0 0 1 
0 0 0 0 0 0 0 0 8 0 0 221 
0 0 0 0 0 797 0 0 0 0 0 0 
0 0 1 0 15 1256 49 0 0 0 0 0 
0 0 0 0 0 225 0 0 257 0 0 0 
0 0 0 0 0 0 0 0 0 0 192 0 
0 0 0 0 0 632 1 0 0 0 0 0 
0 0 0 297 0 0 0 0 0 0 0 0 
2 0 0 8 190 0 72 0 3 0 78 0 
0 0 0 0 20 0 0 0 1 0 465 0 
43 0 0 5 0 207 0 0 0 0 79 0 
0 0 0 359 145 0 0 0 0 0 0 0 
