0 0 0 0 0 1419 3 0 0 0 0 0 
0 0 0 0 0 305 0 0 1 0 0 0 
0 0 1 0 84 632 0 0 0 3 37 0 
0 22 0 680 140 0 0 0 1 0 0 0 
0 0 0 0 0 0 1 0 1025 0 0 0 
0 0 0 2 0 0 28 1221 0 0 0 0 
0 0 0 6 2 0 0 1 248 0 1 2 
0 0 0 0 0 396 0 0 0 0 0 0 
0 0 0 0 0 0 0 0 0 0 2 249 
0 0 0 0 0 0 262 4 0 0 0 2 
0 0 0 0 1 0 0 0 20 739 3 0 
0 0 0 0 0 0 0 0 563 0 0 0 
0 0 0 0 0 2 0 0 0 237 0 0 
0 0 0 0 0 0 3 386 9 0 0 0 
0 0 0 1 474 0 0 0 0 0 0 0 
0 78 0 41 0 277 5 1 7 0 0 0 
0 0 0 0 67 811 0 0 0 0 0 0 
7 0 0 0 16 0 0 100 0 0 436 0 
0 0 0 0 0 531 0 0 0 0 0 0 
0 0 0 0 0 0 0 0 171 0 0 0 
2 0 0 0 164 21 48 2 0 0 0 0 
0 0 22 0 30 0 0 5 0 0 0 270 
0 0 0 0 0 391 0 0 0 0 0 0 
0 1 0 0 0 8 188 0 0 0 2 24 
0 7 0 0 0 0 0 0 274 0 0 0 
0 0 0 0 513 0 0 0 0 0 0 1 
0 0 0 0 0 0 0 286 0 0 1 0 
6 0 0 0 1 0 1170 0 0 0 0 0 
0 0 0 0 0 828 0 0 0 0 0 0 
19 0 0 0 0 0 0 0 0 202 0 0 
0 1 0 206 25 0 0 1 0 5 3 0 
1 0 251 0 0 0 37 214 1 22 0 1 
0 0 0 0 0 0 0 906 2 1 0 0 
0 1 0 0 1 0 341 0 0 0 0 0 
0 0 0 0 1 25 35 0 2 233 0 0 
0 0 0 0 0 1 378 0 0 0 0 0 
0 57 0 129 1 0 0 0 0 0 0 0 
0 0 0 0 0 0 331 0 0 0 0 0 
0 1 0 0 0 0 806 0 0 0 0 0 
0 54 0 0 3 0 0 2 0 3 291 0 
416 0 2 0 0 1 18 0 23 0 0 4 
0 0 0 0 0 0 0 0 0 0 366 0 
20 0 0 0 0 0 0 0 0 0 133 140 
1 0 0 0 0 36 0 883 0 0 6 0 
0 5 0 0 338 112 0 0 11 1 3 0 
16 0 0 0 0 17 3 0 104 0 0 169 
0 0 0 389 2 6 1 35 0 0 42 2 
0 0 0 8 99 3 3 42 188 58 0 2 
0 0 0 0 0 530 0 0 0 0 0 0 
0 0 0 10 0 0 0 0 122 0 0 97 
0 0 0 0 4 768 3 0 23 0 0 0 
0 0 0 0 1323 0 4 0 0 0 0 0 
0 0 0 2 0 103 0 376 0 0 1 0 
0 0 0 2 0 0 0 0 0 0 0 190 
0 0 108 0 0 0 186 0 0 339 0 0 
0 1 0 292 0 3 1 0 0 0 0 0 
271 7 1 0 0 0 0 5 0 69 0 0 
0 1 0 102 0 1 77 94 207 0 0 5 
0 210 0 22 0 0 73 4 6 2 0 16 
0 0 0 503 0 0 0 0 1 0 0 0 
