0 0 0 0 0 1429 4 0 2 0 0 1 
0 0 0 0 0 304 0 0 0 0 3 0 
0 0 23 0 72 347 112 1 0 134 10 64 
0 29 0 689 131 0 0 0 1 1 0 0 
0 0 0 0 0 0 0 0 1027 0 0 0 
0 0 0 11 0 0 56 1171 0 27 0 0 
0 0 0 0 0 0 1 6 251 0 0 2 
0 0 0 0 0 390 0 0 0 0 0 2 
0 0 0 0 0 0 0 0 3 0 1 247 
0 2 0 0 0 0 263 0 3 0 0 0 
18 1 4 3 0 0 0 0 0 730 0 0 
0 0 1 0 0 0 0 0 559 0 4 0 
0 0 0 0 1 0 0 0 1 235 2 0 
0 0 0 0 0 0 0 377 8 0 13 0 
0 0 0 1 485 1 0 0 0 0 0 0 
19 0 0 14 0 55 57 262 0 0 0 0 
0 0 0 10 24 680 36 0 0 10 0 119 
0 35 507 12 0 0 1 0 1 0 0 2 
0 0 0 0 0 465 0 0 0 0 0 0 
0 0 0 0 0 0 0 0 161 0 0 0 
0 0 0 0 227 0 0 9 0 0 0 1 
0 18 0 0 0 3 31 60 0 0 215 0 
0 0 0 0 0 391 0 0 0 0 0 0 
0 149 0 18 31 0 0 25 0 0 0 0 
0 0 0 0 0 0 0 0 281 0 0 0 
0 0 0 0 506 0 0 0 0 0 0 0 
0 0 0 0 0 0 1 284 0 2 0 0 
0 2 0 0 0 0 1186 0 0 0 0 0 
0 0 0 0 0 879 0 0 0 0 0 0 
0 2 0 0 4 3 5 0 0 207 0 0 
0 151 0 90 0 0 0 0 0 0 0 0 
244 5 1 0 2 0 0 0 0 233 38 4 
0 0 0 0 0 0 0 899 0 0 0 0 
0 0 0 1 0 0 335 0 0 0 0 0 
0 324 0 0 2 0 0 4 7 0 0 0 
1 0 0 0 0 0 373 0 0 0 0 0 
0 60 0 127 0 0 0 0 0 0 0 0 
0 0 4 5 0 1 319 0 0 0 1 0 
0 0 0 0 0 0 800 1 0 0 0 0 
0 0 3 222 12 0 70 0 0 14 0 42 
451 2 0 0 2 0 0 1 0 0 8 0 
0 0 0 6 1 0 0 0 0 0 359 0 
31 0 0 0 0 0 0 0 0 0 111 151 
0 3 0 0 0 18 0 914 0 0 0 0 
0 0 14 0 295 157 0 0 0 4 0 0 
0 8 0 0 0 293 0 0 0 0 0 1 
0 64 0 0 0 0 0 199 0 8 0 208 
0 0 0 19 0 0 122 0 0 0 234 27 
0 0 0 0 0 526 0 0 0 0 0 0 
0 0 0 1 0 0 0 0 123 0 0 97 
45 0 0 5 0 691 1 0 0 1 0 0 
0 0 3 0 1322 0 0 0 0 0 0 0 
0 0 0 0 0 117 0 324 0 0 0 0 
0 0 1 0 0 0 0 0 2 0 0 189 
0 515 0 12 0 5 12 1 0 0 148 0 
0 0 4 290 0 0 0 1 2 0 0 0 
35 0 0 0 0 0 0 1 0 0 2 315 
0 483 0 0 0 1 1 0 0 1 0 0 
0 1 73 0 0 0 61 1 0 135 0 67 
0 0 0 501 2 0 0 0 0 0 0 0 
