3 0 1 0 159 3 3 0 0 0 2019 0 
0 0 0 0 246 0 0 0 0 0 0 0 
0 0 0 0 2 0 740 0 0 0 0 0 
0 780 53 0 0 0 0 0 0 0 0 0 
0 0 0 0 0 0 0 0 34 700 0 309 
0 11 46 0 0 5 0 1126 0 44 0 0 
0 0 0 0 0 0 0 1 259 0 0 0 
187 0 0 1 0 0 0 0 0 0 0 0 
0 0 6 0 122 22 0 0 0 0 0 110 
0 0 0 0 0 0 0 0 0 268 0 0 
0 0 0 0 0 0 0 0 0 761 0 0 
0 0 563 0 0 0 0 0 0 1 0 0 
0 2 5 0 0 0 1 129 0 0 0 102 
0 0 0 0 0 0 397 0 1 0 0 0 
11 6 0 231 337 0 0 0 0 0 1 0 
10 0 4 0 0 153 243 0 0 0 0 0 
896 0 0 0 13 0 0 48 66 0 0 111 
1 0 40 1 0 476 0 24 12 0 3 0 
10 11 0 0 0 53 0 1 423 0 7 0 
0 0 0 0 0 0 161 0 0 0 0 0 
0 0 0 0 237 0 0 0 0 0 0 0 
159 0 149 0 0 8 0 0 0 11 0 0 
2 0 0 0 0 0 0 160 3 227 0 0 
0 0 0 0 0 0 0 0 0 342 0 14 
0 0 0 0 0 0 0 0 229 0 0 0 
0 0 20 624 211 0 0 0 0 0 0 0 
0 0 0 0 0 1 0 310 0 0 0 1 
0 2 60 0 35 0 0 0 0 1040 17 0 
201 0 2 0 590 0 9 0 0 0 0 1 
220 0 0 0 0 0 0 0 0 0 1 0 
0 0 0 0 0 239 0 0 2 0 0 0 
0 0 101 0 0 0 0 361 58 7 0 0 
0 1 0 0 0 0 0 0 0 966 0 0 
97 0 133 1 0 0 139 0 0 0 1 0 
68 0 66 0 0 0 0 0 162 0 0 0 
0 0 0 0 0 0 0 0 0 0 446 0 
0 0 186 0 0 0 0 0 1 0 0 0 
328 0 0 0 0 0 0 0 0 0 0 2 
45 0 0 0 8 0 2 736 0 2 0 0 
0 0 0 0 0 0 273 0 0 0 0 0 
0 0 35 0 0 171 0 0 0 0 0 239 
72 0 94 55 0 0 204 6 1 0 0 0 
0 0 0 0 0 0 0 0 312 0 0 0 
0 0 0 0 0 0 0 1005 0 0 0 0 
0 0 0 0 0 503 0 0 0 0 0 0 
0 0 0 0 1 0 99 40 0 0 0 0 
178 2 287 1 0 8 0 0 0 0 0 0 
0 0 0 0 443 0 1 0 0 0 0 0 
0 0 0 0 1 0 0 90 0 302 0 0 
0 0 0 0 0 0 0 0 7 0 0 204 
0 0 0 0 0 881 0 0 0 0 0 0 
0 0 0 1 0 1534 0 0 0 205 0 0 
0 0 0 0 0 230 0 0 252 0 0 0 
0 0 0 0 0 0 0 0 0 0 212 0 
0 1 0 0 0 628 4 0 0 0 0 0 
0 0 0 297 0 0 0 0 0 0 0 0 
