0 8 2 0 3 2162 0 11 0 0 0 1 
0 0 0 0 0 244 0 0 0 0 0 1 
0 27 0 0 1 0 0 699 0 0 17 0 
0 29 7 674 125 0 0 0 0 0 0 0 
0 0 0 0 0 0 0 0 1043 0 0 0 
0 0 0 0 0 0 52 1154 0 9 15 0 
0 0 0 4 0 0 0 3 253 0 0 0 
0 0 0 0 0 188 0 0 0 0 0 0 
0 0 0 0 0 0 0 0 0 0 0 273 
0 0 2 0 0 0 266 0 0 0 0 0 
0 0 0 0 0 1 3 1 0 755 0 0 
0 1 0 0 0 0 0 0 563 0 0 0 
0 0 0 0 0 1 0 0 3 234 0 1 
0 0 0 0 0 0 0 396 2 0 0 0 
0 0 0 1 586 0 0 0 0 0 0 0 
1 37 8 0 0 6 348 2 0 0 0 8 
0 0 1 0 87 1020 0 0 0 0 0 5 
171 0 0 0 298 11 37 0 0 0 42 0 
0 0 0 0 0 526 0 0 0 0 0 0 
0 0 0 0 0 0 0 0 161 0 0 0 
1 0 0 0 230 0 1 0 0 5 0 0 
0 0 0 53 12 0 0 0 0 1 261 0 
0 0 0 0 0 392 0 0 0 0 0 0 
0 14 0 0 35 0 43 198 0 9 57 0 
0 0 0 0 0 0 0 0 226 0 3 0 
0 0 0 576 274 0 4 0 0 0 0 0 
0 0 0 0 0 0 0 223 0 0 89 0 
1 0 0 0 2 0 1157 0 0 0 0 1 
0 0 0 0 0 804 0 0 0 0 0 0 
0 1 0 0 0 0 0 0 10 210 0 0 
0 0 0 0 208 14 0 0 6 0 13 0 
49 0 1 1 2 0 0 0 0 0 0 474 
0 0 0 0 0 0 0 966 0 0 0 0 
0 0 0 0 0 0 364 0 0 0 0 0 
12 13 0 2 151 0 15 0 0 72 30 1 
0 0 0 0 0 0 441 0 0 1 0 4 
0 63 0 124 0 0 0 0 0 0 0 0 
0 0 0 0 0 0 331 0 0 0 0 0 
0 0 0 0 0 0 791 0 0 0 0 0 
0 0 0 0 1 0 176 3 2 9 82 0 
0 0 2 0 0 0 8 1 0 0 428 6 
4 0 0 0 3 0 0 37 5 169 0 215 
62 0 0 0 0 0 0 0 0 0 102 148 
0 2 0 0 0 15 0 981 1 4 0 0 
0 0 1 0 392 97 3 4 0 0 5 1 
0 6 0 0 0 131 0 0 3 0 0 0 
0 5 10 1 0 4 0 453 0 3 0 0 
0 0 0 88 0 0 23 4 0 0 0 316 
0 0 0 0 0 396 0 0 0 0 0 0 
0 0 0 9 0 0 0 0 106 0 0 96 
0 0 0 0 0 879 0 0 0 2 0 0 
0 0 0 0 1735 2 0 0 0 0 0 0 
1 1 0 0 0 95 0 381 0 4 0 0 
0 0 0 0 0 0 0 0 0 0 0 212 
0 0 0 0 0 0 0 4 220 345 1 64 
0 8 0 287 0 0 2 0 0 0 0 0 
