0 0 0 7 26 13 0 4 0 0 1376 0 
0 0 0 0 306 0 0 0 0 0 0 0 
0 0 0 0 0 0 746 0 0 0 0 0 
0 785 57 0 0 0 1 0 0 0 0 0 
0 0 0 1 0 0 0 0 19 680 0 323 
0 0 4 0 0 0 0 344 0 864 0 40 
0 0 0 0 0 0 0 3 257 0 0 0 
407 0 0 0 0 0 0 0 0 0 0 0 
0 66 62 68 0 0 1 1 53 0 0 0 
0 0 0 0 0 0 0 0 0 260 0 0 
0 0 0 0 0 0 0 0 0 762 0 0 
0 0 557 0 0 0 0 0 0 5 0 2 
6 1 0 18 0 0 0 0 214 0 0 0 
0 0 0 0 0 0 397 0 1 0 0 0 
0 8 0 24 3 79 0 0 9 426 0 0 
19 381 0 0 0 0 0 0 0 9 0 0 
304 449 0 7 0 2 25 0 0 0 0 77 
0 0 0 480 0 0 76 0 0 0 0 3 
0 0 509 1 0 3 17 1 0 0 0 0 
0 0 0 0 0 0 161 0 0 0 0 0 
0 0 0 0 237 0 0 0 0 0 0 0 
309 0 0 0 0 0 0 16 0 1 1 0 
4 6 0 0 0 0 91 0 0 0 0 290 
3 0 0 22 7 220 3 6 0 0 0 14 
0 0 0 0 0 0 0 0 229 0 0 0 
0 0 0 251 179 0 0 0 5 0 1 0 
0 4 21 2 0 0 0 285 0 0 0 0 
0 0 0 15 0 0 221 0 99 813 7 0 
275 0 0 0 537 0 2 1 0 0 14 0 
220 0 0 0 0 0 1 0 0 0 0 0 
0 0 0 0 0 240 0 0 0 0 0 1 
0 0 346 83 0 0 1 0 0 0 96 1 
1 0 0 0 0 0 0 0 0 928 0 0 
0 0 0 4 0 0 0 0 0 298 3 71 
0 255 0 2 0 0 0 2 0 0 37 0 
1 0 0 0 0 0 0 0 0 0 378 0 
0 0 187 0 0 0 0 0 0 0 0 0 
297 0 0 0 0 0 0 0 0 12 1 21 
71 0 0 1 0 0 0 723 0 0 0 2 
0 0 0 0 0 0 375 0 0 0 0 0 
2 0 0 0 0 0 1 0 348 0 113 0 
0 0 0 124 0 0 0 0 111 74 0 33 
0 0 0 0 0 1 2 0 290 0 0 0 
0 0 0 1 0 0 0 1004 0 0 0 0 
0 0 0 0 0 470 0 0 0 0 0 0 
1 1 3 0 0 0 142 73 0 0 0 0 
112 1 0 0 0 0 231 0 0 134 0 0 
0 0 0 0 402 0 0 0 0 0 0 0 
0 0 0 0 0 524 0 0 2 0 0 0 
0 0 0 0 0 0 0 0 6 0 0 223 
0 0 0 0 1 796 0 0 0 0 0 0 
0 1 80 1 0 1201 0 6 0 36 0 0 
0 0 0 0 0 217 0 0 265 0 0 0 
0 0 0 0 0 0 0 0 0 0 192 0 
0 0 0 0 0 629 3 1 0 0 0 0 
0 1 0 296 0 0 0 0 0 0 0 0 
83 0 0 0 0 0 0 0 0 1 254 15 
0 0 0 0 29 0 0 0 0 0 462 0 
9 0 0 82 0 4 30 0 0 0 208 0 
0 0 0 390 116 0 0 0 0 0 0 0 
