0 2 0 8 0 9 0 1 1 1 1403 0 
0 0 0 0 305 0 0 1 0 0 0 0 
1 0 0 0 0 0 758 0 5 0 0 0 
0 784 66 0 0 0 0 0 0 1 0 0 
0 0 0 1 0 0 0 0 37 675 0 315 
10 0 0 0 0 0 0 199 0 1050 0 0 
0 0 0 0 0 0 0 0 259 0 1 0 
392 0 1 0 0 0 0 0 0 3 0 0 
35 12 160 0 0 1 0 0 0 0 43 0 
0 0 0 0 0 0 0 0 0 268 0 0 
0 0 0 0 0 0 0 0 0 759 0 0 
0 0 561 0 0 0 0 0 0 0 2 0 
0 30 0 7 2 0 0 0 0 5 0 195 
0 0 0 0 0 0 397 0 1 0 0 0 
5 0 7 0 455 3 0 0 0 2 0 0 
0 25 0 0 0 381 0 0 1 0 0 2 
327 23 10 0 0 11 0 420 1 79 4 1 
0 559 0 0 1 0 0 0 0 0 0 0 
14 1 17 121 0 0 311 0 0 0 4 0 
0 0 0 0 0 0 161 0 0 0 0 0 
0 0 0 0 236 0 0 0 0 0 1 0 
292 1 14 1 2 0 0 3 13 1 0 0 
13 0 161 6 0 1 0 200 0 0 0 10 
0 0 0 108 0 3 8 0 0 0 43 61 
0 3 0 0 0 2 0 0 276 0 0 0 
1 0 0 333 170 9 1 0 0 0 0 0 
0 6 0 0 0 0 0 277 0 4 0 0 
0 0 0 0 0 0 0 9 0 1172 0 0 
171 0 0 0 704 0 0 0 0 4 0 2 
220 0 0 0 0 0 0 0 0 0 0 1 
0 0 0 0 0 240 0 0 0 1 0 0 
74 164 0 0 0 2 0 277 0 0 0 10 
0 0 0 0 0 0 0 0 0 895 0 0 
0 0 48 0 21 159 40 38 0 0 0 34 
0 0 0 7 1 0 0 0 317 12 0 0 
0 0 0 0 0 0 0 0 0 0 376 0 
0 0 187 0 0 0 0 0 0 0 0 0 
316 0 0 0 0 0 0 0 0 14 0 0 
52 0 0 5 10 0 0 737 0 1 0 0 
0 0 1 0 0 0 362 0 0 0 0 0 
0 0 1 0 0 3 21 373 0 8 0 58 
0 177 26 0 1 0 0 0 0 0 162 0 
0 0 0 0 3 0 0 0 290 0 0 0 
0 0 0 0 0 0 0 939 0 0 0 0 
0 0 0 0 0 470 0 0 0 0 0 0 
0 0 3 0 0 0 205 94 0 0 0 0 
0 0 1 0 0 17 2 318 50 44 45 0 
0 1 0 0 401 0 0 0 0 0 0 0 
0 0 0 0 0 519 0 0 3 6 0 0 
0 0 0 0 0 0 0 0 8 0 0 213 
0 0 1 0 0 737 0 0 0 0 0 0 
0 0 125 1 0 1135 0 0 18 47 5 0 
0 0 0 0 0 241 0 0 200 0 0 0 
0 0 0 0 0 0 0 0 0 0 192 0 
1 0 0 0 0 687 4 1 0 0 0 0 
0 0 0 298 0 0 0 0 0 0 0 0 
37 0 0 0 0 0 106 192 16 0 2 0 
0 0 1 0 1 0 0 0 0 3 490 0 
0 0 0 0 0 0 0 0 315 0 18 0 
0 0 0 321 164 0 0 0 1 5 14 0 
