0 0 0 0 0 51 0 0 1 0 1695 0 
0 0 0 0 304 0 0 0 0 2 0 0 
0 0 0 0 0 0 745 0 0 0 0 0 
0 783 58 0 0 0 1 0 0 0 1 0 
0 0 0 0 0 0 0 0 23 692 0 327 
50 3 0 0 30 0 28 434 2 716 0 0 
0 0 0 0 1 0 0 0 258 0 1 0 
323 0 0 0 0 0 0 0 1 0 0 0 
0 1 169 0 6 0 0 0 2 0 1 81 
0 0 0 0 0 0 0 0 0 268 0 0 
0 0 0 0 0 0 0 0 0 761 0 0 
0 4 552 0 0 0 0 0 0 0 8 0 
0 10 0 0 1 0 14 0 0 0 0 214 
0 0 0 0 0 0 397 0 1 0 0 0 
0 10 1 239 325 0 1 0 2 0 0 0 
387 0 11 0 0 2 0 1 7 0 0 1 
370 0 86 0 154 0 0 0 104 242 22 0 
25 14 0 0 4 47 444 5 0 0 19 0 
96 0 5 0 8 0 0 402 0 8 0 5 
0 0 0 0 0 0 161 0 0 0 0 0 
0 0 0 0 235 0 0 0 0 0 2 0 
215 21 0 0 64 1 0 0 16 0 0 10 
0 348 3 0 0 3 2 0 0 24 13 0 
0 21 0 1 266 0 0 0 68 0 0 0 
0 0 0 0 0 0 0 0 229 0 0 0 
0 0 0 599 253 0 0 5 0 0 0 0 
0 0 3 0 0 0 0 309 0 0 0 0 
6 28 2 0 0 0 0 245 34 664 19 167 
190 2 0 1 591 0 0 0 0 19 0 0 
221 0 0 0 0 0 0 0 0 0 0 0 
0 0 0 0 0 240 1 0 0 0 0 0 
0 42 1 1 53 0 0 411 0 13 6 0 
0 0 0 0 0 0 0 0 0 926 0 0 
28 17 297 0 0 0 0 1 0 0 7 10 
30 0 88 137 16 7 0 15 3 0 0 0 
0 0 0 0 0 0 0 0 0 0 448 0 
0 0 187 0 0 0 0 0 0 0 0 0 
321 0 0 0 0 0 0 4 0 6 0 0 
52 0 0 0 1 0 0 734 0 0 0 0 
0 0 0 0 0 0 272 0 0 0 0 0 
0 92 7 5 0 140 0 0 218 0 0 2 
65 0 34 81 0 0 0 48 0 3 202 0 
6 0 0 0 0 0 0 0 286 0 0 1 
0 0 0 0 1 0 0 1006 0 0 0 0 
0 0 0 0 0 469 0 1 0 0 0 0 
0 0 1 0 0 0 93 46 0 0 0 0 
368 0 0 0 83 3 0 2 5 0 0 15 
0 0 0 0 402 0 0 0 0 0 0 0 
26 0 0 1 0 0 282 12 0 0 0 93 
0 0 0 0 0 0 0 0 6 0 0 205 
0 0 0 0 0 914 0 0 0 0 0 0 
4 0 74 0 0 1302 1 0 0 1 0 0 
0 0 0 0 0 235 0 0 247 0 0 0 
0 0 1 0 1 0 0 0 0 0 190 0 
0 0 0 0 0 632 2 0 0 0 0 0 
0 0 0 297 0 0 0 0 0 0 0 0 
0 188 0 0 62 102 0 0 0 0 1 0 
11 0 0 0 34 0 0 0 0 0 386 0 
