1 0 0 1 0 67 0 0 0 0 1350 1 
0 0 0 0 306 0 0 0 0 0 0 0 
0 0 0 0 0 0 757 0 0 0 0 0 
0 777 61 0 0 0 3 2 0 0 0 0 
0 0 0 0 0 0 0 0 26 695 0 305 
0 0 0 0 0 1 0 418 0 826 1 0 
0 0 0 0 0 3 0 0 244 13 0 0 
392 0 1 2 0 0 0 0 0 0 0 0 
155 0 0 0 0 71 21 0 0 0 4 0 
0 0 0 0 0 0 0 0 0 268 0 0 
0 0 0 0 0 0 0 0 0 763 0 0 
0 0 559 0 0 3 0 0 0 1 0 0 
0 0 15 0 0 0 0 187 0 2 0 35 
0 0 0 0 0 0 397 0 1 0 0 0 
0 0 17 0 450 0 0 0 0 7 0 0 
42 0 25 0 176 0 67 0 0 0 2 97 
511 0 5 5 0 0 0 0 0 320 36 0 
0 2 0 97 0 0 0 460 0 0 0 0 
6 73 0 15 0 1 13 0 0 0 0 423 
0 0 0 0 0 0 171 0 0 0 0 0 
0 0 0 0 237 0 0 0 0 0 0 0 
255 0 0 69 0 0 0 1 1 0 1 0 
0 89 0 78 0 139 45 0 0 8 32 0 
0 163 0 7 44 0 0 0 9 0 0 0 
0 0 0 0 0 0 0 0 281 0 0 0 
0 0 0 331 177 0 0 0 2 0 4 0 
0 0 2 0 0 0 0 285 0 0 0 0 
152 0 332 36 9 0 188 197 0 263 0 0 
244 0 2 0 555 0 0 0 0 11 0 22 
221 0 0 0 0 0 0 0 0 0 0 0 
0 0 0 0 0 240 0 0 0 0 0 1 
444 0 0 0 0 0 0 0 0 83 0 0 
0 0 0 0 0 0 0 0 0 914 0 0 
0 12 21 0 0 0 0 95 213 0 0 0 
0 228 0 0 0 68 0 0 0 0 0 0 
0 0 0 0 0 0 0 0 1 0 377 0 
0 0 187 0 0 0 0 0 0 0 0 0 
304 0 0 5 0 0 0 5 6 10 0 0 
101 0 0 0 0 0 0 707 0 0 0 0 
0 0 0 0 0 0 351 1 1 0 0 0 
0 120 2 0 0 60 0 230 0 52 0 0 
0 0 5 225 0 0 0 53 1 24 0 58 
0 0 0 0 0 0 0 0 293 0 0 0 
0 0 1 1 0 0 0 926 0 0 0 0 
0 0 0 0 0 470 0 0 0 0 0 0 
0 0 4 2 0 1 179 120 3 0 0 0 
0 0 5 0 0 316 0 0 0 0 0 156 
0 0 0 0 403 0 0 0 0 0 0 0 
0 0 0 0 2 527 0 0 1 0 0 0 
0 0 0 0 0 0 0 0 8 0 0 221 
0 0 0 0 0 795 0 0 0 2 0 0 
1 0 1 23 0 1293 1 0 0 6 0 3 
0 0 0 0 0 223 0 0 258 0 1 0 
0 0 0 0 0 0 0 0 0 0 192 0 
0 0 0 0 0 630 1 0 2 0 0 0 
0 0 0 297 0 0 0 0 0 0 0 0 
0 0 0 0 0 3 4 44 0 302 0 0 
0 0 0 0 5 0 0 0 0 0 482 0 
64 0 0 0 0 0 73 0 14 171 11 0 
0 0 0 318 181 0 0 0 0 0 0 5 
