3 1 35 0 0 1697 0 0 2 0 0 0 
0 0 0 3 0 303 0 0 0 0 0 0 
0 0 201 204 0 27 0 2 32 36 243 0 
0 20 0 698 124 0 0 0 0 0 1 0 
0 0 0 0 0 0 0 0 1042 0 0 0 
0 0 1 0 6 1 24 1205 1 0 0 0 
0 0 0 0 0 0 4 0 256 0 0 0 
0 0 0 0 2 322 0 0 0 0 0 0 
0 1 0 0 0 0 0 0 0 0 0 259 
2 0 0 0 0 0 266 0 0 0 0 0 
0 3 0 18 0 0 1 0 0 739 0 0 
0 0 0 0 0 0 0 9 555 0 0 0 
0 0 0 4 0 0 0 0 0 235 0 0 
0 0 0 0 0 1 0 394 3 0 0 0 
0 0 0 1 578 0 0 0 0 0 0 0 
0 2 0 0 0 331 34 0 38 0 5 0 
0 2 0 0 18 918 0 6 0 0 33 0 
71 17 13 186 182 0 0 9 0 82 0 0 
0 0 0 0 0 526 0 0 0 0 1 0 
0 0 0 0 0 0 0 0 161 0 0 0 
1 6 0 0 190 0 0 0 0 4 36 0 
0 0 19 0 210 64 34 0 0 0 0 0 
0 0 0 0 0 392 0 0 1 0 0 0 
0 3 0 0 0 21 233 0 30 0 22 47 
0 0 0 0 0 0 0 0 228 0 1 0 
0 0 0 570 281 0 0 0 1 0 0 3 
0 2 0 0 0 0 0 220 0 0 90 0 
2 0 3 0 0 1 1165 0 0 0 0 0 
0 0 0 0 0 809 0 0 0 0 0 0 
0 0 0 0 0 0 0 0 0 219 0 2 
0 1 0 33 4 0 1 0 18 93 91 0 
0 0 0 0 14 139 51 0 265 0 58 0 
0 0 0 0 0 0 0 952 0 2 0 0 
0 0 0 0 0 0 352 0 0 0 0 0 
224 0 0 13 59 0 0 0 0 0 0 0 
0 0 0 0 0 0 447 0 0 0 0 1 
0 56 0 131 0 0 0 0 0 0 0 0 
0 0 0 1 0 1 321 3 0 4 0 1 
0 0 0 0 0 0 786 0 0 0 0 0 
0 0 6 19 1 0 16 228 0 0 0 2 
449 0 0 0 0 15 0 0 0 0 0 0 
27 0 0 0 0 1 405 0 0 0 0 0 
19 0 0 0 0 0 0 2 0 0 133 139 
0 0 0 0 4 27 0 977 0 0 0 0 
39 0 0 0 257 167 7 0 0 0 0 0 
5 0 0 0 0 133 2 0 0 0 0 0 
6 357 0 0 0 0 0 0 112 0 0 0 
2 3 0 0 0 61 0 0 291 45 0 0 
0 0 0 0 0 414 0 0 0 0 0 0 
0 0 0 9 0 0 0 0 105 0 0 97 
0 1 1 0 0 911 0 0 0 1 0 0 
0 1 0 0 1381 0 0 0 0 0 0 0 
0 2 0 0 0 116 0 358 0 0 4 2 
0 1 1 0 0 0 0 0 0 0 0 210 
463 1 0 30 12 2 0 0 126 0 0 0 
0 0 0 279 0 0 0 18 0 0 0 0 
0 0 1 16 0 189 0 2 0 144 0 1 
0 0 0 0 1 381 2 0 0 0 0 26 
