0 0 2 0 0 1421 5 0 0 3 0 0 
4 6 2 0 0 292 0 0 0 1 0 1 
2 0 1 0 1 711 0 7 33 0 0 1 
0 28 0 707 108 0 0 0 0 0 0 0 
0 0 0 0 0 1 0 0 1026 0 0 0 
2 1 4 0 0 0 38 1197 0 0 0 0 
0 1 0 0 14 0 0 0 245 0 0 0 
0 0 0 0 0 407 0 0 0 0 0 0 
0 0 0 0 0 2 0 0 0 0 0 248 
0 0 0 0 0 0 268 0 0 0 0 0 
1 2 0 0 0 0 0 0 0 760 0 0 
1 0 0 0 0 0 0 0 563 0 0 0 
0 0 0 0 0 1 0 0 0 238 0 0 
0 0 2 0 4 1 0 386 5 0 0 0 
0 0 0 3 546 0 0 0 0 0 0 0 
0 0 0 0 0 276 126 6 2 0 0 0 
3 0 0 52 109 698 4 0 0 0 0 0 
83 0 0 0 218 0 0 0 6 126 10 116 
0 0 0 0 0 528 0 0 0 0 0 0 
0 0 0 0 0 0 0 0 161 0 0 0 
12 0 2 0 219 0 0 0 0 0 0 4 
0 0 9 266 0 0 0 0 0 21 31 0 
0 0 0 0 0 391 0 0 0 0 0 0 
33 0 0 0 0 154 0 0 84 0 0 4 
0 0 0 0 0 10 0 1 218 0 0 0 
0 0 0 0 435 1 0 0 0 0 0 0 
0 1 0 0 0 2 0 194 0 0 114 1 
0 0 0 0 0 0 1165 0 0 2 0 0 
0 0 0 0 0 828 0 0 0 0 0 0 
0 0 0 0 0 2 0 0 4 215 0 0 
219 0 22 0 0 0 0 0 0 0 0 0 
0 0 0 0 0 9 0 4 27 0 0 487 
0 0 0 1 0 0 0 925 0 0 0 0 
0 0 0 0 0 0 348 0 0 0 0 0 
1 4 0 16 0 0 0 0 0 275 0 0 
0 0 0 0 0 0 380 0 0 0 0 0 
0 60 0 127 0 0 0 0 0 0 0 0 
0 0 0 0 0 0 330 0 1 0 0 0 
0 0 1 0 0 0 800 0 0 0 0 0 
0 1 1 7 0 0 0 1 353 0 0 0 
392 0 0 0 0 7 0 0 1 13 51 0 
121 4 121 0 0 0 71 0 5 11 9 0 
27 0 0 0 0 0 0 0 0 0 120 146 
0 0 0 0 0 2 0 994 0 0 18 0 
0 1 0 11 338 67 0 0 0 0 0 53 
0 0 1 0 0 49 167 3 0 0 0 0 
0 0 0 0 257 70 2 0 53 95 0 0 
0 0 2 1 365 0 0 0 0 0 34 0 
0 0 0 0 0 528 0 0 0 0 0 0 
0 0 0 10 0 0 0 0 124 0 0 95 
0 0 0 0 8 763 0 26 0 0 0 0 
1 0 0 0 1322 0 1 1 0 0 0 0 
0 0 0 0 3 109 0 365 5 0 0 0 
0 0 0 0 0 0 0 0 0 0 0 192 
0 117 23 478 0 0 0 9 0 2 5 0 
8 0 6 264 0 0 1 0 0 0 0 0 
103 0 5 0 0 16 201 4 0 1 23 0 
0 0 0 1 67 0 184 0 0 85 0 155 
0 0 0 0 0 66 0 0 2 0 265 0 
0 0 0 521 0 1 0 0 0 0 0 0 
