54 0 0 0 0 30 0 6 0 0 1330 0 
0 0 0 0 306 0 0 0 0 0 0 0 
0 0 0 0 0 0 756 0 0 0 0 1 
0 783 59 0 0 0 1 0 0 0 0 0 
0 0 0 0 5 0 0 0 27 656 0 338 
0 0 0 0 0 0 0 256 0 988 0 0 
0 0 0 1 0 0 0 0 259 0 0 0 
397 0 0 0 0 0 0 0 0 0 0 0 
68 16 0 2 0 0 136 0 0 29 0 0 
0 0 0 0 0 0 0 0 0 268 0 0 
0 0 0 0 0 0 0 0 0 763 0 0 
0 0 541 0 0 11 4 0 0 0 0 7 
0 0 93 4 2 0 3 132 4 0 1 0 
0 0 0 0 0 0 397 0 1 0 0 0 
0 0 0 15 458 1 0 0 1 0 0 0 
21 0 4 0 330 2 0 3 0 27 17 4 
462 29 0 0 0 0 0 7 0 378 0 0 
0 0 0 241 0 35 0 273 0 0 10 0 
8 63 0 0 3 0 0 11 6 0 0 440 
0 0 0 0 0 0 171 0 0 0 0 0 
0 0 1 0 236 0 0 0 0 0 0 0 
241 0 0 52 0 27 0 1 0 6 0 0 
0 225 0 0 0 28 26 0 6 45 61 0 
0 24 0 21 176 0 0 0 2 0 0 0 
0 0 0 0 1 0 0 0 280 0 0 0 
4 0 0 317 193 0 0 0 0 0 0 0 
0 0 0 0 0 0 0 287 0 0 0 0 
5 1 491 0 0 1 35 20 1 615 3 2 
193 0 0 11 622 0 0 0 0 5 0 0 
218 0 0 0 0 2 1 0 0 0 0 0 
0 0 0 0 0 241 0 0 0 0 0 0 
390 0 0 57 0 0 0 0 0 80 0 0 
0 0 0 0 0 0 0 0 0 915 0 0 
0 0 0 7 39 0 21 226 0 0 38 15 
0 216 50 0 0 0 2 28 0 0 0 0 
0 0 0 0 0 0 0 0 0 0 379 0 
0 0 187 0 0 0 0 0 0 0 0 0 
273 0 24 16 0 0 0 1 0 17 0 0 
63 0 0 0 0 0 0 739 5 0 0 0 
0 0 0 0 0 0 353 0 0 0 0 0 
54 170 0 0 1 194 0 45 0 0 0 0 
0 2 0 250 95 0 0 15 4 0 0 0 
0 0 0 1 2 0 0 5 281 0 0 4 
1 0 0 0 0 0 0 926 0 0 0 0 
0 0 0 0 0 470 0 0 0 0 0 0 
0 2 0 0 0 1 180 126 0 0 0 0 
25 0 1 0 0 444 5 0 0 0 0 3 
0 0 0 1 402 0 0 0 0 0 0 0 
0 0 0 0 0 528 0 0 0 2 0 0 
0 0 0 0 0 0 0 0 6 0 0 223 
0 0 0 0 0 798 0 0 0 0 0 0 
1 0 4 113 0 1201 0 0 8 0 0 0 
0 0 0 0 0 221 0 0 261 0 0 0 
0 0 0 0 0 0 0 0 0 1 191 0 
0 0 0 0 0 630 3 0 0 0 0 0 
0 0 0 297 0 0 0 0 0 0 0 0 
0 0 0 0 0 13 5 0 5 327 3 0 
0 0 7 0 3 0 0 0 0 1 476 0 
0 3 0 30 0 103 2 40 0 142 1 12 
0 0 0 395 105 0 0 0 0 1 2 1 
