0 0 8 0 93 34 0 0 0 0 2029 2 
0 0 0 0 265 0 0 0 0 0 0 0 
0 0 0 0 0 1 741 2 0 0 0 0 
0 781 55 0 0 0 0 0 0 0 0 0 
0 0 0 0 0 0 0 1 29 685 0 327 
8 0 0 0 4 0 2 981 0 217 20 0 
0 0 0 0 0 4 0 0 255 1 0 0 
322 0 1 0 0 0 0 1 0 0 0 0 
0 18 233 0 0 0 0 0 0 6 3 0 
0 0 0 0 0 0 0 0 0 268 0 0 
0 0 0 0 0 0 0 0 0 761 0 0 
0 0 564 0 0 0 0 0 0 0 0 0 
0 0 9 26 0 0 27 20 0 37 119 1 
0 0 0 0 0 0 397 0 1 0 0 0 
0 0 2 367 215 0 0 0 0 0 0 0 
27 1 0 0 0 9 0 0 363 0 0 10 
153 4 0 0 0 0 0 13 800 6 0 1 
126 1 2 1 0 1 52 0 375 0 0 0 
0 9 13 0 0 0 0 116 0 0 0 390 
0 0 0 0 0 0 161 0 0 0 0 0 
1 0 0 0 236 0 0 0 0 0 0 0 
304 0 1 0 1 0 1 12 0 8 0 0 
0 1 0 43 0 0 0 0 147 196 7 0 
1 0 25 1 211 86 0 0 30 0 2 0 
0 0 0 0 0 0 0 0 229 0 0 0 
0 0 0 606 249 0 0 0 0 0 0 0 
1 2 0 0 0 0 0 305 3 0 0 1 
196 0 0 1 0 0 0 0 1 858 71 30 
249 0 0 6 537 0 0 0 10 0 0 0 
221 0 0 0 0 0 0 0 0 0 0 0 
0 0 0 0 0 241 0 0 0 0 0 0 
0 0 8 25 0 190 0 0 11 289 4 0 
0 0 0 0 0 0 0 0 0 958 0 0 
0 0 0 3 0 4 0 0 7 0 0 355 
7 0 0 0 0 0 0 0 95 149 30 15 
0 0 0 0 0 0 0 0 0 0 448 0 
0 0 187 0 0 0 0 0 0 0 0 0 
281 0 0 0 0 0 0 0 2 38 10 0 
63 0 0 0 0 0 9 711 0 0 0 4 
0 0 0 0 0 0 273 0 0 0 0 0 
435 0 0 0 0 0 0 1 0 0 8 1 
0 0 166 0 0 0 0 9 257 0 1 0 
0 0 4 3 0 0 0 2 300 2 1 0 
0 0 0 0 0 1 0 1009 0 0 0 0 
0 0 0 0 0 503 0 0 0 0 0 0 
0 0 0 0 0 0 91 49 0 0 0 0 
5 1 3 0 0 0 2 0 0 0 462 1 
0 0 0 0 444 0 0 0 0 0 0 0 
4 0 0 4 0 0 22 0 0 365 1 1 
0 0 0 0 0 0 0 0 6 0 0 205 
0 0 0 0 0 881 0 0 0 0 0 0 
0 0 0 0 2 1383 0 1 0 0 0 0 
0 0 0 0 0 233 0 0 249 0 0 0 
0 0 1 0 0 0 0 0 0 0 211 0 
0 0 0 0 0 631 3 0 0 0 0 0 
0 0 0 297 0 0 0 0 0 0 0 0 
0 1 230 7 1 88 2 0 0 24 0 0 
