0 0 0 0 0 54 5 0 0 0 1379 2 
0 0 0 0 307 0 0 0 0 0 0 0 
0 0 0 0 0 0 769 0 0 0 0 0 
1 791 58 0 0 0 0 0 0 0 0 1 
0 0 0 0 0 0 0 0 29 656 0 343 
0 0 0 11 0 0 0 146 4 1091 0 0 
1 0 0 26 245 2 0 8 0 0 0 0 
392 0 0 0 0 0 0 0 0 0 0 0 
175 0 25 0 1 0 0 13 0 0 0 0 
0 0 0 0 1 0 0 0 0 267 0 0 
0 0 0 0 0 0 0 0 0 758 0 0 
0 1 554 0 0 0 0 0 2 0 5 2 
36 12 0 0 39 14 0 7 0 79 52 0 
0 0 0 0 0 0 397 0 1 0 0 0 
47 0 0 1 325 10 0 0 1 78 0 11 
2 0 0 0 18 250 0 0 10 21 0 108 
455 0 0 0 49 0 9 1 0 365 0 0 
102 0 0 2 2 0 0 454 0 0 0 0 
0 0 0 0 160 0 0 1 0 292 0 8 
0 0 0 0 0 0 161 0 0 0 0 0 
0 0 0 0 237 0 0 0 0 0 0 0 
185 27 0 79 16 0 2 2 17 18 0 0 
0 0 0 0 0 0 4 1 0 7 61 318 
0 103 0 0 75 0 0 45 0 0 0 0 
0 0 0 0 0 0 0 0 281 0 0 0 
0 3 0 268 238 3 0 0 0 0 2 0 
0 0 0 0 0 0 0 274 0 2 0 11 
45 0 0 0 0 0 59 0 0 1052 0 0 
138 0 8 0 723 0 0 0 3 0 8 0 
217 0 0 0 0 0 0 0 4 0 0 0 
0 0 0 0 0 241 0 0 0 0 0 0 
1 0 0 0 157 0 133 0 138 84 0 14 
0 0 0 0 0 0 0 0 0 882 0 0 
0 0 220 0 0 0 20 10 3 118 0 0 
0 0 0 0 0 3 0 0 312 0 0 0 
0 0 0 0 0 0 0 0 0 0 377 0 
0 0 187 0 0 0 0 0 0 0 0 0 
271 0 48 0 5 5 0 0 0 0 1 0 
96 0 0 0 0 0 0 696 0 8 0 0 
0 0 0 0 0 0 395 0 0 0 0 0 
208 2 0 0 22 0 147 0 0 0 66 0 
226 0 0 0 62 0 0 0 0 0 0 78 
0 0 0 0 0 6 1 0 286 0 0 0 
0 0 0 0 0 0 0 953 0 0 0 0 
0 0 0 0 0 474 0 0 0 0 0 0 
1 0 0 0 0 0 203 98 0 0 0 0 
0 0 24 28 0 0 8 0 237 1 30 130 
0 0 0 0 392 0 4 0 0 4 2 0 
0 0 3 0 0 518 1 2 0 0 0 0 
0 0 0 0 0 0 0 0 6 0 0 215 
0 0 0 0 0 743 0 0 0 0 0 0 
0 2 0 0 3 1291 0 2 0 28 0 0 
0 0 0 0 0 232 0 0 209 0 0 0 
0 0 0 0 0 0 0 0 0 0 192 0 
0 0 0 0 0 691 1 0 0 0 0 0 
0 0 0 297 0 0 0 0 0 0 0 0 
13 0 1 15 151 0 157 0 0 1 15 0 
4 0 0 0 6 0 5 0 0 0 489 0 
251 82 1 0 0 0 3 0 0 0 0 5 
0 0 0 347 154 0 3 0 0 0 0 0 
