0 0 0 1 5 6 0 0 0 0 1410 4 
0 0 0 0 306 0 0 0 0 0 0 0 
0 0 0 0 0 0 763 0 0 0 0 1 
0 791 59 0 0 0 0 0 0 2 0 0 
0 0 0 0 0 0 0 0 20 685 0 323 
0 9 8 0 0 0 0 224 17 1003 0 2 
0 0 0 4 0 0 0 7 248 0 0 1 
397 0 0 0 0 0 0 0 0 0 0 0 
0 5 190 5 0 0 0 0 23 0 28 0 
0 0 0 0 0 0 0 0 0 268 0 0 
0 0 0 0 0 0 0 0 0 760 0 0 
0 0 560 0 0 0 2 0 0 0 0 0 
0 29 0 10 41 2 0 3 0 0 0 154 
0 0 0 0 0 0 397 0 1 0 0 0 
0 1 0 0 453 0 0 0 0 1 14 0 
4 0 0 0 0 354 1 0 18 0 32 0 
262 15 1 0 0 0 1 553 14 28 0 0 
1 549 0 0 0 0 8 0 0 0 0 2 
156 156 0 156 0 0 0 0 0 0 0 0 
0 0 0 0 0 0 161 0 0 0 0 0 
0 0 0 0 237 0 0 0 0 0 0 0 
282 2 1 0 0 0 2 0 1 3 36 0 
8 0 42 0 4 0 100 234 3 0 0 0 
1 0 154 0 0 0 0 0 0 0 48 20 
0 0 0 0 0 0 0 0 281 0 0 0 
0 0 0 330 184 0 0 0 0 0 0 0 
0 0 0 0 0 0 0 286 0 0 1 0 
2 0 0 1 0 68 2 134 0 971 0 0 
181 15 0 0 621 0 0 3 1 0 0 59 
221 0 0 0 0 0 0 0 0 0 0 0 
0 1 0 0 0 238 1 0 0 0 1 0 
0 513 0 0 8 0 0 0 0 6 0 0 
0 0 0 0 0 0 0 0 0 894 0 0 
72 37 0 0 37 23 176 0 1 0 0 0 
0 7 0 0 1 0 0 1 328 0 0 0 
1 0 0 0 0 0 0 0 0 2 370 0 
0 0 187 0 0 0 0 0 0 0 0 0 
329 0 0 0 1 0 0 0 0 0 0 0 
81 0 0 0 0 0 0 722 1 0 0 0 
0 0 0 0 0 0 363 0 0 0 0 0 
0 58 0 0 0 317 0 23 0 2 0 64 
0 339 0 7 20 0 0 0 0 0 0 0 
0 0 0 0 0 0 0 2 291 0 0 0 
0 0 0 0 0 0 0 933 0 5 0 0 
0 0 0 0 0 470 0 0 0 0 0 0 
0 0 0 0 3 0 192 108 0 0 0 0 
7 29 42 0 0 0 3 148 247 2 0 0 
0 3 0 0 398 0 0 0 0 0 1 0 
0 0 0 3 0 522 1 0 0 0 1 0 
0 0 0 0 0 0 0 0 7 0 0 214 
0 0 0 0 0 738 0 0 0 0 0 0 
0 0 1 0 0 1199 0 0 1 41 14 78 
0 0 0 0 0 239 0 0 202 0 0 0 
0 0 0 0 0 0 0 0 0 0 192 0 
0 1 0 0 0 685 3 0 2 1 0 0 
0 0 0 299 0 0 0 0 0 0 0 0 
281 0 29 0 0 0 3 2 36 1 0 1 
1 0 0 0 1 0 0 3 0 0 490 0 
0 57 1 0 1 0 2 0 174 87 0 11 
0 0 0 314 188 0 1 0 0 0 0 0 
