0 0 0 0 0 80 4 0 1 0 1338 1 
0 0 0 0 306 0 0 0 0 0 0 0 
0 0 0 0 0 0 740 0 1 0 0 1 
0 781 62 0 0 0 0 0 0 0 0 0 
0 0 0 0 0 0 0 0 39 683 0 302 
0 0 0 0 9 0 0 390 0 838 4 20 
0 0 0 0 0 0 0 0 260 0 0 0 
406 0 0 0 0 0 0 0 0 0 1 0 
0 0 0 50 0 0 95 4 0 3 0 99 
0 0 0 0 0 0 0 0 0 268 0 0 
0 0 0 0 0 0 0 0 0 763 0 0 
0 0 562 0 2 0 0 0 0 0 0 0 
16 0 196 0 4 16 0 2 0 5 0 0 
0 0 0 0 0 0 397 0 1 0 0 0 
222 2 0 184 20 0 0 0 2 0 0 59 
0 265 0 0 4 122 0 0 0 17 0 2 
837 0 6 3 0 0 1 17 0 0 0 0 
0 269 1 286 0 0 0 0 1 0 0 0 
6 0 0 15 0 7 0 24 0 216 0 261 
0 0 0 0 0 0 161 0 0 0 0 0 
0 0 0 0 237 0 0 0 0 0 0 0 
152 0 0 1 0 0 0 158 0 16 0 0 
1 0 0 0 59 0 0 0 6 0 274 51 
0 0 0 0 0 0 0 102 161 0 12 0 
0 0 0 0 0 5 0 0 222 2 0 0 
0 0 0 271 164 1 0 0 0 0 0 0 
0 0 0 0 0 6 0 296 10 0 0 0 
0 0 154 0 0 196 0 0 7 803 0 0 
280 0 0 0 553 0 0 0 0 0 0 0 
220 0 0 0 0 1 0 0 0 0 0 0 
0 0 0 0 0 241 0 0 0 0 0 0 
105 0 0 31 16 0 0 66 0 0 0 309 
0 0 0 0 0 1 0 0 0 935 0 0 
0 0 111 0 31 0 0 5 0 186 0 26 
82 0 3 0 4 0 172 18 0 0 17 0 
0 0 0 0 0 0 0 0 0 0 379 0 
0 0 187 0 0 0 0 0 0 0 0 0 
286 0 0 2 0 0 0 0 20 14 9 0 
112 0 0 0 0 1 5 664 0 4 0 1 
0 0 0 0 0 0 363 0 0 0 0 0 
0 133 0 0 6 240 0 0 85 0 0 0 
0 0 0 0 1 0 192 175 0 0 0 0 
0 0 0 0 0 3 0 2 288 0 0 0 
4 0 0 0 0 1 0 994 0 0 0 0 
0 0 0 0 0 472 0 0 0 0 0 0 
0 0 0 0 0 0 143 62 0 0 1 0 
0 164 0 1 0 2 5 0 0 34 261 10 
0 0 0 0 402 0 0 0 0 0 0 0 
84 3 143 0 132 0 0 12 0 0 35 2 
0 0 0 0 0 0 0 0 9 0 0 220 
0 0 0 0 0 913 0 0 0 0 0 0 
0 0 0 0 0 1370 2 0 11 0 2 0 
0 0 0 0 0 227 0 0 255 0 0 0 
0 0 0 0 0 0 0 0 1 1 190 0 
0 2 0 0 0 626 10 0 0 0 0 0 
0 0 0 297 0 0 0 0 0 0 0 0 
4 3 180 0 0 5 0 0 7 56 98 0 
0 0 0 0 18 0 0 0 0 0 473 0 
0 3 5 235 6 0 84 0 0 0 0 0 
0 0 0 329 171 0 0 0 6 0 0 0 
