0 0 0 8 0 63 0 13 0 0 1337 0 
0 0 0 0 306 0 0 0 0 0 0 0 
0 0 1 0 0 0 740 0 0 0 0 4 
0 789 54 0 0 0 0 0 0 0 0 0 
1 0 0 0 0 0 0 0 29 685 0 309 
0 0 0 0 0 0 0 290 0 979 0 0 
0 2 1 0 0 0 12 0 240 4 1 0 
311 0 0 0 0 0 0 0 0 0 1 0 
0 0 0 0 21 4 0 0 0 6 0 229 
0 0 0 0 0 0 0 0 0 268 0 0 
0 0 0 0 0 0 0 0 0 763 0 0 
0 0 559 1 0 1 0 0 0 0 2 0 
92 0 0 0 0 39 99 0 0 0 9 0 
0 0 0 0 0 0 397 0 1 0 0 0 
0 1 0 0 269 0 0 0 188 27 0 0 
1 196 66 0 11 0 0 0 0 124 7 0 
360 0 0 4 0 0 546 49 3 18 0 0 
0 322 0 111 0 53 0 0 45 2 26 0 
0 103 0 0 0 84 325 22 0 0 0 0 
0 0 0 0 0 0 161 0 0 0 0 0 
0 0 0 0 237 0 0 0 0 0 0 0 
246 0 0 10 0 0 2 0 0 0 69 0 
0 0 0 0 0 0 1 3 2 1 0 385 
58 95 0 0 28 1 0 0 93 0 0 0 
0 0 0 0 0 0 0 0 229 0 0 0 
0 2 0 230 204 0 0 0 0 0 0 0 
1 0 10 0 0 3 4 283 0 2 2 7 
0 0 49 0 0 663 1 0 0 440 0 0 
198 14 0 0 586 0 0 16 1 0 0 0 
221 0 0 0 0 0 0 0 0 0 0 0 
0 1 0 0 1 239 0 0 0 0 0 0 
6 372 0 0 0 1 0 0 88 16 11 33 
0 0 0 0 0 0 0 0 0 924 0 0 
0 188 0 31 5 0 0 0 0 135 0 3 
0 0 0 47 0 152 0 0 36 0 0 61 
0 0 0 0 0 0 0 0 0 0 449 0 
0 0 186 0 0 1 0 0 0 0 0 0 
300 0 0 0 30 0 0 0 0 0 0 0 
78 1 1 0 0 0 2 706 0 0 0 1 
0 0 0 0 0 0 354 0 0 0 0 0 
9 344 8 1 0 0 0 0 0 0 83 19 
289 0 6 1 0 0 0 124 5 0 5 3 
1 1 0 0 0 0 0 0 291 0 0 0 
0 0 0 0 0 0 0 1001 0 2 0 0 
0 0 0 0 0 469 0 0 0 0 1 0 
0 0 0 0 0 0 96 45 0 1 0 0 
6 0 0 0 0 0 1 0 0 0 469 0 
0 0 0 0 401 0 0 0 0 0 1 0 
1 0 0 0 264 14 0 0 0 0 137 0 
0 0 0 0 0 0 0 0 9 0 0 220 
0 0 0 0 0 914 0 0 0 0 0 0 
17 17 0 0 0 1157 30 0 0 168 0 0 
0 0 0 0 0 225 0 0 257 0 0 0 
0 0 0 0 0 0 1 0 0 0 191 0 
0 0 0 2 0 622 2 0 4 0 2 1 
0 0 0 298 0 0 0 0 0 0 0 0 
0 0 1 0 65 0 0 0 0 285 0 2 
0 0 0 0 63 1 0 0 0 0 355 1 
0 0 1 0 0 4 6 2 1 0 319 0 
0 0 0 330 174 0 0 0 1 0 0 0 
