0 0 0 3 0 28 0 0 0 0 1397 0 
0 0 0 0 306 0 0 0 0 0 0 0 
0 0 0 0 0 0 763 0 1 0 0 0 
0 782 60 0 0 1 0 0 0 0 0 0 
0 0 2 0 0 2 0 0 28 688 0 307 
0 0 0 0 0 0 0 166 2 1094 1 0 
4 0 0 0 0 0 0 5 249 0 2 0 
397 0 0 0 0 0 0 0 0 0 0 0 
0 0 0 0 140 111 0 0 0 0 0 0 
0 0 0 0 0 0 0 0 0 268 0 0 
0 0 0 0 0 0 0 0 0 763 0 0 
0 2 562 0 0 0 0 0 0 0 0 0 
12 0 0 0 0 0 0 5 0 0 0 222 
0 0 0 0 0 0 397 0 1 0 0 0 
0 44 0 52 268 0 0 0 2 119 0 0 
164 0 7 0 0 0 0 39 0 197 0 0 
843 8 0 0 0 2 0 2 0 5 15 0 
9 65 0 0 0 3 65 378 0 11 0 29 
0 0 0 331 2 0 0 65 22 39 0 8 
0 0 0 0 0 0 161 0 0 0 0 0 
0 0 0 0 237 0 0 0 0 0 0 0 
302 0 2 0 0 0 3 0 0 7 0 13 
0 0 0 0 12 5 0 0 39 335 0 0 
48 59 113 0 0 0 0 2 0 0 1 0 
0 0 0 0 0 0 0 0 281 0 0 0 
0 0 2 317 184 0 0 3 0 0 0 0 
1 0 0 0 0 0 0 278 0 8 0 0 
0 0 8 0 0 1 4 8 0 1155 0 0 
222 1 0 0 649 0 0 0 5 0 1 0 
221 0 0 0 0 0 0 0 0 0 0 0 
0 0 0 0 0 241 0 0 0 0 0 0 
0 216 0 0 0 2 0 0 0 0 0 309 
0 0 0 0 0 0 0 0 0 903 1 0 
28 0 0 31 0 24 256 0 0 0 8 0 
0 0 0 0 0 0 0 0 337 0 0 0 
0 0 0 0 0 0 0 0 0 0 373 0 
0 0 187 0 0 0 0 0 0 0 0 0 
273 0 0 3 0 0 1 0 0 0 53 0 
86 0 6 0 0 0 0 710 0 0 0 0 
0 0 0 0 0 0 362 1 0 0 0 0 
16 0 5 0 2 367 0 13 11 0 50 0 
0 311 7 36 2 0 0 0 0 10 0 0 
0 4 0 0 0 0 0 0 288 1 0 0 
0 0 0 0 0 0 0 929 0 0 0 0 
0 0 0 0 0 469 0 0 0 1 0 0 
3 0 1 0 0 0 205 93 0 0 0 0 
0 0 4 0 0 0 0 63 405 7 0 0 
0 0 0 0 400 0 0 1 0 0 0 1 
0 0 0 0 0 527 0 0 0 0 0 0 
0 0 0 0 0 0 0 0 9 0 0 220 
0 0 0 0 0 739 0 0 0 0 0 0 
0 13 1 0 27 1282 0 3 0 0 0 0 
0 0 0 0 0 246 0 0 195 0 0 0 
0 0 0 0 0 0 0 0 0 0 192 0 
0 0 0 0 0 685 3 2 0 0 2 0 
0 0 0 297 0 0 0 0 0 0 0 0 
64 0 40 43 0 0 0 19 0 0 0 187 
0 0 0 0 7 0 0 2 0 0 486 0 
0 0 0 5 0 0 2 33 0 235 58 0 
0 0 0 322 148 0 0 0 1 30 0 4 
