1 0 0 0 6 41 0 1 0 0 1375 0 
0 0 0 0 306 0 0 0 0 0 0 0 
0 0 0 0 0 0 757 0 0 0 0 0 
0 782 60 0 0 0 0 0 0 1 0 0 
3 0 0 0 0 0 0 0 28 663 0 332 
0 23 0 0 0 0 0 244 0 992 0 0 
0 0 1 0 0 0 0 0 257 0 2 0 
398 0 0 0 0 0 0 0 0 0 0 0 
0 0 0 0 1 0 1 8 0 0 241 0 
0 0 0 0 0 0 0 0 0 268 0 0 
0 0 0 0 0 0 0 0 0 763 0 0 
0 0 563 0 0 0 0 0 0 0 0 0 
6 0 60 3 0 0 0 59 0 0 0 111 
0 0 0 0 0 0 397 0 1 0 0 0 
0 0 0 0 488 0 0 0 0 0 0 0 
0 0 0 0 0 374 5 0 0 5 25 0 
204 0 3 178 78 329 0 0 80 1 0 0 
21 0 0 145 161 0 232 0 0 0 0 1 
4 0 0 431 1 0 0 46 1 0 0 46 
0 0 0 0 0 0 171 0 0 0 0 0 
0 0 0 0 235 0 0 0 0 0 0 2 
191 124 0 0 0 0 0 0 0 0 0 12 
0 0 0 382 9 0 0 0 0 0 0 0 
117 37 0 0 40 24 0 0 0 5 0 0 
0 0 0 0 0 0 0 0 281 0 0 0 
1 1 3 405 83 0 0 1 0 4 0 0 
2 0 0 0 0 0 0 285 0 0 0 0 
0 0 1 0 0 0 0 78 315 693 90 0 
150 10 0 0 658 0 1 3 2 0 7 0 
220 1 0 0 0 0 0 0 0 0 0 0 
0 0 0 0 0 241 0 0 0 0 0 0 
138 0 113 0 0 0 0 269 3 0 4 0 
0 0 0 1 0 0 0 0 0 909 0 0 
0 0 0 6 23 0 1 2 0 0 0 312 
0 4 7 64 31 17 0 169 0 0 4 0 
0 0 0 0 0 0 0 0 0 0 376 0 
0 0 187 0 0 0 0 0 0 0 0 0 
319 0 0 4 0 2 0 0 5 0 0 0 
39 2 2 0 0 0 0 746 3 10 0 0 
0 0 0 0 0 0 351 1 0 1 0 0 
0 0 34 0 2 35 0 263 0 130 0 0 
0 153 0 0 0 3 0 116 0 9 0 85 
0 0 0 0 0 0 0 0 293 0 0 0 
0 0 0 0 0 0 0 927 0 0 0 0 
0 0 0 0 0 470 0 0 0 0 0 0 
0 0 0 0 0 1 201 107 0 0 0 0 
0 1 6 0 0 12 0 0 441 18 0 0 
0 0 0 0 401 0 0 2 0 0 0 0 
0 0 0 0 0 518 0 5 1 0 0 3 
0 0 0 0 0 0 0 0 11 0 0 218 
0 0 1 0 0 797 0 0 0 0 0 0 
37 6 0 0 0 1243 20 1 5 0 18 0 
0 0 0 0 0 224 0 0 256 0 0 2 
0 0 0 0 0 0 0 0 0 0 192 0 
0 0 0 0 0 631 2 0 0 0 0 0 
0 0 0 295 0 0 0 0 0 0 2 0 
0 4 254 6 0 48 0 0 29 11 0 1 
0 0 0 0 2 0 1 0 0 0 483 0 
0 0 0 0 0 0 38 204 29 0 62 0 
0 0 0 308 182 0 4 0 9 0 0 1 
