0 0 0 0 0 1437 0 0 0 0 0 0 
0 0 2 0 0 303 0 0 0 1 0 0 
111 0 0 2 0 0 0 0 48 603 0 0 
0 30 0 706 115 0 0 0 0 0 0 0 
0 0 0 0 0 0 0 0 1027 0 0 0 
0 0 1 0 0 0 4 1239 0 0 3 2 
0 0 0 0 0 0 2 0 258 0 0 0 
0 0 0 0 0 395 0 0 0 0 0 0 
0 0 0 0 0 2 0 0 0 0 0 249 
0 0 0 0 0 0 266 2 0 0 0 0 
0 0 0 0 8 8 0 0 0 743 0 0 
0 0 0 0 0 0 0 0 564 0 0 0 
0 1 0 0 0 0 0 0 0 230 8 0 
0 0 0 0 2 0 3 381 3 1 0 8 
0 0 0 1 483 0 0 0 0 0 0 0 
18 0 0 0 13 92 219 0 0 0 44 24 
0 0 0 0 73 549 0 0 217 0 37 0 
91 0 231 5 0 3 0 0 230 0 0 0 
0 0 0 0 0 463 0 0 0 0 0 0 
0 0 0 0 0 0 0 0 161 0 0 0 
0 0 0 2 235 0 0 0 0 0 0 0 
136 23 0 0 1 23 0 0 0 0 0 144 
0 0 0 0 0 392 0 0 0 0 0 0 
1 0 0 186 0 35 0 0 0 0 1 0 
0 1 0 0 0 0 0 0 280 0 0 0 
0 0 0 0 504 0 0 0 0 0 0 2 
0 0 5 0 0 0 0 282 0 0 0 0 
0 0 0 0 0 0 1164 0 0 0 0 13 
0 0 0 0 0 879 0 0 0 0 0 0 
1 0 0 0 0 0 0 0 0 208 7 5 
0 0 21 97 2 9 0 2 110 0 0 0 
0 2 0 0 1 252 0 0 0 1 270 1 
0 0 0 0 0 1 0 901 0 0 1 0 
0 0 0 0 0 0 348 0 0 0 0 0 
8 0 0 0 0 1 2 0 0 0 0 326 
0 0 0 1 0 0 368 0 0 0 5 0 
0 55 0 132 0 0 0 0 0 0 0 0 
1 0 0 0 0 0 330 0 0 0 0 0 
0 2 0 0 0 0 794 0 0 0 0 0 
0 79 0 0 71 0 1 8 163 0 0 41 
439 0 5 0 18 0 0 1 0 1 0 0 
0 0 0 0 1 0 0 0 0 0 365 0 
34 0 0 0 0 0 0 1 0 0 113 145 
0 0 0 0 0 8 0 934 0 0 0 0 
4 0 0 0 306 79 0 0 0 0 0 81 
0 1 0 11 0 266 2 0 0 0 22 0 
32 0 2 0 0 68 116 0 2 16 0 240 
0 0 42 17 0 0 47 226 0 70 0 0 
0 0 0 0 0 525 0 0 0 0 0 0 
0 0 0 1 0 0 0 0 125 0 0 95 
0 0 6 0 0 735 1 1 0 0 0 0 
0 1 14 1 1297 8 0 0 0 3 0 0 
0 0 0 0 0 121 0 320 0 0 0 0 
0 0 0 0 0 0 0 1 0 0 0 191 
0 67 0 0 12 0 0 0 152 0 462 0 
0 0 0 288 0 0 0 1 0 0 0 0 
0 0 0 89 0 7 0 0 167 80 4 6 
0 349 0 0 0 0 0 0 45 0 0 94 
37 0 69 0 0 0 0 0 0 12 12 214 
0 0 0 508 0 0 2 0 0 1 0 0 
