0 0 0 0 1 1713 0 0 0 25 0 9 
0 2 0 0 0 303 0 1 0 0 0 0 
0 0 0 626 0 2 0 29 1 1 0 85 
0 25 0 693 125 0 0 0 0 0 0 0 
0 0 0 0 0 0 0 0 1042 0 0 0 
0 0 0 0 2 0 21 1217 15 0 0 0 
0 0 0 0 0 0 0 0 258 0 2 0 
0 0 0 0 0 323 0 0 0 1 0 0 
0 0 0 0 0 0 0 0 0 0 2 258 
0 0 0 0 0 0 265 0 0 3 0 0 
0 0 0 0 1 0 0 0 6 755 0 0 
0 0 0 0 0 0 0 0 564 0 0 0 
0 0 0 0 0 0 0 3 0 236 0 0 
0 1 0 0 0 0 0 386 2 0 0 9 
0 0 0 1 579 0 0 0 0 0 0 0 
0 0 5 0 0 367 31 3 3 0 1 0 
0 0 0 0 130 822 0 0 0 2 0 25 
13 0 0 0 257 0 0 0 3 0 287 0 
0 0 0 0 0 523 0 0 0 0 0 0 
0 0 0 0 0 0 0 0 161 0 0 0 
4 0 0 0 226 0 0 7 0 0 0 0 
79 0 235 0 0 0 0 0 0 8 0 5 
0 0 0 0 0 393 0 0 0 0 0 0 
0 0 0 14 0 0 301 0 0 32 9 0 
0 0 0 0 1 0 0 3 225 0 0 0 
1 0 0 597 254 0 0 0 0 0 0 0 
0 0 0 0 0 0 0 207 0 0 105 0 
0 0 1 0 0 1 1154 1 0 0 0 0 
0 0 0 0 0 802 0 0 0 0 0 0 
0 1 0 1 0 0 0 0 0 219 0 0 
0 97 0 0 138 0 0 0 0 6 0 0 
252 0 0 0 71 0 204 0 0 0 0 0 
0 0 0 0 0 0 0 930 0 0 0 0 
0 0 0 0 0 0 361 0 0 0 0 0 
2 3 60 0 0 0 0 0 2 228 0 1 
0 0 0 0 0 0 435 12 0 0 0 2 
0 60 0 127 0 0 0 0 0 0 0 0 
0 0 0 0 0 0 330 0 0 0 0 0 
0 1 0 0 0 0 794 0 0 0 0 0 
0 0 0 0 16 0 0 0 0 0 0 257 
457 0 0 7 0 0 0 0 0 0 0 0 
37 0 0 0 1 0 1 0 0 382 0 12 
22 0 0 0 0 0 0 0 1 0 120 150 
0 0 0 8 0 9 0 991 0 0 0 0 
0 0 0 0 286 181 0 0 0 0 3 0 
0 0 0 0 1 139 0 0 0 0 0 0 
11 247 205 0 1 0 3 8 0 0 0 0 
0 17 157 5 0 189 0 0 0 15 19 0 
0 0 0 0 0 416 0 0 0 0 0 0 
0 0 0 10 0 0 0 0 104 0 0 97 
0 0 0 0 0 914 0 0 0 0 0 0 
27 0 0 0 1329 0 8 11 2 2 4 0 
0 0 0 0 0 141 0 335 0 0 5 0 
0 0 0 0 0 0 0 0 0 0 0 192 
329 10 259 0 0 35 0 0 0 0 0 1 
2 1 0 277 0 0 0 0 1 12 4 0 
0 78 0 0 14 226 0 2 14 18 0 1 
0 36 0 44 0 344 0 0 0 1 0 6 
