0 0 9 0 0 3 1 17 0 0 1408 0 
0 0 0 0 306 0 0 0 0 0 0 0 
1 0 0 0 0 0 762 0 0 0 0 0 
0 792 59 0 0 0 0 0 0 0 0 0 
0 0 0 0 0 0 0 0 23 703 0 302 
0 6 0 0 0 0 0 267 1 981 0 0 
0 0 281 0 0 0 2 0 0 0 0 0 
389 0 0 3 0 0 1 0 0 0 0 1 
0 84 0 0 0 40 48 0 35 0 6 1 
0 0 0 0 0 0 0 0 0 268 0 0 
0 0 0 0 0 0 0 0 0 755 0 0 
0 0 559 0 0 0 0 0 2 0 3 0 
0 0 7 167 1 0 0 1 0 0 63 0 
0 0 0 0 0 0 397 0 1 0 0 0 
0 0 0 0 445 0 0 3 3 22 0 0 
5 106 28 38 7 0 83 0 0 0 0 141 
194 0 0 0 345 0 0 279 58 2 0 0 
22 33 0 1 0 195 0 0 0 11 113 185 
0 0 0 0 8 46 0 410 0 0 0 0 
0 0 0 0 0 0 161 0 0 0 0 0 
0 0 0 0 237 0 0 0 0 0 0 0 
182 0 9 0 0 136 0 0 0 0 0 0 
1 339 0 0 0 0 0 50 0 1 0 0 
0 145 0 9 0 0 2 0 0 65 2 0 
0 0 0 0 0 0 0 0 281 0 0 0 
0 0 0 333 176 1 0 0 4 0 0 0 
0 0 1 5 0 0 0 270 11 0 0 0 
0 15 0 0 0 0 123 0 0 1034 0 0 
223 0 0 0 649 0 5 0 0 0 0 0 
221 0 0 0 0 0 0 0 0 0 0 0 
0 0 0 0 0 241 0 0 0 0 0 0 
0 0 3 0 0 67 0 0 18 0 439 0 
0 0 0 0 0 0 0 0 0 890 0 0 
0 58 18 0 1 231 0 1 36 0 11 1 
0 0 0 0 1 0 0 0 314 0 0 0 
0 0 0 0 0 0 0 0 0 0 376 0 
0 0 187 0 0 0 0 0 0 0 0 0 
281 0 0 0 0 0 0 0 1 49 0 0 
49 0 1 0 0 0 0 750 0 0 0 1 
0 0 0 0 0 0 400 0 0 0 0 0 
409 0 0 0 54 0 0 0 0 0 0 1 
0 0 3 343 0 0 0 0 0 0 0 20 
0 0 0 0 0 0 0 0 293 0 0 0 
0 0 0 0 0 0 0 943 0 0 0 0 
0 0 0 0 0 474 0 0 1 0 0 0 
5 0 0 0 0 0 198 99 0 0 0 0 
0 0 10 0 1 6 166 0 0 0 274 3 
0 0 0 0 402 0 0 0 0 0 0 0 
8 0 0 2 0 519 0 0 0 0 0 0 
0 0 0 0 0 0 0 0 8 0 0 213 
0 0 0 0 0 738 0 0 0 0 0 0 
0 26 0 0 16 750 2 347 0 33 148 0 
0 0 0 0 0 241 1 0 199 0 0 0 
0 0 0 0 0 0 1 0 0 0 191 0 
0 0 0 0 0 690 2 0 0 0 0 0 
0 0 0 297 0 0 0 0 0 0 0 0 
0 2 0 0 0 19 85 217 0 30 0 0 
0 0 0 0 4 0 0 0 0 0 503 0 
0 300 0 0 0 25 0 0 17 0 0 0 
1 4 0 326 172 0 0 0 0 0 1 0 
