0 1 0 0 0 10 0 28 0 3 1706 0 
0 0 0 0 306 0 0 0 0 0 0 0 
0 0 1 0 0 0 743 0 0 0 0 0 
1 788 54 0 0 0 0 0 0 0 0 0 
0 0 1 0 0 0 0 0 30 664 0 347 
0 1 0 0 0 0 1 202 1 1050 0 0 
0 2 0 0 0 0 0 0 258 0 0 0 
324 0 0 0 0 0 0 0 0 0 0 0 
10 2 0 0 0 0 1 2 3 1 3 238 
0 0 0 0 0 0 0 0 0 267 1 0 
0 0 0 0 0 0 0 0 0 762 0 0 
0 0 560 0 0 0 0 0 0 0 4 0 
0 0 0 23 0 37 134 0 0 1 0 44 
0 0 0 0 0 0 397 0 1 0 0 0 
1 0 0 222 356 0 1 0 0 0 0 0 
280 87 13 0 0 27 3 0 0 0 0 0 
281 0 560 0 123 0 0 15 0 0 0 0 
0 141 0 0 0 24 72 251 29 0 43 0 
0 62 7 0 0 0 0 454 0 0 0 0 
0 0 0 0 0 0 161 0 0 0 0 0 
0 0 0 0 237 0 0 0 0 0 0 0 
199 0 0 0 1 0 6 86 5 26 0 4 
0 298 0 0 0 0 0 0 0 0 95 0 
0 0 211 0 0 0 1 12 19 0 0 113 
0 0 0 0 0 0 0 0 229 0 0 0 
0 1 0 612 237 0 0 0 2 0 0 0 
0 0 0 0 0 0 0 312 0 0 0 0 
4 106 35 0 0 0 1 0 0 927 76 8 
254 0 5 0 532 0 0 0 0 0 2 9 
221 0 0 0 0 0 0 0 0 0 0 0 
0 0 0 0 1 240 0 0 0 0 0 0 
0 0 0 2 0 379 23 83 2 35 3 0 
0 0 0 0 0 0 0 0 0 930 0 0 
0 0 158 0 0 2 0 0 198 0 0 3 
0 0 270 14 0 0 8 0 0 0 4 0 
0 0 0 0 0 0 0 0 0 0 449 0 
0 0 187 0 0 0 0 0 0 0 0 0 
326 0 0 0 0 2 2 0 0 0 0 0 
51 0 0 0 0 0 0 740 2 1 0 1 
0 0 0 0 0 0 273 0 0 0 0 0 
0 58 0 51 0 292 0 0 63 0 0 0 
0 33 116 84 0 0 151 0 49 0 0 0 
12 1 1 0 0 0 0 0 277 2 0 0 
0 0 0 0 0 0 0 1007 0 0 0 1 
1 0 0 0 0 469 0 0 0 0 0 0 
0 1 0 0 0 0 99 40 0 0 0 0 
183 0 0 0 57 4 0 0 0 17 214 0 
0 0 1 0 400 0 0 1 0 0 0 0 
0 1 0 1 0 1 404 0 0 9 0 0 
0 0 0 0 0 0 0 0 9 0 0 202 
0 0 0 0 0 914 0 0 0 0 0 0 
66 0 0 0 163 1153 0 0 1 0 0 0 
0 0 0 0 0 233 0 0 248 0 0 0 
0 0 0 0 0 0 0 0 0 0 192 0 
0 0 0 0 0 622 7 0 0 0 5 0 
0 0 0 297 0 0 0 0 0 0 0 0 
0 193 11 0 0 38 110 1 0 0 0 0 
0 0 0 0 22 0 0 0 1 0 407 1 
