65 3 0 38 0 3 15 0 0 0 1304 0 
0 0 0 0 305 0 0 1 0 0 0 0 
0 0 0 1 0 0 762 0 0 0 0 0 
0 784 58 0 0 0 1 0 0 0 0 0 
1 0 0 0 0 0 0 0 19 672 0 335 
0 0 0 21 0 0 0 325 0 917 0 0 
4 0 0 0 0 0 0 0 256 0 0 0 
394 0 0 0 0 0 0 0 1 0 0 0 
0 0 0 0 184 0 30 35 0 0 2 0 
0 0 0 0 0 0 0 0 0 268 0 0 
0 0 0 0 0 0 0 0 0 762 0 0 
0 0 563 0 0 0 0 0 0 0 0 0 
0 0 0 0 0 187 9 0 0 43 0 0 
0 0 0 0 0 0 397 0 1 0 0 0 
0 42 0 149 270 0 0 0 13 0 0 3 
318 0 0 0 6 58 0 0 0 0 14 13 
374 273 0 0 0 0 0 0 0 204 0 25 
43 0 28 70 0 218 25 81 86 0 0 9 
85 0 0 35 270 0 0 78 0 0 0 0 
0 0 0 0 0 0 161 0 0 0 0 0 
1 0 0 0 236 0 0 0 0 0 0 0 
326 0 0 0 0 0 0 0 1 0 0 0 
0 0 340 0 33 1 0 0 2 13 0 2 
0 0 0 0 114 0 18 89 0 1 0 1 
0 0 0 0 0 0 0 1 278 1 1 0 
0 0 0 327 187 0 0 0 0 0 0 0 
0 8 0 0 0 0 0 279 0 0 0 0 
0 0 0 0 0 0 21 0 0 1138 5 2 
355 0 0 0 533 1 1 0 0 0 0 0 
221 0 0 0 0 0 0 0 0 0 0 0 
0 0 0 0 0 241 0 0 0 0 0 0 
1 0 53 123 0 1 229 33 38 48 0 1 
0 1 0 0 0 0 0 0 0 911 0 0 
0 4 4 0 185 0 0 0 0 49 1 116 
55 0 0 10 0 212 7 0 1 11 0 0 
0 0 0 0 0 0 0 0 0 0 376 0 
0 0 187 0 0 0 0 0 0 0 0 0 
319 0 0 0 0 0 0 0 5 0 6 0 
57 0 0 0 0 0 0 741 0 0 0 0 
0 0 0 0 0 0 361 0 1 1 0 0 
0 42 62 0 0 1 81 255 0 18 0 5 
0 0 0 29 13 0 177 1 42 0 101 3 
0 0 0 1 0 0 0 0 292 0 0 0 
0 0 0 0 0 0 0 921 0 0 0 0 
0 0 0 0 0 470 0 0 0 0 0 0 
0 2 0 6 0 0 198 96 0 0 0 0 
90 0 159 0 32 0 0 0 160 5 31 0 
0 0 0 0 402 0 1 0 0 0 0 0 
0 2 1 0 0 523 0 0 0 0 0 0 
0 0 0 0 0 0 0 0 8 0 0 221 
0 0 0 0 0 798 0 0 0 0 0 0 
0 0 0 0 0 1088 237 0 0 0 0 0 
0 0 0 0 0 228 0 0 253 0 0 0 
0 0 0 0 0 0 0 0 0 0 190 2 
0 0 0 0 0 631 3 0 0 0 0 0 
0 0 0 297 0 0 0 0 0 0 0 0 
0 0 9 0 0 13 0 331 0 0 0 0 
0 0 0 0 5 0 3 0 0 0 478 0 
0 0 0 0 0 0 4 327 0 1 0 1 
0 0 0 342 155 0 2 0 0 6 0 0 
