96 0 0 0 0 1329 0 0 8 0 0 2 
0 2 0 0 1 297 6 0 0 0 0 0 
0 18 0 0 0 716 0 7 0 0 16 0 
0 23 0 702 118 0 0 0 0 0 0 0 
0 0 0 0 0 2 0 0 1026 0 0 0 
13 21 0 0 0 0 23 1189 3 0 0 0 
0 0 1 6 0 2 0 0 251 0 0 0 
0 0 0 0 0 396 0 0 0 0 0 0 
0 4 2 0 0 1 0 0 0 0 0 243 
0 0 0 0 0 0 268 0 0 0 0 0 
7 0 0 6 0 0 78 20 12 616 0 23 
0 0 0 1 0 3 0 0 557 3 0 0 
0 1 0 0 6 0 0 1 0 231 0 0 
6 0 3 0 3 0 0 383 3 0 0 0 
0 0 0 1 481 0 0 0 0 0 0 0 
21 0 0 9 1 89 256 0 0 31 0 0 
0 21 0 2 68 778 0 6 0 0 0 0 
0 0 0 0 437 0 34 14 0 46 1 28 
0 0 0 0 0 525 0 0 0 0 0 0 
0 0 0 0 0 0 0 0 171 0 0 0 
3 0 0 0 230 0 0 0 0 0 0 4 
4 0 122 0 0 0 56 0 38 0 0 107 
0 0 0 0 0 391 0 0 0 0 0 0 
97 0 43 2 13 0 2 0 19 92 2 5 
0 0 0 0 0 0 0 0 229 0 0 0 
0 0 1 0 505 0 0 0 0 0 0 0 
0 1 0 0 0 0 0 286 0 0 0 0 
0 0 0 0 0 0 1178 0 0 0 0 0 
0 0 0 0 0 827 0 0 0 0 0 0 
0 0 0 0 0 0 0 0 0 221 0 0 
31 8 183 0 5 0 0 0 0 0 14 0 
0 0 0 0 0 0 105 27 13 382 0 0 
0 0 0 0 0 0 2 910 0 0 0 0 
0 0 0 2 0 0 340 0 0 0 0 0 
8 17 9 0 4 0 0 0 0 0 51 207 
0 0 0 0 0 0 378 0 0 0 0 0 
0 57 0 129 0 0 0 0 0 0 1 0 
0 6 0 0 0 2 321 0 0 0 2 0 
0 0 0 0 0 0 805 0 0 0 0 0 
13 311 0 0 0 1 0 28 0 0 0 0 
437 0 0 25 2 0 0 0 0 0 0 0 
0 1 0 0 0 21 0 0 0 0 344 0 
37 0 0 0 2 0 0 0 0 0 123 131 
0 0 0 0 0 8 0 918 0 0 0 0 
0 0 0 0 373 100 0 0 0 0 2 0 
0 0 0 0 0 0 1 303 5 0 0 0 
0 28 0 0 63 5 0 0 0 0 377 6 
0 0 1 1 0 0 0 0 193 3 0 204 
0 0 0 0 0 530 0 0 0 0 0 0 
0 0 0 9 0 0 0 0 124 0 0 96 
0 0 11 2 0 784 0 0 0 0 0 0 
0 0 0 0 1317 0 0 0 6 0 0 0 
0 0 0 0 0 97 0 385 0 0 0 0 
0 0 0 1 0 0 0 0 0 1 0 190 
0 15 0 0 179 0 162 0 0 0 0 277 
0 1 0 290 2 0 1 0 0 3 0 0 
0 0 183 0 0 0 0 1 52 96 0 21 
1 23 3 0 227 139 0 0 93 0 0 0 
46 0 2 0 0 0 37 0 108 0 13 127 
0 0 0 501 0 0 2 0 0 1 0 0 
