2 0 5 5 185 16 0 0 0 0 1975 0 
0 1 0 0 244 0 0 0 0 0 0 0 
0 0 0 0 0 0 744 0 0 0 0 0 
0 768 66 0 0 0 0 0 0 0 1 0 
0 0 0 0 0 0 1 0 23 666 1 352 
0 0 0 0 0 7 27 836 0 361 0 0 
0 0 0 0 0 0 1 0 259 0 0 0 
188 0 0 0 0 0 0 0 0 0 0 0 
0 0 0 0 224 0 0 0 0 6 1 29 
0 0 0 0 0 0 0 0 0 268 0 0 
0 0 0 0 0 0 0 0 0 759 0 0 
0 0 563 0 1 0 0 0 0 0 0 0 
16 0 0 1 0 0 0 222 0 0 0 0 
0 0 0 0 0 0 397 0 1 0 0 0 
0 0 2 270 313 0 0 0 3 0 0 0 
0 0 0 5 304 9 0 0 0 0 92 0 
1008 0 0 0 0 1 0 0 9 0 0 97 
1 0 163 0 0 396 0 0 0 0 0 0 
0 44 0 0 0 0 17 9 455 0 0 1 
0 0 0 0 0 0 161 0 0 0 0 0 
0 0 0 0 235 2 0 0 0 0 0 0 
269 51 3 0 0 0 1 2 1 0 0 0 
0 0 0 0 2 0 0 234 0 156 0 0 
0 0 0 0 38 1 0 2 0 315 0 0 
0 0 0 0 0 0 1 0 228 0 0 0 
0 0 0 583 265 3 0 0 1 0 1 0 
0 0 1 0 0 23 5 280 0 2 0 1 
0 0 0 0 273 0 0 0 10 870 0 9 
176 0 0 0 616 0 0 0 0 5 4 0 
221 0 0 0 0 0 0 0 0 0 0 0 
0 0 0 0 0 241 0 0 0 0 0 0 
0 8 139 39 0 10 0 330 0 1 0 0 
0 0 0 0 0 0 0 0 0 967 0 0 
19 47 0 1 0 5 0 0 0 0 254 40 
66 0 0 11 22 0 0 0 197 0 0 0 
0 0 0 0 0 0 0 0 0 0 443 3 
0 0 187 0 0 0 0 0 0 0 0 0 
325 0 2 0 0 0 0 0 0 4 0 0 
63 9 0 0 10 0 0 704 0 4 0 0 
0 0 0 0 0 0 273 0 0 0 0 0 
0 1 0 4 0 234 2 0 4 1 4 195 
71 0 273 10 0 37 12 0 13 0 0 17 
0 0 0 0 9 0 1 0 302 0 0 0 
0 0 0 0 0 0 0 1001 0 0 0 0 
0 0 0 0 0 503 0 0 0 0 0 0 
0 0 0 2 0 0 101 37 0 0 0 0 
1 1 442 0 1 20 0 0 11 0 0 0 
0 0 0 0 443 1 0 0 0 0 0 0 
0 0 0 0 0 0 0 0 0 202 0 193 
0 0 0 0 0 0 0 0 7 0 0 204 
0 0 0 0 0 881 0 0 0 0 0 0 
0 0 0 124 35 1550 8 0 0 19 0 0 
0 0 0 0 0 232 0 0 249 0 0 1 
0 0 0 0 0 0 0 0 0 0 212 0 
0 0 0 0 0 628 6 0 0 0 0 0 
0 0 0 297 0 0 0 0 0 0 0 0 
