0 0 0 0 0 1436 0 0 0 0 0 1 
0 0 0 0 0 307 0 0 0 0 0 0 
0 7 0 0 20 439 26 2 0 259 1 11 
0 29 0 708 113 0 1 0 0 0 0 0 
0 0 0 0 0 0 0 0 1027 0 0 0 
0 0 0 1 2 0 20 1238 0 0 0 0 
0 0 0 0 0 2 0 0 258 0 0 0 
0 0 0 0 0 391 2 0 0 0 0 0 
0 0 0 0 1 0 0 0 0 0 0 250 
0 0 0 0 0 0 268 0 0 0 0 0 
3 4 0 0 15 0 0 3 0 731 0 0 
0 0 0 0 0 0 0 0 564 0 0 0 
0 0 0 0 0 1 0 0 0 233 3 2 
1 0 0 0 0 0 0 390 3 0 0 4 
0 0 0 1 487 0 0 0 0 0 0 0 
3 0 1 0 0 28 122 255 0 0 0 0 
0 0 0 31 189 635 25 0 0 0 0 0 
0 170 384 1 0 0 0 0 3 0 0 0 
0 0 0 0 0 465 0 0 0 0 0 0 
0 0 0 0 0 0 0 0 161 0 0 0 
0 1 0 0 233 3 0 0 0 0 0 0 
0 0 2 0 0 0 138 133 0 0 54 0 
0 0 0 0 0 391 0 0 0 0 0 0 
0 60 12 58 69 6 0 9 2 0 3 4 
0 0 0 0 0 0 0 0 281 0 0 0 
0 0 0 0 506 0 0 0 0 0 0 0 
1 0 0 0 3 0 0 283 0 0 0 0 
0 0 0 0 0 0 1159 0 9 0 24 0 
0 0 0 0 0 876 0 0 0 0 0 0 
0 0 0 0 0 0 0 0 0 217 0 4 
0 162 0 55 15 0 0 0 0 9 0 0 
125 4 0 8 0 0 0 12 1 304 73 0 
0 0 0 0 0 0 1 899 0 0 0 0 
0 0 0 0 0 0 337 0 0 0 0 0 
0 306 0 0 0 0 0 5 0 4 0 22 
0 0 0 0 0 1 374 0 0 0 0 0 
0 57 0 130 0 0 0 0 0 0 0 0 
0 1 0 0 0 0 309 0 0 0 0 20 
0 0 0 0 0 0 796 0 0 0 0 0 
0 7 1 179 0 0 40 0 4 127 0 3 
455 0 0 0 0 0 0 0 0 2 7 0 
0 0 0 0 0 0 0 0 0 0 355 11 
23 0 0 0 1 0 0 0 0 0 137 132 
1 0 0 0 0 2 0 929 0 0 0 4 
0 0 0 0 307 160 1 0 0 0 2 0 
0 0 0 0 0 302 0 0 0 0 0 0 
0 36 0 0 0 0 0 214 0 0 0 227 
0 0 0 5 0 0 117 0 0 0 280 0 
0 0 0 0 0 531 0 0 0 0 0 0 
0 0 0 1 0 0 0 0 123 0 0 97 
0 0 0 12 0 718 0 0 0 0 8 0 
4 0 2 0 1317 0 0 1 0 0 0 0 
0 0 0 9 0 81 8 343 0 0 0 0 
0 0 0 0 0 0 0 0 0 0 0 192 
0 310 0 84 0 82 7 0 0 0 208 2 
4 0 18 268 1 0 0 0 1 0 2 3 
48 11 98 10 4 0 6 7 0 0 0 169 
0 482 0 0 0 0 3 0 0 0 0 2 
0 0 13 0 0 0 0 16 0 228 0 81 
2 0 0 488 0 0 0 0 1 0 12 0 
