0 5 0 0 0 9 0 74 0 0 1349 0 
0 0 0 0 306 0 0 0 0 0 0 1 
0 0 0 0 0 1 761 0 0 0 0 2 
0 791 60 0 0 0 0 0 0 0 0 0 
0 0 0 0 0 0 0 0 28 679 0 320 
0 1 0 0 0 0 1 111 0 1139 0 0 
1 0 0 0 0 0 0 16 243 0 0 0 
392 1 1 0 0 0 0 0 0 0 0 0 
0 0 0 0 0 0 0 240 11 0 0 0 
0 0 0 0 0 0 0 0 0 268 0 0 
0 0 0 0 0 0 0 0 0 758 0 0 
0 0 555 0 0 0 9 0 0 0 0 0 
3 0 0 0 217 0 15 4 0 0 0 0 
0 0 0 0 0 0 397 0 1 0 0 0 
0 0 0 0 477 2 0 2 5 0 0 0 
0 3 4 0 0 0 42 0 1 47 47 265 
319 0 0 0 349 1 55 0 153 0 0 0 
9 0 0 1 3 443 0 0 1 0 1 101 
3 132 7 128 0 0 13 0 2 50 31 97 
0 0 0 0 0 0 161 0 0 0 0 0 
0 0 0 0 233 1 0 0 0 0 3 0 
318 0 0 0 4 5 0 0 0 0 0 0 
0 17 140 0 0 0 0 3 22 209 0 0 
0 0 0 31 0 189 0 0 0 1 2 0 
0 0 0 0 0 0 0 0 281 0 0 0 
0 0 0 324 181 0 0 0 0 1 0 0 
24 0 0 0 0 0 3 260 0 0 0 0 
333 9 4 1 0 0 0 0 0 823 1 9 
357 1 0 0 489 2 26 0 4 0 0 0 
221 0 0 0 0 0 0 0 0 0 0 0 
0 0 0 0 0 241 0 0 0 0 0 0 
9 13 1 0 0 0 0 495 0 0 0 9 
0 0 0 0 1 0 0 0 0 904 0 0 
10 0 1 90 0 0 0 0 114 126 0 0 
0 0 4 0 0 0 0 0 333 0 0 0 
0 0 0 0 0 0 0 0 0 0 374 0 
0 0 187 0 0 0 0 0 0 0 0 0 
320 3 1 0 0 0 0 1 0 0 3 2 
55 1 0 0 0 0 0 744 1 1 0 0 
0 0 0 0 0 0 363 0 0 0 0 0 
0 0 11 342 0 1 0 87 0 0 0 23 
4 6 0 0 178 74 0 0 104 0 0 0 
0 0 0 0 0 0 0 0 289 0 3 1 
0 1 0 0 0 0 0 938 0 0 0 0 
0 0 0 0 0 468 0 0 0 2 0 0 
0 0 0 0 1 0 219 82 0 0 0 0 
0 0 0 14 98 0 0 0 2 0 0 364 
0 0 0 0 399 0 0 0 0 3 0 0 
0 0 0 2 0 523 0 0 0 0 0 1 
0 0 0 0 0 0 0 0 7 0 0 214 
0 0 0 0 0 742 0 0 0 0 0 0 
0 0 8 0 0 1056 1 1 255 0 0 3 
0 0 0 0 0 236 0 0 205 0 0 0 
0 0 0 0 0 0 0 1 0 1 191 0 
0 1 0 0 0 690 1 0 0 0 0 1 
0 0 0 297 0 0 0 0 0 0 0 0 
0 4 0 7 0 0 0 0 340 2 0 0 
0 0 0 0 5 0 0 0 0 0 476 6 
2 0 0 5 0 0 0 6 0 326 0 0 
0 0 1 364 127 0 0 0 0 0 11 1 
