0 0 1 0 0 12 0 0 0 0 1421 0 
0 0 0 0 306 0 0 0 0 0 0 0 
0 0 0 0 0 0 757 0 0 0 0 0 
0 784 59 0 0 0 0 0 0 0 0 0 
0 0 0 0 0 0 0 0 33 671 0 324 
0 0 0 0 0 0 0 248 0 997 0 0 
0 0 1 0 0 0 0 0 259 0 0 0 
396 0 0 0 0 0 0 0 0 0 0 0 
0 0 0 36 0 0 80 0 0 8 0 126 
0 0 0 0 0 0 0 0 0 268 0 0 
0 0 0 0 0 0 0 0 0 763 0 0 
0 0 553 0 1 0 0 0 0 10 0 0 
0 0 187 0 0 0 9 0 1 42 0 0 
0 0 0 0 0 0 397 0 1 0 0 0 
12 0 0 0 426 0 0 0 2 41 0 1 
16 169 9 0 86 0 127 0 0 0 0 0 
454 0 0 0 0 1 1 0 0 421 0 0 
2 8 0 0 0 0 481 1 2 0 0 66 
0 0 0 0 340 4 46 75 14 0 0 46 
0 0 0 0 0 0 171 0 0 0 0 0 
0 0 0 0 237 0 0 0 0 0 0 0 
213 1 0 0 10 0 0 0 86 17 0 0 
0 98 11 4 130 12 0 5 0 0 100 31 
57 0 0 0 0 0 0 0 178 0 0 40 
0 3 0 2 0 0 0 0 224 0 0 0 
0 0 0 305 197 0 0 0 0 0 4 0 
0 0 0 0 0 5 10 270 0 0 0 2 
0 1 0 69 0 1 7 0 0 1017 1 78 
143 0 3 0 678 1 0 0 0 0 0 0 
221 0 0 0 0 0 0 0 0 0 0 0 
0 0 0 0 0 241 0 0 0 0 0 0 
6 0 0 513 0 0 0 0 0 0 8 0 
0 0 0 0 0 0 0 0 0 917 0 0 
16 4 31 40 166 0 0 0 87 1 0 0 
37 112 3 9 101 8 0 5 11 6 0 4 
0 0 0 0 0 0 0 0 0 0 378 0 
0 0 187 0 0 0 0 0 0 0 0 0 
317 1 0 9 0 0 0 0 0 4 0 0 
56 0 0 0 2 0 0 747 0 0 0 0 
0 0 0 0 0 0 353 0 0 0 0 0 
0 67 0 3 0 0 268 70 36 5 15 0 
0 0 0 1 0 0 0 353 0 12 0 0 
0 0 0 0 0 0 0 0 293 0 0 0 
0 0 0 0 0 0 0 921 0 0 4 0 
0 0 0 0 0 473 0 0 0 0 0 0 
0 0 0 0 0 0 196 107 4 2 0 0 
0 0 127 14 317 0 0 0 4 17 0 0 
0 0 0 0 402 0 0 0 0 0 0 0 
6 0 0 0 0 523 0 0 0 0 0 1 
0 0 0 0 0 0 0 0 6 0 0 223 
0 0 0 0 0 797 0 0 0 0 0 0 
0 0 0 9 0 919 370 0 0 27 0 0 
0 0 0 0 0 226 0 0 257 0 0 0 
0 0 0 0 0 0 0 0 0 0 192 0 
0 0 0 0 0 632 1 0 0 0 0 0 
0 0 1 296 0 0 0 0 0 0 0 0 
0 0 194 1 93 0 0 2 1 0 62 0 
0 0 2 1 29 0 0 0 0 0 453 1 
185 1 12 0 12 36 0 0 0 0 87 0 
0 4 0 391 97 0 0 0 12 0 0 0 
