4 0 0 0 260 1 5 0 0 0 1918 0 
0 0 0 0 244 0 0 0 1 0 0 0 
0 0 0 0 0 0 744 0 0 0 0 0 
0 773 62 0 0 0 0 0 0 0 0 0 
0 0 0 0 0 0 0 0 27 691 0 325 
0 0 0 0 0 0 0 797 0 435 0 0 
0 0 0 1 0 0 0 0 259 0 0 0 
188 0 0 0 0 0 0 0 0 0 0 0 
0 7 0 0 137 0 0 0 1 11 0 104 
0 0 0 0 0 0 0 0 0 268 0 0 
0 0 0 0 0 0 0 0 0 759 0 0 
1 0 553 1 2 0 0 0 0 6 0 1 
19 0 2 31 0 0 0 174 0 13 0 0 
0 0 0 0 0 0 397 0 1 0 0 0 
0 0 0 266 317 0 0 0 3 0 0 0 
0 9 0 0 340 4 0 0 0 0 57 0 
1075 0 22 0 0 0 2 0 6 0 0 10 
0 0 180 0 0 356 20 0 0 0 0 0 
0 29 3 0 0 0 0 58 436 0 0 0 
0 0 0 0 0 0 161 0 0 0 0 0 
0 0 0 0 236 1 0 0 0 0 0 0 
300 26 0 0 0 0 0 0 1 0 0 0 
5 0 0 0 0 0 0 86 0 301 0 0 
0 0 0 2 72 0 0 0 0 282 0 0 
0 0 0 0 0 0 0 1 228 0 0 0 
0 0 0 624 228 1 0 0 0 0 0 1 
0 0 0 0 0 12 0 299 0 1 0 0 
0 0 0 0 263 0 0 0 15 871 0 12 
233 0 0 0 540 0 0 0 0 28 0 0 
221 0 0 0 0 0 0 0 0 0 0 0 
0 0 0 0 0 239 0 0 0 0 0 2 
0 0 98 44 0 27 0 355 3 0 0 0 
0 0 0 0 0 0 0 0 0 964 0 0 
76 15 0 0 0 0 1 0 0 0 232 43 
71 0 1 0 0 30 0 1 193 0 0 0 
0 0 0 0 0 0 0 0 0 0 446 0 
0 0 187 0 0 0 0 0 0 0 0 0 
319 0 0 0 0 0 0 1 0 11 0 0 
55 0 0 0 0 0 0 723 0 12 0 0 
0 0 0 0 0 0 273 0 0 0 0 0 
0 1 1 0 0 180 0 0 12 0 18 233 
57 0 326 7 0 14 8 0 21 0 0 0 
0 0 0 0 0 0 0 0 312 0 0 0 
0 0 0 0 0 0 0 1003 0 0 0 0 
0 0 0 0 0 501 0 0 0 0 1 1 
0 0 0 0 0 0 93 47 0 0 0 0 
1 0 351 25 0 96 0 0 0 0 0 3 
0 0 0 0 443 0 0 0 1 0 0 0 
0 0 0 5 0 0 0 0 11 221 0 158 
0 0 0 0 0 0 0 0 8 0 0 203 
0 0 0 0 0 881 0 0 0 0 0 0 
5 0 1 154 0 1563 5 0 0 13 0 0 
0 0 0 0 0 223 0 0 259 0 0 0 
0 0 0 0 0 0 0 1 0 0 211 0 
0 0 0 0 0 629 5 0 0 0 0 0 
0 0 0 296 0 0 1 0 0 0 0 0 
