0 0 0 0 0 34 0 26 0 0 1686 5 
0 0 0 0 264 0 0 0 0 0 0 0 
0 0 0 0 0 0 746 0 0 0 0 0 
0 783 55 0 0 0 3 0 0 0 0 0 
0 0 1 0 0 0 0 0 22 686 0 333 
0 3 0 0 0 0 0 1149 25 49 0 0 
0 1 0 0 0 0 0 0 259 0 0 0 
324 0 0 0 0 0 0 0 0 0 0 0 
0 0 25 0 0 177 0 21 37 0 0 0 
0 0 0 0 0 0 0 0 0 268 0 0 
0 0 0 0 0 0 0 0 0 762 0 0 
0 1 557 0 0 6 0 0 0 0 0 0 
0 0 0 0 4 38 14 0 0 0 183 0 
0 0 0 0 0 0 397 0 1 0 0 0 
0 0 0 322 247 0 10 0 0 0 0 0 
3 17 0 84 7 0 94 0 0 0 17 187 
42 0 25 0 0 8 0 0 902 0 0 0 
0 0 0 51 0 152 69 0 50 0 0 238 
297 0 3 0 0 0 0 8 4 0 0 216 
0 0 0 0 0 0 161 0 0 0 0 0 
0 0 0 1 235 0 0 0 0 0 1 0 
234 0 0 0 70 23 0 0 0 0 0 0 
0 212 3 0 0 0 30 0 36 113 0 0 
2 0 62 0 0 26 0 0 0 262 0 4 
0 0 0 0 0 0 0 0 229 0 0 0 
0 0 0 666 188 0 0 0 0 0 0 0 
0 14 0 0 4 0 0 294 0 0 0 0 
0 5 0 0 0 80 0 0 13 1054 0 0 
179 0 0 0 626 4 0 0 0 0 0 0 
221 0 0 0 0 0 0 0 0 0 0 0 
0 0 0 0 0 241 0 0 0 0 0 0 
0 0 0 4 60 0 1 0 0 462 0 0 
0 0 0 0 0 0 0 0 0 956 0 0 
11 2 0 1 0 0 0 0 36 0 0 320 
0 0 3 0 0 0 258 0 0 35 0 0 
0 0 0 0 0 0 0 0 0 0 448 1 
0 0 186 0 0 0 0 0 0 0 1 0 
319 7 0 0 0 0 0 0 0 4 0 0 
65 0 0 0 3 0 0 722 2 0 0 0 
0 0 0 0 0 0 273 0 0 0 0 0 
78 0 27 0 0 0 0 25 315 0 0 0 
6 1 0 0 0 81 191 107 0 0 47 0 
0 0 0 0 0 0 0 0 312 0 0 0 
0 0 3 0 0 0 0 1009 0 0 0 0 
0 0 0 0 0 469 0 0 1 0 0 0 
0 0 0 0 0 0 89 51 0 0 0 0 
0 425 49 1 0 0 0 0 0 0 0 0 
0 0 5 0 438 0 0 0 0 0 1 0 
0 0 0 1 0 0 0 0 14 0 384 0 
0 0 0 0 0 0 0 0 6 0 0 205 
0 0 0 0 0 914 0 0 0 0 0 0 
0 3 0 4 0 1329 0 0 0 0 0 48 
0 0 0 0 0 235 0 0 247 0 0 0 
0 0 0 0 0 0 0 0 0 6 207 0 
0 0 0 0 0 629 4 0 0 0 0 0 
0 0 0 296 0 0 0 0 0 0 0 1 
0 96 25 1 9 0 8 131 7 56 19 1 
0 0 0 0 35 0 0 0 0 2 373 0 
