0 3 0 0 0 9 7 8 0 0 1410 0 
0 0 0 0 306 0 0 0 0 0 0 0 
0 0 0 0 0 0 765 0 0 0 0 0 
0 787 64 0 0 0 0 0 0 0 0 0 
0 0 0 0 0 0 0 1 30 665 0 330 
0 0 0 0 0 0 0 248 13 1008 0 0 
0 0 3 0 0 0 0 2 255 0 0 0 
394 0 0 0 0 0 0 1 0 0 0 0 
102 0 52 0 0 0 0 0 14 11 72 0 
0 0 0 0 0 0 0 0 0 268 0 0 
0 0 0 0 0 0 0 0 0 758 0 0 
0 0 563 0 0 0 0 0 0 0 0 0 
14 1 0 0 0 0 0 50 48 0 126 0 
0 0 0 0 0 0 397 0 1 0 0 0 
35 0 0 208 222 0 0 0 4 0 6 0 
0 21 0 0 0 374 8 2 4 0 0 0 
273 327 153 0 0 0 39 50 0 23 2 9 
0 414 0 146 0 0 0 0 0 0 0 0 
0 0 2 184 0 0 198 75 0 0 6 2 
0 0 0 0 0 0 161 0 0 0 0 0 
0 0 0 0 237 0 0 0 0 0 0 0 
218 4 0 0 0 0 0 103 2 0 0 0 
0 75 8 0 1 0 0 264 41 0 2 0 
0 3 2 185 0 0 0 0 0 0 1 32 
0 0 0 0 4 0 0 0 277 0 0 0 
1 1 0 358 141 0 0 0 0 13 0 0 
1 3 0 0 0 0 0 245 0 36 2 0 
75 2 0 56 0 0 0 42 6 1002 0 0 
168 0 0 0 713 0 0 0 0 0 0 0 
218 0 0 0 0 0 0 0 0 0 3 0 
0 0 0 0 0 241 0 0 0 0 0 0 
0 193 0 0 0 21 44 269 0 0 0 0 
0 0 0 0 0 0 0 0 0 889 0 0 
0 105 0 0 0 54 0 85 27 5 0 64 
0 2 0 0 0 0 0 0 335 0 0 0 
0 0 0 0 0 0 0 0 0 0 376 0 
0 0 187 0 0 0 0 0 0 0 0 0 
290 0 0 0 0 4 0 0 0 36 0 1 
80 0 0 0 0 2 0 719 1 0 0 0 
0 0 0 0 0 0 363 0 0 0 0 0 
0 0 59 0 1 0 0 256 0 0 1 147 
0 76 0 3 0 21 0 1 0 0 265 0 
2 0 0 0 0 0 1 0 290 0 0 0 
0 2 4 0 0 0 0 933 0 0 0 0 
0 0 0 0 0 470 0 0 0 0 0 0 
1 0 0 0 0 0 212 86 2 0 0 1 
0 0 62 0 37 10 0 365 0 0 3 0 
0 0 0 0 399 2 0 0 0 1 0 0 
7 0 0 0 0 521 0 0 0 0 0 0 
0 0 0 0 0 0 0 0 8 0 0 213 
0 0 0 0 0 738 0 0 0 0 0 0 
0 0 18 0 0 1262 0 3 0 45 0 0 
0 0 0 0 0 239 0 0 202 0 0 0 
0 0 0 0 1 0 0 0 0 0 191 0 
0 0 0 0 0 688 4 0 0 0 0 0 
1 0 0 297 0 0 0 0 0 0 0 0 
0 0 0 2 0 0 351 0 0 0 0 0 
0 0 0 12 11 0 0 0 0 0 462 0 
63 0 0 7 0 136 0 0 119 8 0 0 
1 0 1 307 189 0 0 0 0 0 6 0 
