0 0 4 0 0 5 0 0 38 4 1381 0 
0 0 0 0 305 0 0 0 0 1 0 0 
0 0 0 0 0 0 758 0 0 0 0 0 
0 776 67 0 0 0 0 0 0 0 0 0 
0 0 0 0 0 0 0 0 36 666 0 326 
0 0 0 0 0 0 0 363 0 867 9 0 
0 0 0 0 3 0 0 2 254 1 0 0 
395 0 0 0 0 0 0 0 2 0 0 0 
2 0 0 0 0 0 223 1 20 0 0 4 
0 0 0 0 0 0 0 0 0 268 0 0 
0 0 0 0 0 0 0 0 0 763 0 0 
0 0 559 1 0 0 0 4 0 0 0 0 
0 0 20 0 6 0 4 0 208 1 0 0 
0 0 0 0 0 0 397 0 1 0 0 0 
0 0 0 134 327 0 8 0 0 1 2 7 
0 0 0 1 389 0 0 7 6 3 0 0 
815 0 15 0 9 1 0 0 0 15 0 20 
5 0 24 1 1 2 491 0 10 26 0 0 
170 139 54 32 0 0 0 0 1 50 37 45 
0 0 0 0 0 0 171 0 0 0 0 0 
0 0 0 0 235 0 0 2 0 0 0 0 
278 0 29 0 0 0 1 16 0 3 0 0 
210 1 0 0 0 29 0 0 150 0 0 1 
10 9 0 0 0 0 0 126 0 0 0 130 
0 0 0 0 2 0 0 0 226 0 1 0 
0 2 0 314 185 0 0 0 0 0 5 0 
0 0 0 0 0 0 0 310 1 0 0 1 
0 16 6 0 0 2 0 10 6 1134 4 0 
273 0 0 0 553 0 0 0 0 0 1 0 
221 0 0 0 0 0 0 0 0 0 0 0 
0 0 0 0 0 241 0 0 0 0 0 0 
0 216 0 310 1 0 0 0 0 0 0 0 
0 0 0 0 0 0 0 0 1 925 0 0 
0 0 0 13 226 88 0 0 0 13 0 0 
2 0 139 0 3 0 0 22 114 0 15 1 
0 0 0 0 0 0 0 0 0 0 379 0 
0 0 187 0 0 0 0 0 0 0 0 0 
314 7 0 0 5 0 0 0 0 0 4 0 
134 0 9 0 0 0 0 659 0 0 0 0 
0 0 0 0 1 0 352 0 0 0 0 0 
0 0 0 0 98 1 2 62 300 0 1 0 
0 110 0 0 2 1 0 216 1 0 11 0 
0 0 0 0 0 0 0 0 287 5 0 1 
0 0 0 0 0 0 0 1011 0 2 0 0 
0 2 0 0 0 472 1 0 0 0 0 0 
1 0 0 0 0 0 139 75 0 6 0 0 
0 77 155 7 99 0 136 0 0 6 0 0 
0 0 0 0 402 0 0 0 0 0 0 0 
0 1 0 0 0 525 0 0 0 0 3 0 
0 0 0 0 0 0 0 0 6 0 0 223 
0 0 0 0 0 797 0 0 0 0 0 0 
0 0 0 0 0 1260 1 0 0 60 0 0 
0 0 0 0 0 236 0 0 246 0 0 0 
0 1 0 0 0 0 0 0 0 0 191 0 
0 0 0 0 0 630 3 0 0 0 0 0 
0 0 0 297 0 0 0 0 0 0 0 0 
0 0 20 92 240 0 0 0 1 0 0 0 
5 0 0 0 32 0 0 0 0 3 447 4 
0 1 1 165 143 0 20 0 0 3 0 0 
29 0 0 350 119 0 5 1 0 0 0 0 
