0 0 0 3 0 1869 0 2 0 8 0 462 
0 0 0 0 0 201 0 3 0 0 0 0 
0 0 0 1 0 747 2 0 52 0 0 0 
0 26 0 662 115 0 0 0 100 0 0 0 
0 0 0 0 0 0 0 0 1036 0 0 27 
0 0 0 0 7 0 39 1283 0 0 0 0 
0 0 0 0 0 0 1 0 256 0 2 0 
0 0 1 0 0 187 0 0 0 0 0 0 
0 0 0 0 0 0 0 3 0 0 0 287 
0 0 0 0 0 0 268 0 0 0 0 0 
0 0 0 0 0 57 0 0 0 704 0 0 
0 116 0 0 0 0 1 0 491 0 0 0 
0 0 0 0 0 0 0 0 0 243 0 0 
1 0 0 5 0 0 0 385 1 1 5 0 
0 0 0 1 584 0 0 0 0 0 0 0 
0 41 0 0 14 120 144 88 0 3 0 0 
1 0 20 0 13 1100 1 0 0 0 0 0 
3 104 0 346 0 0 0 0 2 96 9 0 
0 0 0 0 0 897 0 0 0 0 0 0 
0 0 0 0 0 0 0 0 161 0 0 0 
0 0 0 0 236 0 0 0 0 0 1 0 
0 0 0 0 0 324 0 1 0 0 2 0 
0 0 0 0 0 391 0 0 0 0 0 0 
0 35 0 218 24 0 0 78 0 0 0 1 
1 0 0 0 0 0 6 0 589 0 0 0 
0 0 0 0 117 16 1 8 97 0 23 4 
0 0 5 655 205 3 0 0 0 0 0 0 
0 0 0 0 0 0 20 218 0 63 0 0 
0 0 0 0 0 511 0 0 1 0 1 0 
0 0 1 1 0 0 0 214 0 0 96 0 
2 0 0 0 0 2 1149 0 0 0 3 0 
0 0 0 0 0 825 0 0 0 0 0 0 
0 0 0 71 0 0 0 0 0 425 0 11 
2 11 2 0 17 0 0 144 3 0 0 62 
0 0 0 0 0 0 187 331 0 7 0 2 
0 0 0 0 0 0 0 896 0 0 0 0 
0 0 0 0 0 0 366 0 0 0 0 0 
0 5 0 0 2011 2 5 6 0 0 0 0 
0 0 0 0 0 0 362 1 0 0 0 105 
0 0 0 143 0 0 0 0 0 0 0 0 
0 0 3 0 0 0 317 11 0 0 0 0 
0 0 0 0 0 0 784 0 0 0 0 0 
3 0 3 0 1 257 10 0 0 0 0 0 
74 0 0 0 4 0 1 0 0 0 0 54 
1 21 0 181 0 0 0 0 25 0 201 20 
199 60 1 0 0 1 0 0 1 4 0 166 
0 0 0 0 0 0 1 0 0 0 82 96 
0 4 0 0 0 198 0 1270 0 0 0 0 
2 0 0 0 320 180 1 0 0 0 0 0 
81 0 0 10 0 0 0 214 0 2 0 0 
0 0 0 0 0 0 0 0 47 0 0 94 
0 0 0 0 1 138 0 0 0 0 0 1 
193 60 0 0 0 0 0 16 0 1 207 0 
16 0 0 0 0 0 0 0 0 14 0 113 
