0 0 0 3 0 9 0 88 1 0 1644 1 
0 0 0 0 305 1 0 0 0 0 0 0 
0 0 0 0 0 0 744 0 0 1 0 0 
0 764 79 0 0 0 0 0 0 0 0 0 
0 0 0 0 0 0 0 0 23 689 0 330 
0 0 0 0 1 0 0 738 0 496 0 0 
0 0 0 0 5 0 0 0 255 0 0 0 
322 0 0 0 0 0 0 0 0 0 0 2 
5 32 67 40 0 0 0 0 109 0 7 0 
0 0 0 0 0 0 0 0 0 268 0 0 
0 0 0 0 0 0 0 0 0 760 0 0 
0 2 550 1 0 0 7 3 0 0 1 0 
54 0 167 0 0 0 9 0 0 0 0 9 
0 0 0 0 0 0 397 0 1 0 0 0 
0 2 0 317 251 0 6 0 0 1 0 0 
372 0 4 17 2 0 2 6 4 0 0 1 
476 0 128 0 0 3 0 0 0 370 0 0 
0 0 0 0 146 0 220 0 0 0 193 1 
401 0 0 1 0 3 0 0 0 0 122 0 
0 0 0 0 0 0 161 0 0 0 0 0 
0 0 0 0 233 4 0 0 0 0 0 0 
231 12 19 7 14 3 0 0 0 11 0 30 
0 371 0 8 0 0 0 0 0 2 12 0 
0 0 0 0 342 3 0 0 11 0 0 0 
0 0 1 0 0 2 0 0 224 0 2 0 
0 0 1 539 314 0 0 0 2 0 0 0 
0 3 4 0 0 0 0 294 11 0 0 0 
0 0 34 0 0 62 0 0 0 1031 0 43 
202 1 0 2 601 0 0 0 0 0 0 0 
221 0 0 0 0 0 0 0 0 0 0 0 
0 0 0 0 1 240 0 0 0 0 0 0 
0 87 162 0 0 0 12 37 28 164 37 0 
0 0 0 0 1 0 0 0 0 947 0 0 
317 0 31 0 0 0 0 0 0 9 0 0 
0 4 0 186 0 30 69 0 7 0 0 0 
0 0 0 0 0 0 0 0 0 0 450 0 
0 0 187 0 0 0 0 0 0 0 0 0 
322 0 0 0 7 0 0 0 0 1 0 0 
79 0 0 0 4 0 0 685 4 13 3 0 
0 0 0 0 0 0 273 0 0 0 0 0 
6 8 13 0 0 23 0 0 414 0 0 0 
0 0 0 0 0 0 0 313 13 107 0 0 
0 0 0 0 2 0 2 3 286 0 0 0 
0 0 0 0 0 0 0 1011 0 0 0 0 
0 2 0 0 0 468 0 0 0 0 0 0 
0 0 0 0 0 0 96 44 0 0 0 0 
210 0 0 0 67 197 3 0 0 0 0 0 
0 0 0 0 402 0 0 0 0 0 0 0 
0 93 4 5 0 0 20 0 0 0 287 0 
0 0 0 0 0 0 0 0 6 0 0 205 
0 0 0 0 0 914 0 0 0 0 0 0 
0 0 0 1 0 1257 0 0 0 2 4 119 
0 0 0 0 0 238 0 0 244 0 0 0 
0 0 0 0 0 0 0 0 0 0 192 0 
0 0 0 0 0 626 7 0 0 0 0 0 
0 0 0 297 0 0 0 0 0 0 0 0 
0 211 0 0 0 0 132 0 0 0 10 0 
0 0 0 0 58 0 0 0 0 0 369 3 
