0 0 0 0 0 5 0 3 0 0 1401 3 
0 0 1 0 305 0 0 0 0 0 0 0 
0 0 1 0 0 0 743 1 0 0 1 0 
0 779 63 0 0 1 0 0 0 0 0 0 
0 0 0 0 0 0 0 0 31 678 0 315 
0 0 0 0 19 0 0 356 0 881 8 0 
0 0 2 0 0 0 0 0 245 12 0 1 
405 0 0 0 0 2 0 0 0 0 0 0 
4 0 1 0 21 0 0 119 0 34 68 4 
0 0 0 0 0 0 0 0 0 268 0 0 
0 0 0 0 0 0 0 0 0 761 0 0 
0 0 552 0 0 0 0 0 0 6 5 0 
37 0 0 25 0 93 56 0 0 0 0 27 
0 0 0 0 0 0 398 0 1 0 0 0 
351 0 0 135 0 0 9 0 0 0 1 0 
0 296 4 1 5 78 0 24 0 1 0 0 
837 0 1 0 0 25 0 0 2 0 0 0 
0 0 0 525 4 0 0 0 0 2 0 26 
0 6 0 0 7 1 0 178 6 135 1 199 
0 0 0 0 0 0 161 0 0 0 0 0 
0 0 0 0 237 0 0 0 0 0 0 0 
255 2 0 0 2 0 0 41 6 0 21 0 
0 0 0 0 0 2 0 0 45 3 341 0 
43 0 0 3 0 0 0 4 224 0 0 1 
0 0 1 3 0 0 0 0 225 0 0 0 
0 0 0 253 176 0 0 0 1 0 0 0 
0 0 0 0 1 0 0 311 0 0 0 0 
0 556 0 0 18 171 0 0 0 408 11 0 
149 0 6 0 651 12 1 0 19 0 0 0 
221 0 0 0 0 0 0 0 0 0 0 0 
0 0 0 0 1 240 0 0 0 0 0 0 
0 0 111 0 207 156 0 0 2 0 0 51 
0 0 0 0 0 0 0 0 0 926 0 0 
0 4 0 74 0 0 122 0 7 6 0 146 
0 38 0 0 0 3 63 0 0 190 0 2 
0 0 0 0 0 0 0 0 0 0 378 0 
0 0 187 0 0 0 0 0 0 0 0 0 
330 0 0 0 0 0 0 0 0 0 0 0 
46 0 0 0 0 0 0 744 0 0 0 0 
0 0 0 0 0 0 362 0 0 1 0 0 
2 2 21 0 0 379 1 1 54 0 3 1 
2 30 0 35 1 25 0 104 0 141 1 3 
0 0 0 0 1 0 1 0 290 0 0 1 
0 0 0 0 1 0 0 1003 0 0 0 0 
0 0 0 0 0 475 0 0 0 0 0 0 
0 0 0 0 0 0 145 87 0 0 0 0 
4 0 102 253 0 95 0 0 0 0 16 8 
4 0 0 1 398 0 0 0 0 0 0 0 
0 3 223 85 23 34 18 6 0 1 14 4 
0 0 0 0 0 0 0 0 11 0 0 218 
0 0 0 0 1 913 0 0 0 0 0 0 
0 0 0 0 0 1367 0 0 0 13 0 0 
0 0 0 0 0 229 0 0 253 0 0 0 
0 0 0 0 0 0 0 0 0 0 192 0 
0 0 0 0 0 631 2 0 0 0 0 0 
0 0 1 295 0 0 0 1 0 0 0 0 
15 63 194 0 10 10 0 59 0 0 2 0 
0 0 0 0 12 0 0 0 0 0 480 0 
0 0 1 0 154 8 4 0 27 0 126 13 
0 0 0 325 162 0 0 0 0 19 1 0 
