0 0 3 0 0 1422 1 0 2 0 5 0 
0 0 0 0 0 301 5 0 0 0 0 0 
5 0 15 9 1 720 5 1 0 0 0 0 
1 32 0 682 128 0 0 0 0 0 0 0 
0 0 0 0 0 0 0 0 1027 1 0 0 
0 0 0 0 1 0 46 1194 0 0 1 0 
0 0 0 0 0 5 0 0 255 0 0 0 
2 0 0 0 0 390 0 0 0 0 0 0 
0 0 0 0 1 0 0 0 0 0 0 249 
2 0 0 0 3 0 262 1 0 0 0 0 
0 12 0 0 0 0 0 0 0 751 0 0 
0 7 0 0 0 0 0 0 557 0 0 0 
0 0 0 0 0 1 11 0 0 227 0 0 
2 0 0 0 0 2 0 389 4 1 0 0 
0 0 0 1 467 0 0 0 0 0 0 0 
165 3 9 138 0 44 50 0 0 0 0 0 
3 0 0 0 138 703 0 1 17 0 6 13 
0 0 65 0 0 0 0 0 0 494 0 0 
0 0 0 0 0 529 0 0 0 0 0 0 
0 0 0 0 0 0 0 0 171 0 0 0 
0 0 0 0 214 17 0 0 6 0 0 0 
2 0 1 0 0 0 0 0 0 91 1 232 
0 0 0 0 0 391 0 0 0 0 0 0 
1 0 0 0 0 0 0 0 36 6 232 0 
0 0 0 0 1 0 0 0 228 0 0 0 
0 0 0 0 514 0 0 0 0 0 0 0 
0 2 0 0 0 0 0 229 0 3 78 0 
0 0 0 0 19 0 1155 2 0 0 0 0 
0 0 0 0 0 824 1 0 0 0 0 0 
0 0 0 0 0 0 0 0 2 214 1 4 
96 0 6 0 34 0 0 0 0 1 104 0 
0 0 8 0 0 0 0 28 140 0 351 0 
0 0 2 1 0 0 0 926 0 0 0 0 
0 0 1 0 0 0 341 0 0 0 0 0 
0 3 10 0 6 0 151 0 0 120 0 6 
0 0 0 0 0 4 372 0 1 0 0 0 
0 57 0 130 0 0 0 0 0 0 0 0 
0 0 7 0 0 0 297 0 0 23 3 0 
0 0 0 0 0 0 800 0 0 0 0 0 
0 107 0 98 0 0 2 0 93 46 0 7 
414 0 0 0 0 0 0 2 0 0 48 0 
0 0 4 0 225 0 67 0 0 0 45 0 
31 0 0 0 0 0 0 0 0 0 131 131 
5 0 0 0 0 21 0 985 0 0 0 0 
45 9 0 10 201 209 0 1 0 0 0 0 
2 0 0 0 0 27 0 186 0 0 0 5 
0 475 0 0 1 0 0 0 1 0 0 0 
18 343 0 0 0 0 0 0 0 11 30 0 
0 0 0 0 0 529 0 0 0 0 0 0 
0 0 0 9 0 0 0 0 123 0 0 97 
0 0 0 52 0 743 2 0 0 0 0 0 
0 14 0 3 1291 0 1 0 0 10 6 0 
0 0 0 0 0 90 0 390 1 2 0 0 
0 0 0 0 0 0 3 0 0 0 0 189 
0 0 63 89 44 316 51 0 41 0 0 30 
0 0 1 295 0 0 0 1 0 0 0 0 
79 0 0 30 0 1 215 0 10 18 0 0 
32 235 8 0 173 1 0 0 0 42 0 0 
0 161 143 0 0 0 0 0 0 29 0 0 
0 0 0 503 0 1 0 0 0 0 0 0 
