1 0 0 0 3 1425 0 1 0 0 0 0 
0 0 0 0 0 306 0 0 0 0 0 0 
0 0 1 0 2 738 1 0 0 0 15 0 
0 25 0 694 124 0 0 0 0 0 0 0 
2 0 0 0 0 0 0 0 1024 0 0 0 
0 0 0 0 0 0 31 1219 0 0 0 4 
0 1 9 0 0 0 12 0 237 0 0 1 
0 0 0 0 0 388 1 0 0 0 0 0 
0 0 0 0 0 1 0 0 0 0 0 250 
0 0 0 0 0 1 267 0 0 0 0 0 
0 0 0 0 0 0 0 2 1 727 33 0 
0 0 0 0 0 0 0 0 563 0 0 0 
1 0 0 0 0 0 4 0 0 234 0 0 
0 0 0 5 2 0 5 374 12 0 0 0 
0 0 0 1 488 0 0 0 0 0 0 0 
0 8 1 0 19 24 325 1 0 1 0 30 
2 2 0 0 149 732 0 0 1 0 0 0 
18 0 0 231 1 0 1 9 196 104 0 0 
0 0 0 0 0 528 0 0 0 0 0 0 
0 0 0 0 0 0 0 0 171 0 0 0 
0 0 6 0 205 26 0 0 0 0 0 0 
7 319 0 0 0 0 0 0 0 1 0 0 
0 0 0 0 0 391 0 0 0 0 0 0 
115 0 1 0 3 0 103 0 0 0 1 0 
0 0 0 2 2 0 1 0 273 0 3 0 
0 0 0 0 496 0 0 0 0 0 2 0 
3 0 0 4 0 0 0 280 0 0 0 0 
17 0 0 0 0 0 1161 0 0 0 0 0 
0 0 0 0 0 825 0 0 0 0 0 0 
0 1 1 2 0 0 0 3 0 214 0 0 
1 0 0 0 2 0 138 10 42 48 0 0 
1 0 177 0 0 140 0 202 0 3 4 0 
0 0 0 0 1 0 0 905 0 0 0 0 
0 0 0 0 0 0 342 0 0 0 0 0 
45 168 0 0 0 2 81 0 0 0 0 0 
0 0 8 0 0 0 369 0 0 0 0 0 
0 58 0 128 1 0 0 0 0 0 0 0 
0 5 0 0 0 0 323 0 0 0 2 0 
0 0 0 0 0 0 806 0 0 0 0 0 
0 0 0 0 0 0 53 0 3 154 143 0 
457 0 0 0 0 0 0 0 1 0 0 6 
0 3 0 2 0 0 0 0 1 2 358 0 
17 0 0 0 1 0 0 0 0 0 138 137 
0 0 0 0 0 7 0 922 0 0 0 0 
0 0 19 14 289 135 0 0 11 0 0 2 
0 0 0 0 309 0 0 0 0 0 0 0 
0 1 0 146 0 61 0 263 0 0 6 0 
201 23 0 0 1 0 0 0 0 0 1 177 
0 0 0 0 0 528 0 0 0 0 0 0 
0 0 0 9 0 0 0 0 125 0 0 95 
6 2 0 0 2 717 0 1 0 0 0 70 
0 1 0 0 1313 0 0 0 3 0 12 0 
0 0 0 0 0 94 0 388 0 0 0 0 
0 0 0 0 0 0 0 0 0 0 0 192 
32 0 0 0 0 0 2 11 0 0 588 0 
0 6 0 291 0 0 0 0 0 0 0 0 
84 0 0 0 0 0 18 3 0 194 5 49 
0 2 0 0 0 38 378 0 27 41 0 0 
0 25 0 302 0 0 0 0 0 6 0 0 
0 0 1 502 1 0 0 0 0 0 0 0 
