0 0 0 0 0 1 0 0 29 0 1397 0 
0 0 0 0 306 0 0 0 0 0 0 0 
0 0 0 0 0 0 756 0 0 0 0 0 
0 793 50 0 0 0 0 0 0 0 0 0 
0 0 0 0 0 0 0 0 30 666 0 327 
0 0 0 0 0 0 0 316 0 925 2 0 
2 0 0 0 0 0 0 0 258 0 0 0 
407 0 0 0 0 0 0 0 0 0 0 0 
6 173 0 6 25 0 2 0 39 0 0 0 
0 0 0 0 0 0 0 0 0 268 0 0 
0 0 0 0 0 0 0 0 0 762 0 0 
0 0 563 1 0 0 0 1 0 0 0 0 
0 0 0 0 25 0 22 0 181 9 0 2 
0 0 0 0 0 0 397 0 1 0 0 0 
0 0 0 1 0 0 0 0 13 523 2 7 
10 361 4 0 9 4 0 20 0 1 0 0 
577 156 0 4 23 0 0 2 0 0 27 76 
0 0 0 558 0 0 1 0 0 0 0 0 
2 0 395 1 0 0 122 0 5 0 0 5 
0 0 0 0 0 0 161 0 0 0 0 0 
0 0 0 0 237 0 0 0 0 0 0 0 
322 0 0 0 0 0 0 5 0 0 0 0 
0 0 0 57 1 0 33 0 0 82 0 218 
0 0 0 0 0 275 0 0 0 0 0 0 
1 0 0 0 0 0 0 0 227 1 0 0 
0 0 0 249 184 2 0 1 0 0 0 0 
13 2 0 2 0 0 21 274 0 0 0 0 
14 0 7 64 156 0 173 44 0 627 71 0 
119 0 0 3 706 0 0 0 0 0 0 0 
220 0 0 0 0 0 0 1 0 0 0 0 
0 0 0 0 0 241 0 0 0 0 0 0 
0 0 335 65 10 0 0 0 0 19 98 0 
0 0 0 0 0 0 0 0 0 938 0 0 
31 0 0 61 0 0 0 5 0 212 58 0 
0 147 0 50 0 0 1 0 93 0 0 5 
0 0 0 0 0 0 0 0 0 0 379 0 
0 0 187 0 0 0 0 0 0 0 0 0 
323 2 0 0 0 0 0 3 0 3 0 0 
81 0 0 0 0 0 2 713 0 0 0 0 
0 0 0 0 0 0 363 0 0 0 0 0 
0 0 0 6 0 0 0 0 351 1 104 2 
0 0 76 90 0 0 1 0 58 0 0 117 
0 0 7 0 0 0 0 0 286 0 0 0 
0 0 3 2 0 0 0 1002 0 0 0 0 
0 0 0 0 0 470 0 0 0 0 0 0 
0 0 0 0 0 0 138 81 0 0 1 0 
141 0 2 0 0 0 286 0 46 0 0 3 
0 0 0 0 400 0 0 0 1 0 0 0 
0 8 0 1 11 505 0 0 1 0 0 0 
0 0 0 0 0 0 0 0 6 0 0 223 
0 0 0 0 0 797 0 0 0 0 0 0 
0 1 240 0 0 841 245 1 0 0 0 0 
0 0 0 1 0 231 0 0 250 0 0 0 
0 0 0 0 0 1 1 0 0 0 190 0 
0 0 0 0 0 629 5 0 0 0 0 0 
0 0 0 297 0 0 0 0 0 0 0 0 
0 0 0 0 0 14 0 291 2 0 46 0 
0 0 0 0 30 0 0 0 2 1 458 0 
0 0 0 1 211 24 2 0 0 4 91 0 
0 0 1 284 221 0 0 0 0 0 0 0 
