141 126 168 133 161 154 135 163 142 171 145 124 160 147 167 161 137 168 191 142 139 125 138 141 123 
0 0 0 0 0 21 23 29 14 28 0 0 0 0 0 0 0 0 0 0 0 0 0 0 0 
0 0 0 0 18 0 0 0 0 13 0 0 0 0 15 0 0 0 0 8 0 0 0 0 21 
32 55 38 48 29 0 6 0 0 0 0 0 0 0 0 0 0 0 0 0 0 3 0 0 0 
0 0 28 0 0 0 0 15 0 0 0 0 16 0 0 0 0 27 0 0 0 0 22 1 0 
0 0 0 0 0 0 0 0 0 0 9 12 10 8 11 0 0 0 0 0 0 0 0 0 0 
0 2 0 0 0 0 0 0 0 0 6 2 0 3 8 20 19 14 16 23 0 0 1 0 0 
0 32 0 0 0 0 23 0 0 0 0 36 0 0 0 0 23 2 0 1 0 23 1 0 0 
37 0 0 0 0 41 0 0 2 0 54 0 0 0 0 33 0 0 0 0 40 0 0 0 0 
0 4 0 18 0 0 3 0 24 0 0 0 0 20 0 0 0 0 19 0 0 0 0 22 0 
0 0 0 0 1 0 0 0 8 7 0 0 0 0 0 0 0 0 3 0 11 20 10 7 15 
0 0 0 0 0 0 1 0 0 0 2 4 5 0 2 0 0 0 0 0 15 21 13 11 10 
