4097 0 0 2 101 938 3557 0 0 0 
7735 25 0 0 0 0 0 0 0 0 
0 1 0 0 0 0 3435 655 0 57 
0 2 0 0 0 5 1570 0 1 0 
0 0 2 6 0 1391 2023 0 0 2 
0 0 0 0 0 0 9 826 1 0 
0 250 0 596 1475 0 0 0 0 0 
3469 0 412 373 150 16 0 0 0 6 
0 0 0 0 0 0 0 0 1344 208 
2305 0 0 0 1 0 0 175 0 0 
0 0 0 0 0 0 2 0 3 1031 
602 0 6 0 0 15 0 0 517 0 
666 0 0 0 0 0 5 0 0 1 
1310 4 1 0 0 0 0 0 124 0 
1696 0 0 0 0 0 0 0 0 0 
4555 0 0 0 0 0 0 0 3 1 
0 0 0 811 0 902 4 14 15 0 
7 0 0 0 0 0 2258 0 0 0 
383 0 0 0 16 0 3084 8 0 0 
0 0 0 0 0 1097 0 0 0 0 
0 0 0 0 0 2020 0 1 0 0 
0 464 0 0 0 0 0 0 0 1 
0 1 0 1486 1 0 1 1 0 0 
0 0 0 19 14 760 0 0 2 0 
5 339 0 0 0 0 0 0 0 0 
0 0 470 0 18 0 180 0 2 0 
0 0 0 0 0 0 0 0 236 0 
0 0 0 0 0 0 196 0 0 0 
348 0 0 0 0 0 0 0 0 0 
0 0 0 0 338 5 0 0 0 0 
156 0 0 0 0 480 28 0 0 2 
1 0 0 0 662 29 0 0 0 1 
226 0 3 0 0 0 0 0 0 0 
0 0 0 0 88 0 0 0 0 0 
0 0 0 0 1 373 13 0 0 0 
0 0 0 1 0 0 0 0 193 0 
724 0 0 0 0 0 7 0 0 0 
165 0 0 0 0 0 0 2 1 0 
20 0 1 0 236 0 0 0 0 0 
0 0 0 0 0 493 0 0 0 0 
0 0 0 0 0 1778 1 0 0 1 
0 25 0 4 8 147 42 1 0 1 
0 0 27 0 0 63 1 0 302 0 
0 0 0 0 0 65 304 0 0 1 
1066 2 0 0 0 0 0 1 0 0 
0 0 7 0 0 0 250 0 0 68 
1 39 29 342 0 0 0 0 0 0 
0 0 0 0 0 13 242 0 0 0 
343 0 0 0 0 0 0 0 0 24 
0 132 146 0 0 4 0 0 0 0 
1059 0 0 0 0 0 0 0 0 0 
0 0 0 288 25 485 212 0 97 0 
0 0 0 481 4698 119 0 0 0 0 
0 0 0 389 16 0 0 0 0 0 
7 0 1 0 0 0 0 4 515 0 
9 0 0 0 1 209 298 0 2 0 
0 0 19 103 13 0 0 148 1 0 
4 175 0 1 1 0 0 0 0 34 
2 0 0 592 708 0 4 3 0 29 
209 0 0 0 0 0 0 0 42 0 
0 0 207 0 1 0 0 0 0 0 
0 7 0 122 2 0 0 0 2 0 
0 0 27 31 20 103 0 374 6 14 
0 0 0 1 0 0 0 0 243 0 
0 1 0 13 0 473 0 0 0 0 
0 0 0 0 0 102 0 0 1 0 
0 0 3 3 5 0 1 38 135 1 
0 0 0 0 0 662 0 0 0 0 
314 0 0 0 0 0 0 61 0 1 
0 2619 176 0 0 2625 36 0 0 3 
0 0 0 0 0 0 252 0 0 0 
0 0 1 0 1 799 0 0 0 0 
1 0 0 0 0 6 901 0 0 0 
0 0 0 0 0 158 0 0 0 0 
0 0 88 1 0 2 0 2 0 0 
778 0 4 0 0 0 0 0 0 0 
0 0 0 0 2 543 0 0 3 0 
1506 0 0 0 0 0 0 0 0 0 
1076 0 0 0 0 0 0 0 0 0 
0 323 0 0 0 0 0 0 1 0 
