4361 0 0 1 62 987 3308 0 0 0 
7721 34 0 0 1 0 0 0 0 2 
0 22 0 0 0 0 3739 351 0 40 
0 0 0 0 0 3 1586 0 3 0 
0 1 0 0 0 1475 1927 0 0 0 
0 0 0 0 0 0 50 786 2 0 
0 230 0 571 1524 0 0 0 0 0 
3349 0 527 317 204 15 1 0 6 0 
13 0 1 0 0 0 0 0 1281 251 
2260 0 0 0 0 0 0 202 6 0 
0 0 0 0 0 0 0 0 0 1035 
646 0 0 0 0 0 1 0 499 0 
663 0 3 2 0 0 0 0 0 9 
1343 0 1 0 0 0 7 0 81 0 
1614 0 0 0 0 0 0 0 0 0 
4594 1 0 1 0 3 0 0 1 0 
15 0 0 663 7 1009 0 21 32 0 
1 0 0 0 0 0 2301 0 0 0 
590 0 0 0 3 0 2923 0 4 1 
1 0 0 0 0 1132 0 0 0 0 
0 0 0 0 0 2030 0 0 0 0 
1 455 0 0 3 0 0 4 2 0 
0 0 0 1497 0 0 0 0 0 0 
4 0 0 36 1 721 0 0 1 0 
8 331 0 0 1 0 0 0 0 0 
2 0 523 1 0 0 142 0 0 0 
0 0 0 0 0 0 0 0 236 0 
0 0 0 0 0 0 198 0 0 0 
345 0 0 1 0 0 0 0 1 0 
0 0 0 1 332 9 0 0 0 0 
163 0 0 0 0 502 4 0 0 0 
0 0 0 0 661 30 0 0 0 0 
185 0 0 0 0 0 0 4 2 24 
0 0 0 0 86 0 1 0 0 1 
1 0 0 0 0 380 6 0 0 0 
0 0 0 0 0 0 0 0 194 0 
714 0 0 0 0 0 19 1 0 2 
166 0 0 0 2 0 0 0 1 0 
0 0 0 7 251 0 0 0 0 0 
0 0 0 0 0 490 0 0 1 0 
0 0 0 0 0 1779 1 0 0 0 
14 0 13 7 0 53 138 2 0 2 
4 0 0 0 0 15 0 0 367 3 
0 4 0 2 0 47 319 0 0 0 
1065 0 0 0 0 0 0 0 0 0 
0 0 105 7 15 1 195 0 0 0 
0 65 158 169 0 5 0 3 11 0 
0 0 0 0 0 0 255 0 0 0 
347 0 0 0 0 0 0 0 0 23 
0 103 142 0 4 35 0 1 0 0 
1060 0 0 3 0 0 0 0 0 0 
0 25 0 234 161 436 150 0 84 13 
8 0 0 450 4703 138 0 0 0 0 
0 0 0 384 20 0 0 0 1 0 
8 0 0 0 1 0 1 0 517 0 
0 0 0 0 0 191 317 10 0 0 
5 0 2 178 36 0 0 62 0 0 
4 75 0 0 0 0 0 16 0 120 
0 2 0 703 641 1 0 1 0 1 
205 0 0 0 0 14 31 0 4 0 
0 0 208 0 0 0 0 0 0 0 
2 0 0 70 10 0 8 40 3 0 
0 0 0 0 32 62 0 390 91 0 
5 0 0 0 0 0 0 0 239 0 
0 5 0 58 0 405 0 0 10 9 
0 0 0 0 0 101 0 0 2 0 
0 0 3 0 8 0 0 2 171 0 
0 0 0 0 0 634 0 0 0 0 
273 0 0 0 34 18 0 51 2 0 
0 2357 106 1 0 2970 37 0 18 0 
0 0 0 3 0 0 248 0 0 0 
0 0 0 0 0 791 0 0 0 1 
0 0 0 0 0 0 894 0 4 0 
0 0 0 0 0 158 0 0 0 0 
4 0 82 0 0 1 0 2 0 0 
775 0 0 0 0 2 0 0 0 2 
0 24 0 25 0 494 0 0 3 0 
1501 0 0 0 0 0 0 0 0 0 
1067 0 0 0 0 0 0 0 0 0 
0 318 0 0 0 0 0 0 0 0 
