8507 110 0 8 0 11 73 0 0 0 
322 0 33 34 2910 4358 10 0 1 2 
0 0 1 0 0 32 3705 413 0 0 
0 0 0 0 1 1 559 147 847 0 
3324 0 0 0 0 0 1 0 8 0 
829 0 0 1 0 0 0 6 0 0 
0 0 0 13 796 1522 0 0 0 0 
4402 0 1 1 0 0 0 0 0 0 
1553 0 0 0 0 3 0 1 0 0 
2445 0 0 0 0 0 0 0 0 0 
0 0 13 1 0 1 2 0 0 1012 
0 69 4 0 0 0 0 0 1070 0 
0 0 0 1 674 0 0 0 1 0 
0 0 0 0 0 0 1434 0 0 0 
1644 1 0 0 0 0 0 4 0 0 
575 0 1 0 0 1520 2300 0 138 0 
243 19 0 0 1454 4 0 0 0 2 
2138 0 0 0 0 0 6 91 0 0 
3419 0 0 0 0 3 0 0 0 0 
0 0 396 657 0 0 0 0 0 0 
1983 9 0 0 0 1 0 0 24 0 
1 112 0 0 0 349 0 0 0 0 
1360 0 3 76 41 0 10 0 0 2 
0 773 0 0 1 0 0 0 0 0 
0 0 0 0 339 0 0 0 0 1 
0 0 0 0 0 174 497 0 0 0 
0 0 0 0 1 0 235 0 0 0 
200 0 0 0 0 0 0 1 0 0 
1 0 0 0 0 339 0 0 0 0 
0 0 0 338 4 0 0 0 0 0 
3 0 0 0 185 479 3 1 0 0 
0 0 0 699 0 0 0 0 1 0 
0 0 1 0 0 0 233 0 0 0 
0 88 0 0 0 0 0 0 0 0 
1 0 0 0 0 0 387 0 0 0 
0 0 0 0 0 0 0 0 194 0 
0 0 0 0 0 734 0 0 0 0 
0 0 0 0 0 0 173 0 0 0 
0 211 0 38 0 0 0 0 7 2 
0 0 0 0 0 491 0 0 0 0 
387 0 0 1 16 1368 8 0 0 0 
226 0 0 2 0 0 0 6 0 0 
0 0 0 0 0 0 0 0 385 4 
0 0 0 0 0 5 349 0 0 0 
1103 0 0 1 0 0 0 7 0 0 
0 38 11 0 0 291 0 0 0 0 
0 0 409 0 0 0 0 2 1 0 
0 0 0 0 0 1 244 0 0 0 
72 0 0 0 0 0 0 0 0 291 
0 0 281 0 0 1 1 0 0 0 
45 406 376 7 149 4 9 0 20 0 
0 1 0 0 0 486 639 0 0 0 
0 0 0 4747 538 0 0 0 0 0 
0 0 0 26 380 0 0 0 0 0 
0 0 0 522 0 0 0 1 0 2 
0 0 0 0 14 387 116 0 0 0 
54 0 0 0 146 2 1 0 80 4 
3 60 151 1 0 0 0 0 0 0 
1197 0 12 149 0 0 0 0 0 3 
0 70 2 0 0 0 171 0 0 0 
0 0 208 0 0 0 0 0 0 0 
133 0 0 0 0 0 0 0 0 0 
0 0 0 0 0 0 571 0 0 0 
3 0 0 64 15 0 0 0 5 154 
1 0 0 0 489 0 0 0 0 0 
0 0 0 5 0 2 0 0 0 95 
0 0 0 1 0 0 0 0 186 0 
0 0 0 713 0 0 0 0 0 1 
0 0 2 0 0 0 0 0 376 0 
0 5463 0 2 0 0 0 0 1 0 
1 34 0 0 0 115 0 59 0 42 
789 0 0 1 0 0 0 4 3 17 
4 0 0 9 0 0 921 6 0 3 
0 0 112 3 0 0 39 0 4 0 
0 0 84 0 0 0 0 0 5 0 
764 0 0 0 0 0 0 0 41 0 
523 0 0 0 6 0 28 0 0 0 
1783 0 0 0 0 0 4 6 0 0 
1104 8 0 1 2 0 0 0 0 0 
0 338 0 0 0 0 0 0 1 0 
