5289 0 0 11 61 3525 2215 0 0 0 
8841 58 1 1 3 0 0 0 0 0 
82 0 10 300 0 24 3475 287 2 2 
3 3005 141 0 4 2399 21 0 0 0 
0 0 0 0 0 61 2005 0 1 0 
0 0 13 0 0 1677 2128 0 0 1 
0 0 0 0 0 0 35 771 3 0 
0 556 0 526 1444 1 0 0 0 0 
3324 1 529 422 54 59 8 4 0 0 
134 2 0 0 0 1 0 0 1217 228 
1718 0 0 0 0 4 0 530 0 0 
0 0 0 0 0 0 2 0 0 1040 
247 0 0 0 0 0 0 51 1011 0 
656 0 0 0 0 0 0 0 1 0 
1310 0 0 0 10 0 0 0 134 0 
2815 0 0 0 1 0 0 0 0 0 
5077 0 0 0 0 0 0 0 0 0 
0 0 0 878 0 863 0 0 30 2 
5 0 0 0 2 0 2224 0 0 0 
1192 0 1 50 3 0 2709 4 0 1 
0 0 1 0 7 1369 0 0 0 1 
0 0 0 0 1 2180 0 0 0 0 
0 550 0 4 0 0 0 0 0 0 
0 0 0 1559 0 0 0 0 6 1 
2 0 0 6 11 767 0 2 0 4 
11 336 0 0 0 0 0 2 0 0 
3 22 403 9 0 0 126 0 55 47 
0 1 1 0 0 0 0 0 234 0 
0 0 0 0 0 0 187 0 0 0 
349 0 0 0 0 0 0 0 0 0 
0 0 0 0 309 112 0 0 0 0 
243 1 4 22 34 393 0 0 0 0 
0 0 0 0 581 23 0 0 0 0 
13 0 47 0 40 0 0 17 107 0 
0 0 0 0 86 0 0 0 0 0 
0 0 2 0 0 374 15 0 0 0 
0 0 0 0 0 0 0 0 191 0 
690 7 3 0 0 0 0 0 0 0 
171 0 0 0 1 1 0 0 0 0 
0 0 0 4 0 137 0 0 95 27 
3 0 0 0 0 484 0 0 0 1 
1 0 0 1 0 1947 1 0 2 0 
35 5 0 0 175 0 0 3 0 0 
4 0 25 0 4 0 0 0 361 0 
0 0 0 0 4 33 289 0 0 2 
596 0 1 0 0 0 0 0 0 0 
0 5 0 0 0 13 229 0 0 50 
0 0 0 0 0 0 308 3 3 100 
0 0 34 8 0 0 101 68 21 0 
302 0 1 0 0 0 0 0 0 33 
3 265 0 0 1 0 9 11 0 0 
1159 0 0 0 0 0 0 0 0 0 
1 2 0 224 6 317 430 0 152 10 
0 0 0 492 4486 743 2 0 0 0 
0 0 0 379 22 0 0 0 0 0 
0 9 0 0 10 11 0 0 497 0 
0 0 0 0 1 187 303 0 7 0 
107 0 37 0 0 0 0 6 0 106 
0 0 5 0 0 0 161 36 10 1 
0 0 208 451 580 0 0 1 0 3 
227 0 0 10 0 0 0 0 0 0 
0 0 205 0 0 0 0 3 0 0 
488 0 0 0 0 0 0 0 0 0 
0 0 2 0 0 0 0 122 4 0 
359 3 0 195 0 0 2 0 3 0 
0 0 71 0 0 0 0 2 165 0 
0 0 0 1 30 12 150 186 49 1 
