4637 16 0 28 65 710 3296 0 0 0 
7604 81 0 0 4 0 0 3 0 0 
4 0 22 0 0 0 3780 345 0 0 
0 0 0 0 0 3 1545 0 1 0 
1 0 0 0 0 1508 1865 0 0 0 
1 0 0 0 0 0 20 815 0 0 
0 231 0 571 1503 0 0 0 0 0 
3562 21 505 208 98 14 1 0 0 0 
0 0 0 0 1 1 0 0 1332 217 
2364 0 0 0 0 0 0 101 0 0 
0 1 3 0 0 0 0 0 0 1026 
625 0 0 0 53 0 0 16 445 0 
682 0 0 0 0 0 0 0 0 1 
1357 0 5 0 1 0 1 0 57 0 
1618 0 1 0 0 0 0 0 0 0 
4517 0 1 0 0 0 0 0 0 1 
0 0 0 825 12 894 0 0 14 8 
4 0 0 2 1 0 2246 0 0 0 
878 0 0 4 0 5 2588 0 0 5 
0 0 0 0 0 1096 0 0 0 0 
0 0 0 0 0 2009 0 0 0 0 
0 454 0 4 0 1 0 0 0 1 
0 0 1 1486 0 0 0 1 0 0 
1 0 0 9 1 749 0 0 0 0 
6 325 0 0 0 3 0 6 1 1 
2 0 423 0 0 54 155 37 0 0 
0 0 0 0 0 0 0 0 236 0 
0 0 0 0 0 0 196 0 0 0 
342 0 0 0 0 0 0 0 0 0 
0 0 0 0 339 6 0 0 0 0 
75 0 0 7 0 559 19 0 0 3 
0 0 0 1 653 28 0 0 0 0 
210 4 5 0 15 0 0 0 0 1 
0 0 0 0 88 0 0 0 0 0 
0 0 0 0 0 363 22 0 0 0 
0 0 0 0 0 0 0 0 194 0 
724 0 0 3 4 0 0 0 1 0 
169 0 0 1 2 0 0 0 0 0 
0 76 33 5 140 0 0 0 1 0 
0 0 0 0 0 488 0 0 0 0 
0 0 0 0 0 1783 2 0 0 0 
0 209 0 0 2 0 0 0 5 19 
0 3 0 0 2 0 0 39 347 2 
0 0 0 0 1 40 310 4 0 0 
1123 0 0 0 0 0 0 0 0 0 
1 34 0 0 3 0 208 0 87 2 
0 0 0 240 8 0 103 0 59 0 
0 0 0 0 0 0 255 0 0 0 
347 0 0 0 0 1 0 0 0 24 
0 248 0 31 0 0 0 3 0 2 
1033 0 0 0 0 0 1 0 0 0 
0 0 54 167 28 437 362 0 68 0 
0 0 0 464 4720 124 0 0 0 0 
0 0 0 389 16 0 0 0 0 0 
15 0 0 0 0 0 0 2 508 0 
0 2 0 0 0 256 261 0 2 0 
0 0 54 0 2 76 54 98 0 0 
3 91 2 24 0 2 0 73 20 0 
16 0 13 447 827 0 0 21 44 0 
182 0 24 0 4 12 21 0 0 0 
0 0 208 0 0 0 0 0 0 0 
0 0 92 0 0 0 0 0 41 0 
160 0 0 0 0 0 0 283 1 133 
0 8 0 0 0 0 0 1 235 0 
0 0 0 8 0 478 0 0 0 0 
0 0 0 0 0 99 0 1 0 0 
0 79 28 0 3 0 0 0 77 0 
0 0 0 0 0 672 0 0 0 0 
218 0 78 0 49 24 0 10 0 0 
0 2731 96 0 0 2609 53 0 1 0 
0 0 0 0 2 0 250 0 0 0 
0 0 0 0 0 813 0 0 0 0 
0 0 0 0 0 0 931 0 0 0 
0 0 0 0 0 158 0 0 0 0 
0 0 89 0 0 0 0 0 0 0 
791 3 0 1 5 0 0 0 0 1 
0 0 0 1 0 490 58 0 0 0 
1679 0 0 0 0 0 0 0 0 0 
1070 0 0 0 0 0 0 0 0 1 
0 335 0 0 0 0 0 0 0 0 
