8484 164 0 6 0 11 86 0 0 0 
471 4 1 5 2983 4298 10 0 0 7 
0 0 0 0 0 20 3739 378 0 0 
0 0 0 0 0 0 608 119 923 2 
3399 2 0 0 0 9 0 0 0 0 
806 2 0 0 0 0 0 1 22 0 
0 0 0 26 792 1502 0 0 0 0 
4380 0 0 0 0 0 0 0 0 0 
1542 0 0 0 0 0 0 0 0 0 
2482 0 0 0 0 0 0 0 0 0 
2 0 0 0 0 0 0 0 4 1029 
0 1 0 4 28 0 0 0 943 170 
0 0 0 0 674 0 0 0 0 0 
0 0 0 0 0 0 1451 0 0 0 
1720 0 0 0 0 0 0 0 0 0 
576 0 0 0 0 1499 2377 0 165 0 
55 106 17 2 1529 0 20 9 0 0 
2124 0 0 0 0 0 0 84 15 6 
3578 0 0 0 0 3 0 0 1 0 
0 0 190 901 0 22 0 1 8 9 
2059 3 6 1 0 1 10 0 0 0 
9 161 5 0 0 290 0 0 3 0 
1304 0 0 198 1 0 3 2 0 0 
0 763 0 0 2 0 0 0 0 0 
0 0 0 0 342 0 0 0 0 0 
0 0 0 0 0 177 491 0 0 0 
0 0 0 0 0 0 236 0 0 0 
199 1 0 0 0 1 0 0 0 0 
1 0 0 0 0 345 0 0 0 0 
0 0 0 344 4 0 0 1 0 0 
1 0 4 0 177 486 0 0 0 0 
0 0 0 665 0 0 0 0 0 0 
0 0 0 0 0 0 219 0 0 0 
0 88 0 0 0 0 0 0 0 0 
1 0 0 0 1 0 380 0 5 0 
0 0 0 0 0 0 0 0 193 0 
0 0 0 0 0 729 0 0 0 0 
0 0 0 0 0 0 170 0 0 0 
217 3 1 16 0 0 7 0 0 16 
0 0 0 0 0 491 0 0 0 0 
340 0 0 0 0 1238 204 0 2 0 
89 0 0 5 128 0 0 0 5 0 
3 1 0 2 0 0 0 0 375 8 
0 0 0 0 0 6 367 0 4 0 
1063 0 0 0 0 0 0 0 0 0 
0 2 149 116 1 0 19 0 38 0 
2 0 409 0 0 0 0 0 0 0 
0 0 0 0 0 1 251 3 0 0 
98 0 0 0 1 0 0 0 0 271 
0 0 278 0 0 0 2 0 0 5 
713 0 0 72 244 0 0 3 45 0 
0 1 0 0 0 503 606 0 0 0 
0 2 0 4782 535 0 0 0 0 0 
0 0 0 31 375 0 0 0 0 0 
0 0 0 524 0 0 0 1 0 2 
0 0 0 0 18 376 122 0 0 0 
61 0 0 6 0 212 0 0 0 3 
59 0 1 5 1 0 0 38 111 0 
1155 0 0 160 25 0 0 0 11 1 
0 0 15 0 102 0 136 1 0 0 
0 0 208 0 0 0 0 0 0 0 
135 0 0 0 0 0 0 0 0 0 
0 0 0 0 0 0 578 0 0 0 
0 34 180 6 1 4 0 17 1 0 
0 0 0 0 492 0 0 0 0 2 
0 0 0 0 1 0 3 0 0 103 
0 5 0 0 0 0 0 0 180 0 
0 0 2 631 0 0 0 0 0 1 
6 0 0 0 0 0 0 2 365 3 
0 5459 0 0 0 0 0 0 1 0 
0 0 174 0 0 65 11 0 0 0 
797 0 0 0 0 0 0 0 0 3 
0 243 0 0 69 0 237 0 225 57 
0 124 0 17 0 0 0 9 0 8 
0 0 89 0 0 0 0 0 0 0 
775 0 0 0 0 0 2 0 0 0 
487 0 0 0 0 0 0 2 0 4 
1341 0 0 0 0 0 2 0 0 2 
1020 32 6 1 0 0 0 0 2 0 
0 329 0 0 0 1 1 1 0 0 
