9208 198 0 30 0 54 49 0 6 0 
436 2 0 12 3067 4351 25 2 0 0 
0 0 0 0 0 31 3814 287 0 0 
0 0 0 0 6 0 812 257 948 0 
3357 0 0 0 0 5 0 0 1 0 
790 0 0 0 0 0 1 9 0 28 
0 27 0 16 915 1523 0 0 0 3 
4410 0 0 0 0 0 0 0 0 0 
1546 3 0 1 0 0 0 0 0 0 
2491 0 0 0 0 0 0 0 0 0 
0 6 0 0 0 0 41 0 37 952 
34 1 0 0 0 0 48 0 1061 0 
0 0 0 0 677 0 0 0 0 0 
0 0 0 0 1 0 1440 0 0 0 
2481 0 0 0 0 0 0 0 3 0 
784 0 0 0 5 1618 1982 1 276 0 
256 221 16 0 1243 0 2 0 0 0 
2158 0 0 0 0 0 0 50 1 59 
3535 1 0 0 2 5 0 0 0 0 
1 11 130 1048 0 1 0 1 1 0 
2066 0 0 0 0 0 0 0 1 0 
1 265 0 2 0 294 0 0 0 0 
1342 0 0 124 8 36 0 2 0 0 
0 790 0 0 6 0 0 0 0 0 
0 0 0 0 344 3 0 0 1 0 
0 0 1 0 0 200 466 0 0 0 
0 0 0 0 0 0 236 0 0 0 
190 0 0 1 0 1 0 0 0 0 
1 1 0 0 0 349 0 0 0 0 
0 0 0 344 3 0 0 0 0 0 
5 0 0 0 201 465 1 0 0 0 
0 0 0 648 0 0 0 0 0 0 
0 0 3 0 0 0 219 0 0 0 
0 85 0 0 0 0 0 0 0 0 
2 0 1 0 0 0 383 0 0 0 
0 0 0 0 0 0 0 0 193 0 
0 0 0 0 0 713 0 0 0 0 
0 0 0 0 0 0 171 0 0 0 
217 0 0 0 4 0 28 0 2 7 
0 0 0 0 0 491 0 1 0 0 
379 0 3 0 0 1348 83 0 3 0 
0 0 0 11 0 112 0 0 0 102 
0 0 0 0 0 0 1 0 380 11 
0 0 0 0 0 8 367 0 0 0 
467 0 3 62 0 286 0 0 0 0 
0 12 260 10 0 0 0 0 0 46 
0 3 397 0 0 10 0 0 0 0 
13 0 0 0 28 0 208 0 0 6 
99 0 0 1 0 0 0 0 0 276 
0 2 278 1 2 0 0 0 0 3 
617 0 66 291 119 0 8 0 0 41 
0 0 0 0 0 480 632 0 0 0 
0 0 0 4864 512 1 0 0 0 1 
0 0 0 45 364 0 0 0 0 0 
0 2 0 506 0 0 0 0 0 18 
0 0 0 0 18 383 115 0 0 0 
176 34 26 8 3 0 0 19 0 0 
161 0 0 0 3 50 0 0 0 0 
1123 0 6 173 0 23 0 0 11 0 
5 186 4 0 0 3 2 0 47 5 
0 0 208 0 0 0 0 0 0 0 
937 1 0 0 9 0 0 0 0 0 
142 0 0 0 0 0 0 0 0 0 
0 0 0 0 0 0 570 0 0 0 
0 44 128 0 0 0 56 0 15 0 
0 0 0 0 493 0 0 0 0 0 
0 3 0 20 6 0 0 0 0 77 
0 0 0 0 0 0 0 0 186 0 
0 0 0 537 0 0 0 0 0 0 
0 0 0 0 0 0 0 0 377 0 
0 5514 2 0 1 0 0 0 0 0 
7 0 5 0 0 39 17 184 0 0 
770 2 0 0 0 0 0 0 0 0 
0 420 0 0 0 0 1 27 3 5 
4 62 0 0 0 8 0 0 0 84 
4 0 85 0 0 0 0 0 0 0 
688 0 0 0 45 0 17 0 4 0 
437 7 0 0 0 0 0 25 3 0 
