4188 9 0 1 87 897 3490 1 0 0 
7711 27 0 0 0 3 11 0 0 0 
0 0 0 0 0 0 3561 495 0 97 
0 0 0 0 1 3 1568 0 1 0 
0 0 0 4 0 1384 2023 1 0 3 
0 0 0 0 0 0 20 814 3 0 
0 211 0 582 1513 0 0 0 1 0 
3402 0 479 354 160 22 0 8 0 0 
2 0 0 0 0 1 0 0 1333 216 
2364 0 0 0 0 0 0 122 0 0 
0 0 0 0 0 0 0 0 0 1036 
676 0 0 0 8 9 0 0 448 0 
663 0 0 0 0 1 9 0 0 0 
1359 0 0 1 0 0 0 0 75 0 
1653 0 0 0 0 0 0 0 0 0 
4564 0 0 0 0 0 0 1 0 0 
0 0 0 736 0 995 0 0 20 1 
2 0 0 0 0 0 2262 2 0 0 
354 0 0 0 1 0 3144 0 0 0 
0 0 0 0 0 1096 0 0 0 0 
0 0 0 0 0 2036 0 0 0 0 
0 462 1 0 0 1 0 0 0 0 
0 0 0 1493 1 0 0 0 0 0 
0 0 1 20 6 763 1 0 0 0 
5 326 0 0 0 0 13 0 0 0 
0 0 525 0 38 0 105 2 0 0 
0 0 0 0 0 0 0 0 236 0 
0 0 0 0 0 0 193 1 0 1 
350 0 0 0 0 0 0 0 0 0 
0 0 0 0 336 5 0 2 0 0 
176 0 0 0 0 453 21 0 16 0 
0 0 0 0 659 31 0 0 0 0 
221 0 0 1 0 0 0 0 0 0 
0 0 0 0 87 0 0 0 1 0 
0 0 0 0 0 368 19 0 0 0 
0 0 0 0 0 0 1 0 192 0 
737 0 0 0 0 0 0 0 0 0 
156 0 0 0 1 0 0 6 4 0 
11 0 0 0 241 3 1 1 0 0 
0 0 0 0 0 493 0 0 0 1 
0 0 0 0 0 1779 2 0 0 0 
0 82 0 0 3 106 43 0 0 1 
0 0 2 8 0 31 12 0 339 1 
0 0 0 3 0 53 314 0 0 0 
1071 0 0 0 1 0 0 0 0 0 
0 4 2 0 0 1 265 1 0 52 
0 72 41 296 0 0 0 0 0 2 
0 0 1 0 0 9 245 0 0 0 
346 0 0 0 0 0 0 0 0 23 
0 164 113 0 3 5 0 0 0 1 
1053 0 0 0 2 0 0 0 0 0 
0 0 0 242 12 546 177 0 130 0 
0 0 0 481 4675 145 0 0 0 0 
0 0 0 386 19 1 0 0 0 0 
14 0 1 0 0 11 0 3 497 0 
11 0 0 0 0 247 252 1 0 3 
0 0 3 102 7 0 0 148 22 2 
0 210 0 0 0 0 0 0 0 5 
0 2 0 518 773 0 17 0 0 22 
197 0 0 2 0 6 0 15 33 0 
0 0 204 0 2 0 0 1 1 0 
0 9 0 124 0 0 0 0 0 0 
0 1 34 7 7 106 0 360 20 41 
0 5 0 0 0 0 0 0 239 0 
0 0 0 25 0 454 3 0 1 3 
0 0 0 0 0 103 0 0 0 0 
0 1 0 0 28 0 0 35 122 0 
0 0 0 0 0 663 0 0 0 0 
263 0 18 0 0 0 1 94 1 0 
0 2342 195 0 0 2882 37 0 0 7 
0 0 0 0 0 0 252 0 0 0 
0 0 0 0 0 795 0 0 0 0 
0 0 0 0 0 0 914 0 0 0 
0 0 0 0 0 158 0 0 0 0 
0 0 89 0 0 0 0 0 0 0 
783 1 7 0 0 0 0 0 0 0 
5 0 0 0 12 529 0 1 4 0 
1542 0 0 0 0 0 0 1 0 0 
1077 0 0 1 0 0 0 0 0 0 
0 327 0 0 0 0 0 0 0 0 
