8915 158 0 9 0 8 47 2 0 1 
401 0 6 22 3010 4367 9 1 0 0 
0 0 0 0 0 6 3765 368 0 0 
0 0 0 0 0 0 965 85 968 0 
3350 1 0 3 2 0 1 0 0 0 
818 2 5 0 1 2 0 5 1 0 
1 0 0 27 913 1386 0 0 0 0 
4401 0 0 0 0 0 0 1 2 0 
1542 0 2 0 0 0 0 0 0 0 
2509 0 0 0 0 0 0 0 0 0 
0 1 0 0 0 0 0 1 0 1033 
0 3 0 0 18 0 2 0 1123 1 
1 0 0 0 666 0 0 0 0 0 
0 0 0 0 0 0 1456 0 0 0 
1884 0 0 0 1 0 0 0 0 0 
660 1 0 0 16 1623 2135 0 158 0 
98 64 83 0 1421 51 0 0 6 0 
2187 0 0 10 0 0 0 20 0 0 
3579 0 0 0 0 2 0 0 1 0 
5 0 221 937 0 0 13 0 0 0 
2080 0 0 0 0 0 0 1 0 0 
1 143 0 0 0 343 0 1 1 2 
1336 0 19 129 22 0 0 0 2 0 
0 771 0 0 2 0 0 0 1 0 
0 0 0 1 342 0 0 0 0 0 
0 1 0 0 0 178 489 0 0 0 
0 0 0 0 0 0 236 0 0 0 
185 1 1 1 3 0 0 0 2 0 
1 0 0 0 0 347 0 0 0 0 
0 0 0 345 5 0 0 0 0 0 
7 0 0 1 180 485 1 0 0 0 
0 0 0 649 0 0 0 0 0 1 
0 0 0 0 0 0 218 0 0 0 
0 87 0 0 0 0 0 0 0 0 
2 0 0 0 0 1 385 0 0 0 
0 0 0 0 0 0 0 0 194 0 
0 0 0 0 0 724 0 0 0 0 
0 0 0 0 0 0 172 0 0 0 
137 13 0 2 0 4 0 0 0 101 
0 0 0 0 0 491 0 0 0 0 
359 0 6 0 4 1328 106 0 0 0 
81 7 0 0 118 14 0 0 1 0 
0 2 0 0 0 0 0 0 371 16 
0 0 0 0 0 8 365 0 0 0 
992 2 0 0 0 3 0 1 0 0 
0 0 123 109 0 0 4 1 90 0 
1 0 410 0 0 0 0 0 0 0 
0 2 0 0 0 0 249 0 4 0 
88 0 3 0 1 0 0 0 0 275 
1 0 283 0 0 0 0 0 0 0 
555 0 5 203 376 0 0 0 0 0 
0 0 0 0 0 513 605 0 0 0 
0 0 0 4812 530 0 0 0 0 0 
0 0 0 30 375 0 0 1 0 0 
0 3 6 496 16 0 0 5 0 0 
0 0 0 0 16 389 110 0 0 0 
46 0 0 95 0 114 17 10 0 0 
195 0 2 3 0 2 0 15 0 0 
1028 0 0 279 0 0 0 35 3 2 
0 34 12 0 39 0 61 40 67 0 
0 0 207 1 0 0 0 0 0 0 
135 0 0 0 0 0 0 0 0 0 
0 0 0 0 0 0 578 0 0 0 
0 0 236 2 0 3 0 0 0 0 
0 0 0 0 486 0 0 0 0 0 
0 1 2 13 0 0 0 0 1 89 
0 0 0 0 0 1 0 0 185 0 
0 0 0 586 0 0 0 0 0 1 
0 0 0 0 0 0 0 0 377 0 
0 5492 0 0 0 0 0 0 1 0 
0 0 98 5 0 32 0 114 2 0 
783 0 0 0 0 15 0 8 0 0 
18 365 1 0 0 0 0 3 78 0 
3 149 0 6 0 0 0 0 0 0 
0 0 85 0 0 0 0 2 0 2 
755 0 0 0 0 16 0 1 7 1 
470 11 2 0 0 0 0 0 1 0 
788 1 0 4 0 15 10 0 0 0 
1004 7 0 15 0 0 0 0 0 0 
0 253 0 6 3 7 0 8 0 0 
