10206 553 0 13 0 134 62 10 1 119 
767 0 0 23 2923 5176 1 0 0 10 
0 0 0 0 0 20 3846 316 0 0 
0 5574 0 0 0 0 0 0 0 0 
0 0 0 0 0 7 820 146 1094 0 
3804 0 10 0 0 0 1 0 0 0 
616 4 0 0 147 0 0 39 0 0 
1 19 0 31 930 1547 0 0 0 0 
4376 0 0 0 0 0 0 0 0 0 
1587 0 0 0 0 0 0 0 0 0 
2264 0 0 0 0 0 0 0 0 0 
0 0 0 0 0 0 0 0 0 1042 
0 0 17 1 0 0 0 0 1290 0 
0 0 0 0 657 0 0 0 0 0 
0 0 0 0 0 0 1452 0 0 0 
2818 3 1 3 0 0 0 0 0 0 
899 0 0 0 14 1376 1488 7 1286 3 
487 137 1 0 1084 5 0 21 0 37 
2142 0 0 0 0 0 0 88 0 0 
3958 0 0 0 0 1 0 3 0 0 
0 0 76 1288 0 0 0 1 2 0 
2157 26 0 0 0 0 0 0 0 1 
4 253 0 0 0 297 0 0 0 0 
1319 0 0 207 10 3 0 13 17 0 
0 785 0 3 2 0 0 0 0 1 
0 0 0 0 346 0 0 0 0 4 
0 0 0 0 0 185 480 0 0 0 
0 0 0 0 1 0 235 0 0 0 
183 0 0 4 0 0 0 0 0 0 
2 0 0 0 0 348 0 0 0 0 
0 0 0 429 3 0 0 0 0 0 
2 0 0 0 189 505 1 0 0 0 
0 0 0 601 0 0 0 0 1 0 
0 0 0 1 0 0 223 0 0 0 
0 86 0 0 0 0 0 0 0 0 
2 0 0 0 0 0 389 0 0 0 
0 0 0 0 0 0 0 0 191 0 
0 0 0 0 0 700 0 0 0 0 
0 0 0 0 0 0 173 0 0 0 
28 20 0 183 10 0 0 0 23 0 
0 0 0 0 0 482 0 0 0 0 
492 0 0 0 0 1390 53 4 14 0 
29 0 16 0 0 37 0 1 135 0 
0 0 0 0 0 0 0 0 383 11 
0 0 0 0 0 5 323 0 0 0 
161 14 0 0 7 276 62 79 0 0 
0 10 106 0 0 40 18 117 6 0 
0 0 407 0 3 0 0 0 0 4 
0 0 0 0 9 0 138 0 85 0 
164 0 0 0 0 0 0 0 0 180 
0 0 281 0 0 0 8 0 0 0 
230 8 0 582 0 0 123 0 0 215 
0 0 0 0 0 495 648 0 0 0 
0 0 0 5105 620 0 0 0 0 0 
0 1 0 26 374 0 0 0 0 0 
1 0 0 525 0 0 1 0 0 0 
0 0 0 0 17 381 103 0 0 0 
80 0 0 0 170 0 0 6 2 0 
1 103 70 0 0 12 19 8 0 0 
673 19 253 275 5 1 17 1 0 0 
165 0 0 2 0 0 69 1 0 0 
0 3 205 0 0 0 0 0 0 0 
1 0 0 3 237 32 8 0 189 18 
128 0 0 0 0 0 0 0 0 0 
0 0 0 0 0 0 562 0 0 0 
0 0 0 0 0 0 4 6 228 0 
0 0 0 0 428 0 0 0 0 0 
