8421 157 0 11 1 17 90 0 0 0 
425 11 0 10 2775 4546 4 0 0 1 
0 0 0 0 0 24 3720 394 0 2 
0 0 0 0 1 0 553 109 973 6 
3423 0 2 0 0 0 0 0 0 0 
803 0 0 0 0 0 0 7 21 0 
0 0 0 16 837 1467 0 0 0 0 
4400 0 0 0 0 0 0 0 0 0 
1542 0 0 0 0 0 0 0 0 0 
2486 0 0 0 0 0 0 0 0 0 
0 0 0 0 0 0 0 0 1 1034 
0 0 0 1 37 0 0 4 926 176 
0 0 0 0 681 0 0 0 0 0 
0 0 0 0 0 0 1439 0 0 0 
1681 1 0 0 0 0 0 0 0 0 
707 0 0 0 3 1506 2205 0 192 0 
58 151 11 0 1513 0 2 5 0 2 
2121 0 0 6 0 0 0 113 14 5 
3535 0 0 0 0 2 0 0 0 0 
0 0 328 793 0 5 0 0 2 0 
2062 0 0 0 1 0 22 0 0 0 
1 168 0 0 0 299 0 0 0 0 
1282 0 0 168 22 22 14 1 0 1 
0 765 0 0 2 0 0 0 0 0 
0 0 0 0 343 0 0 0 0 0 
0 0 0 0 0 174 492 2 0 0 
0 0 0 0 0 0 236 0 0 0 
198 0 0 0 0 0 0 0 0 0 
1 0 0 0 0 345 0 0 0 0 
0 0 0 346 3 0 0 0 0 0 
2 0 0 0 183 478 0 0 4 0 
0 0 0 665 0 0 0 0 0 0 
0 0 0 0 0 0 223 0 0 0 
0 88 0 0 0 0 0 0 0 0 
1 0 0 0 0 0 386 0 0 0 
0 0 0 0 0 0 0 0 194 0 
0 0 0 0 0 735 0 0 0 0 
0 0 0 0 0 0 172 0 0 0 
207 4 4 23 0 0 3 0 0 20 
0 1 0 0 0 489 0 0 0 0 
417 0 0 6 7 1282 68 0 0 0 
116 1 1 25 82 0 0 0 0 4 
0 0 0 0 0 4 0 0 379 6 
0 0 0 0 2 7 367 0 0 0 
1047 0 0 0 7 0 0 0 0 0 
0 0 121 120 0 0 40 0 43 0 
0 0 405 3 0 0 2 0 1 0 
0 1 0 3 0 0 243 8 0 0 
88 1 0 0 0 0 0 0 0 282 
0 0 285 0 0 0 0 0 0 0 
658 3 0 74 320 0 0 0 20 0 
0 0 0 0 0 534 576 0 0 0 
0 0 0 4785 537 0 0 0 0 0 
0 0 0 31 375 0 0 0 0 0 
0 0 0 522 0 0 1 4 0 0 
0 0 0 0 22 380 115 0 0 0 
59 0 0 4 0 217 1 0 0 3 
26 0 0 6 0 0 5 47 131 0 
1182 0 9 111 34 1 0 0 11 0 
0 0 1 0 99 3 149 2 0 0 
0 0 208 0 0 0 0 0 0 0 
136 0 0 0 0 0 0 0 0 0 
0 0 0 0 0 0 576 0 0 0 
2 22 184 0 0 5 0 21 9 0 
0 0 0 0 487 0 0 0 0 0 
4 0 1 0 0 1 0 4 0 97 
0 0 1 0 0 0 0 1 183 0 
0 0 0 633 0 0 0 0 2 0 
0 8 0 0 0 0 0 3 364 0 
0 5470 0 0 0 0 1 0 0 0 
1 8 198 0 0 38 2 3 0 0 
804 0 0 0 0 0 0 1 0 0 
0 216 0 0 67 14 241 0 252 53 
0 104 0 17 0 0 4 25 2 6 
0 0 87 0 1 0 0 1 0 0 
789 0 0 0 0 0 0 0 0 0 
484 8 0 1 0 0 0 0 0 0 
1397 0 4 0 0 0 14 0 1 0 
1009 29 0 12 0 7 0 0 0 0 
0 315 0 0 3 0 0 0 0 0 
