10149 436 0 0 0 25 53 0 0 0 
589 0 0 75 3445 4704 27 1 0 0 
0 0 0 0 0 11 3792 367 0 0 
0 5514 1 1 0 0 0 0 0 0 
0 0 0 0 0 0 862 75 1137 0 
3829 4 0 0 0 0 0 0 0 0 
806 0 0 0 0 0 0 9 6 1 
0 15 9 18 1054 1396 0 15 0 0 
4413 0 0 0 0 0 0 0 0 0 
1568 0 0 0 0 0 0 0 0 0 
2282 0 2 0 0 0 0 0 0 0 
0 0 0 4 0 0 13 13 3 1007 
0 0 0 0 0 0 12 0 1145 0 
0 0 0 0 661 0 0 0 0 0 
0 0 0 0 0 0 1473 0 0 0 
2860 0 0 0 3 0 0 0 0 1 
827 0 2 0 0 1214 1790 0 1206 0 
687 124 3 0 933 0 5 1 0 0 
2178 0 0 0 0 6 0 70 0 0 
3792 0 0 3 0 2 2 0 0 0 
0 0 79 1251 0 0 0 0 3 35 
2107 5 0 1 0 6 0 0 0 0 
10 264 0 0 0 281 0 0 0 0 
1403 4 16 105 17 0 0 0 0 0 
0 824 0 0 1 0 1 0 0 0 
0 0 0 1 350 0 0 0 0 0 
0 0 0 0 0 177 485 0 0 0 
0 0 0 0 0 0 236 0 0 0 
193 0 0 0 0 0 0 0 0 0 
1 0 0 0 0 347 0 0 0 0 
0 0 0 415 4 0 0 0 0 0 
1 0 0 0 180 508 13 0 0 0 
0 0 0 604 0 1 0 0 0 0 
0 0 1 0 0 0 222 0 0 0 
0 87 0 0 0 0 0 0 0 0 
4 0 0 0 0 1 387 0 0 0 
0 0 0 0 1 0 0 0 192 0 
0 0 0 0 0 708 0 0 0 0 
0 0 0 0 0 0 168 0 0 0 
49 3 20 177 2 0 0 1 2 5 
0 0 1 0 0 487 0 0 0 0 
664 0 0 0 0 1162 32 0 4 18 
32 0 18 0 77 0 10 1 81 1 
0 0 0 0 3 0 0 0 376 12 
0 0 0 0 0 6 369 0 0 0 
196 5 0 39 40 327 0 0 0 0 
0 0 179 54 21 43 1 0 0 0 
0 0 406 0 4 0 0 2 0 1 
0 0 34 1 0 1 197 0 0 0 
65 0 0 0 0 0 0 1 0 291 
0 0 278 0 9 0 0 0 0 0 
1 0 0 1133 0 3 0 0 2 0 
0 0 0 0 0 491 611 0 0 1 
0 0 0 5122 594 0 0 0 1 0 
0 0 0 35 363 0 0 0 0 0 
0 13 0 506 0 4 0 0 3 0 
0 0 0 0 16 378 113 1 0 0 
129 0 9 78 0 0 3 0 33 0 
0 0 0 0 0 212 0 3 0 0 
907 0 281 100 0 15 0 0 0 0 
145 0 0 0 24 0 2 77 0 1 
0 0 208 0 0 0 0 0 0 0 
0 9 8 5 174 0 203 2 119 2 
124 0 0 0 0 0 0 0 0 0 
0 0 0 0 0 0 554 0 1 0 
0 0 1 0 0 0 117 1 111 0 
0 0 3 10 426 0 0 0 0 0 
333 7 0 0 0 104 0 0 5 197 
1 0 0 0 0 0 0 1 165 0 
