9988 505 0 0 5 21 123 33 0 1 
736 0 0 99 2978 4992 42 0 2 2 
1 0 0 0 2 16 3787 364 0 0 
0 5557 0 0 0 0 0 0 0 0 
2 0 0 0 0 1 838 159 1070 0 
3832 0 0 2 0 0 0 0 0 0 
790 0 0 0 1 0 13 8 0 2 
0 12 0 19 1020 1462 0 0 0 0 
4347 0 0 0 0 0 2 0 0 0 
1575 0 0 0 0 0 0 0 0 1 
2274 0 0 0 0 0 0 0 0 0 
1 0 0 0 1 0 6 0 0 1033 
2 0 0 0 0 0 0 0 1308 0 
0 0 0 0 681 0 0 0 0 0 
0 1 0 0 0 0 1447 0 0 0 
2829 0 0 0 0 0 0 0 0 0 
992 0 0 0 0 1290 1905 0 889 0 
353 160 0 0 1214 24 0 0 0 0 
2177 0 0 0 0 14 1 77 0 0 
3819 0 0 0 1 8 0 0 0 0 
18 0 151 1188 0 0 0 0 0 38 
2133 1 0 0 0 0 0 0 0 0 
9 259 0 0 0 283 0 1 0 1 
1384 0 0 159 16 0 0 0 0 0 
0 786 0 0 4 0 0 0 0 0 
3 0 0 0 352 0 0 0 0 0 
0 0 1 0 0 197 467 0 1 0 
0 0 0 0 0 0 236 0 0 0 
188 0 1 0 0 0 0 0 0 0 
1 0 0 0 0 343 0 0 0 0 
0 1 3 406 5 0 0 0 0 0 
10 0 0 0 197 488 1 0 1 0 
0 0 0 620 0 1 0 0 0 0 
0 0 0 0 0 2 218 0 0 0 
0 86 0 0 0 0 0 0 0 0 
1 0 0 0 0 0 390 2 0 0 
1 0 0 0 0 0 0 0 190 0 
0 0 0 0 0 710 0 0 0 0 
0 0 0 0 0 0 168 0 0 0 
50 0 0 200 4 0 0 7 0 0 
0 0 0 0 0 487 0 0 0 0 
681 0 0 0 0 1191 8 0 0 16 
114 0 0 0 11 0 0 0 93 0 
0 1 0 0 0 0 0 0 389 5 
0 0 0 0 0 5 351 0 0 0 
232 25 0 1 35 312 0 0 0 0 
0 0 202 25 7 61 0 0 0 1 
0 0 406 0 3 1 0 3 0 0 
5 0 43 1 0 0 124 0 45 14 
165 0 0 0 0 0 0 0 0 230 
0 1 272 0 0 0 11 0 0 4 
76 5 0 831 3 1 0 0 0 229 
0 0 0 0 0 481 630 2 0 0 
0 0 0 5105 595 0 1 0 0 0 
0 0 0 39 361 0 0 0 1 1 
0 0 0 525 0 0 0 0 0 0 
0 0 0 0 20 367 117 0 0 0 
165 0 0 43 43 0 0 0 1 0 
42 21 3 0 0 128 0 1 9 11 
909 30 274 62 0 0 7 0 0 0 
190 0 0 0 40 0 0 0 0 8 
0 0 208 0 0 0 0 0 0 0 
0 0 4 0 225 0 54 0 213 0 
127 0 0 0 0 0 0 0 0 0 
0 0 0 0 0 0 568 0 0 0 
0 20 26 2 1 0 3 4 181 0 
0 0 0 0 432 2 0 0 0 0 
207 0 10 15 0 102 0 0 0 278 
