5277 0 0 7 81 863 2886 0 0 4 
7807 9 0 0 5 0 0 0 0 0 
0 13 0 5 1 0 3742 380 0 0 
0 0 0 0 0 6 2008 0 3 0 
0 0 0 0 1 1381 1976 6 0 0 
0 0 0 0 0 0 33 798 0 0 
0 240 2 558 1523 0 0 0 0 0 
3186 0 730 391 89 2 0 0 0 0 
1 0 0 0 1 0 0 0 1344 197 
2373 0 0 0 0 3 5 140 0 0 
0 0 0 1 0 0 0 0 0 1035 
302 0 0 0 3 0 0 0 842 0 
670 0 2 0 0 0 0 0 0 0 
1405 0 0 0 0 0 3 0 48 0 
1831 0 0 0 0 0 0 1 0 0 
4609 0 0 0 1 0 0 5 0 0 
0 0 0 770 0 899 0 8 27 29 
7 0 0 0 0 0 2203 0 0 0 
433 0 0 1 4 0 3134 0 5 0 
0 0 0 0 0 1182 0 0 0 0 
0 0 1 0 0 2086 0 0 0 0 
0 490 0 0 0 0 0 0 0 0 
0 0 0 1507 0 0 0 0 0 0 
0 0 0 67 4 703 6 0 0 0 
3 333 0 0 0 3 0 0 0 3 
1 7 446 0 0 0 125 76 13 0 
0 0 0 0 0 0 0 0 236 0 
0 0 0 0 0 0 196 0 0 0 
347 0 0 0 0 0 0 0 1 0 
0 0 0 0 344 6 0 0 1 0 
262 0 0 0 0 361 42 0 0 3 
0 0 0 0 630 33 0 0 0 0 
155 2 0 0 0 23 6 0 4 27 
0 0 0 0 83 0 0 4 0 0 
0 0 0 0 0 372 12 0 4 0 
0 0 0 0 0 0 0 0 193 0 
715 0 0 0 0 2 0 1 0 6 
171 0 0 0 0 0 0 0 0 0 
0 17 0 0 232 4 0 0 5 0 
0 0 0 0 1 493 0 0 0 0 
0 0 0 0 0 1809 2 0 0 0 
0 0 0 0 0 116 64 42 0 1 
2 0 0 0 0 0 0 8 379 0 
0 0 0 0 0 42 331 0 0 0 
1000 0 0 0 0 0 0 0 0 0 
0 0 0 9 0 0 318 0 0 1 
0 0 262 121 1 0 0 0 0 27 
3 0 0 0 1 0 250 1 0 0 
348 0 0 0 0 0 0 0 0 22 
2 0 229 0 53 0 0 0 1 0 
1116 0 0 0 0 0 0 0 0 0 
0 0 0 100 5 578 207 0 225 0 
0 0 1 525 4686 122 0 1 0 0 
0 0 0 389 17 0 0 0 0 0 
6 0 0 0 0 0 11 0 510 0 
2 0 0 1 1 241 272 0 2 0 
5 0 7 239 13 0 20 0 0 0 
0 148 0 0 0 0 0 2 0 65 
2 12 0 735 579 0 7 0 0 0 
242 2 0 1 0 0 8 0 1 0 
0 0 208 0 0 0 0 0 0 0 
0 0 5 0 0 0 0 130 0 0 
0 0 0 0 82 0 2 490 0 0 
2 1 0 0 17 6 0 0 215 0 
5 0 13 6 113 344 0 0 0 4 
0 0 0 0 0 106 0 0 0 0 
1 0 0 0 0 1 0 0 162 22 
0 0 0 0 0 573 0 0 0 0 
364 1 7 0 5 0 0 0 0 0 
0 2400 224 0 0 2782 57 2 0 0 
0 0 0 1 0 0 247 0 0 2 
0 1 0 0 0 787 0 0 0 0 
0 0 0 0 0 0 461 1 0 0 
0 0 0 0 0 158 0 0 0 0 
0 0 78 4 0 0 5 0 0 2 
775 0 0 0 0 0 0 8 0 0 
0 0 0 0 22 390 0 0 2 72 
876 0 0 0 0 0 0 0 0 0 
1045 0 0 0 0 0 0 0 0 0 
0 297 0 0 0 0 0 0 0 0 
