6323 0 1 14 51 1409 2704 1 0 0 
8680 2 0 0 3 0 0 0 0 0 
0 4 0 24 0 28 3805 286 0 1 
0 0 0 0 0 3 2026 0 1 0 
0 0 0 0 1 1776 1853 0 0 0 
2 16 0 0 1 1 55 755 2 0 
0 528 0 569 1395 0 0 0 0 0 
3414 0 564 334 79 23 0 0 0 0 
3 0 0 0 0 0 3 0 1272 276 
2088 1 0 0 2 0 0 261 8 0 
0 0 0 0 0 0 0 0 0 1042 
448 5 5 15 0 23 0 1 643 0 
669 0 0 0 0 0 0 3 0 0 
1352 0 0 1 0 0 0 0 109 5 
2925 0 0 0 0 0 0 0 0 0 
4629 0 0 0 6 0 2 0 0 3 
0 0 0 926 0 820 0 0 37 0 
3 0 0 0 0 0 2273 0 0 0 
809 1 0 0 0 0 2775 0 0 0 
0 0 0 0 15 1174 1 1 0 0 
0 0 0 0 0 2123 0 0 0 0 
0 560 0 0 0 0 0 0 0 0 
0 0 0 1531 0 2 0 0 0 0 
0 0 0 9 10 778 0 0 2 0 
3 340 0 0 3 5 0 0 0 0 
0 0 544 0 0 0 69 1 1 51 
0 0 0 0 0 0 0 0 236 0 
0 0 0 0 0 0 191 0 0 0 
297 0 0 0 0 0 0 0 0 0 
0 0 0 0 339 6 0 0 0 0 
347 0 2 4 0 345 2 4 0 3 
0 0 0 0 584 20 0 0 0 0 
6 0 0 0 1 0 81 94 36 0 
0 0 0 0 88 0 0 0 0 0 
0 0 0 0 0 378 13 1 0 0 
0 0 0 0 0 0 0 0 194 0 
710 1 0 38 0 0 0 0 2 0 
165 2 0 0 1 0 0 0 0 2 
0 0 0 0 50 4 19 0 15 170 
0 0 0 3 0 491 0 0 0 0 
0 0 0 1 1 1799 1 0 0 1 
199 1 0 0 0 0 17 0 0 6 
0 0 0 15 0 0 0 0 375 3 
0 0 0 0 0 41 333 0 0 0 
700 0 1 0 0 1 0 1 0 2 
0 0 44 3 0 15 232 0 0 1 
0 0 0 42 283 3 56 26 0 0 
0 1 76 0 0 0 123 0 44 0 
348 0 0 0 0 0 0 0 0 29 
123 7 125 0 0 0 0 26 2 1 
1132 0 0 4 0 0 0 0 0 1 
1 5 5 128 6 385 307 0 273 0 
0 0 1 506 4833 159 0 0 0 0 
0 0 0 383 22 1 0 0 0 0 
0 0 0 0 1 0 0 0 524 0 
0 5 0 0 8 216 287 0 0 0 
91 0 0 7 29 0 23 98 4 0 
0 107 0 17 8 2 81 0 0 0 
0 0 87 485 638 0 0 0 0 103 
250 0 0 4 0 0 0 0 0 0 
0 0 208 0 0 0 0 0 0 0 
682 1 0 0 0 0 0 0 0 0 
0 0 2 0 2 0 0 123 0 0 
61 1 15 209 1 0 210 81 0 0 
11 0 28 0 0 0 0 0 206 0 
35 0 3 184 119 9 0 96 7 4 
0 0 0 0 0 738 2 1 0 0 
0 13 0 0 3 0 1 7 159 0 
0 0 5 0 0 501 0 0 0 0 
368 0 0 0 0 8 0 2 0 0 
1 2872 217 0 0 2429 20 2 0 0 
0 0 0 0 0 0 212 0 0 0 
