5300 822 715 900 796 944 860 844 955 1010 
1131 475 507 524 1999 3072 651 280 467 368 
73 60 50 49 86 1181 2735 300 26 49 
5 5443 0 0 5 0 12 7 5 10 
34 75 98 66 39 94 608 171 765 97 
2201 200 187 108 249 194 137 183 171 246 
97 65 76 80 655 18 96 34 48 15 
21 168 17 73 658 1513 22 22 9 27 
4419 0 0 0 0 0 0 1 0 2 
1446 0 0 4 6 0 0 0 220 6 
2338 0 0 0 0 0 0 0 0 0 
35 128 79 62 14 52 25 68 5 573 
117 14 76 118 192 26 132 70 769 58 
0 0 0 0 633 0 0 0 0 0 
0 0 0 0 0 0 2020 0 0 1 
2570 6 5 11 0 1 4 8 4 0 
1142 374 201 268 199 899 692 312 915 363 
169 190 195 404 191 124 116 129 139 202 
1037 99 93 117 97 108 155 199 73 92 
4195 0 0 0 0 1 0 0 0 0 
111 127 152 354 45 63 149 81 71 150 
1279 80 14 73 49 133 130 133 75 157 
3 295 0 0 3 270 0 0 0 0 
305 92 90 210 154 33 277 142 151 74 
0 816 0 0 3 0 0 0 0 0 
0 0 0 0 47 0 0 0 0 0 
0 0 0 0 0 169 491 1 1 3 
0 0 0 0 0 0 236 0 0 0 
73 0 0 0 0 0 65 0 1 0 
1 0 0 0 0 296 0 0 0 0 
0 0 0 436 3 0 0 0 0 0 
10 0 0 0 195 487 1 0 3 0 
0 0 0 580 0 0 6 0 0 2 
0 0 0 0 0 0 216 0 0 0 
0 86 0 0 0 0 0 0 0 0 
2 0 0 0 0 1 388 0 0 0 
0 0 195 0 0 0 0 2 101 0 
0 0 0 0 0 754 0 0 0 0 
0 0 0 0 0 0 181 0 0 0 
0 36 95 6 6 42 46 2 11 13 
0 0 0 0 0 470 0 1 0 0 
160 205 163 412 189 283 163 121 118 89 
39 8 17 0 43 35 36 7 20 13 
0 0 0 0 0 3 0 0 384 7 
0 0 0 0 0 4 334 0 0 0 
93 44 58 102 10 71 19 53 81 32 
8 35 0 25 10 4 6 62 23 113 
0 11 306 10 28 12 15 10 6 4 
10 7 22 23 0 11 95 20 52 0 
123 0 0 0 0 0 0 0 0 121 
1 0 177 8 28 6 13 0 31 22 
124 81 133 80 72 112 141 173 109 114 
0 0 0 0 2 502 644 0 0 0 
6 1 12 1 262 6 0 5 12 0 
0 1 8 5167 832 0 1 1 0 0 
1 0 0 26 304 0 0 0 0 0 
39 59 41 148 40 27 9 34 37 33 
