6314 2 0 14 60 642 2512 0 1 0 
7814 58 0 0 0 0 0 0 1 0 
0 0 0 0 5 3 3636 482 0 0 
0 0 0 0 0 4 2025 0 1 0 
0 0 7 0 0 1464 1891 0 0 0 
29 0 0 0 0 0 21 781 0 0 
0 522 1 612 1347 0 0 0 0 0 
3450 0 536 268 85 54 5 0 0 2 
0 0 0 0 0 1 0 0 1349 195 
2335 0 0 0 0 0 0 164 0 0 
0 0 1 0 0 0 0 0 0 1034 
501 2 0 0 1 0 0 0 641 0 
676 0 0 0 0 0 0 0 0 0 
1399 0 0 3 2 0 0 0 47 0 
2487 0 0 0 0 0 0 0 0 0 
4637 0 0 0 0 0 0 0 0 1 
0 0 0 752 0 975 0 0 15 0 
10 0 0 0 5 1 2233 0 0 0 
325 0 0 0 0 0 3213 0 0 1 
0 0 0 0 1 1163 0 0 0 0 
0 3 0 0 0 2066 0 0 0 0 
0 562 0 0 0 0 0 0 0 0 
0 15 0 1505 0 0 0 0 0 0 
0 0 0 7 9 779 0 0 0 0 
6 338 0 0 0 0 0 1 0 0 
0 0 390 0 0 0 113 165 0 0 
0 0 0 0 0 0 0 0 236 0 
0 0 0 0 0 0 194 0 0 0 
348 0 0 0 0 0 0 0 0 0 
4 0 0 0 338 8 0 0 0 0 
155 0 0 0 0 519 0 0 0 0 
0 0 0 0 630 28 0 0 0 0 
0 28 0 0 0 0 0 20 174 0 
0 0 0 0 86 0 0 0 0 0 
0 0 0 0 0 364 8 0 2 11 
0 0 0 0 0 0 0 0 194 0 
731 0 0 0 0 0 0 0 0 0 
166 0 0 0 0 0 0 0 5 0 
1 0 56 0 157 0 0 42 2 0 
0 0 0 0 0 490 0 0 0 0 
0 0 0 0 0 1810 2 0 0 0 
1 0 0 0 58 0 0 3 0 164 
0 0 0 0 9 0 1 0 383 0 
0 0 0 0 0 52 323 0 0 0 
856 0 0 0 0 0 1 0 0 0 
0 0 16 0 0 106 185 18 0 1 
0 0 9 382 0 0 0 12 0 7 
0 0 0 0 27 0 215 0 0 12 
344 0 0 0 0 0 0 0 2 25 
7 0 217 0 0 0 54 0 7 0 
1123 0 0 0 0 0 0 0 0 0 
15 0 11 91 10 622 186 0 182 0 
0 1 0 498 4730 138 0 0 1 0 
0 0 0 388 15 0 0 0 0 0 
0 0 0 0 5 0 1 0 520 0 
0 0 1 0 5 195 304 0 11 2 
152 0 0 40 0 50 15 0 0 3 
0 148 0 3 0 6 0 4 0 53 
0 0 0 562 734 0 0 0 47 0 
214 39 0 0 0 0 0 0 0 0 
0 0 205 0 3 0 0 0 0 0 
931 0 0 2 0 0 0 0 0 0 
0 0 0 0 0 0 0 127 15 0 
2 0 1 0 24 0 0 545 0 0 
5 0 0 0 0 2 0 0 236 0 
0 23 49 102 0 311 0 0 8 0 
0 0 0 0 0 105 0 1 0 0 
0 0 4 2 0 0 0 28 153 0 
0 0 0 0 0 565 0 0 0 0 
299 71 0 0 0 0 0 8 0 0 
0 2988 162 0 0 2334 22 5 1 8 
0 0 0 0 0 0 250 0 0 0 
0 2 0 0 0 768 0 0 0 0 
1 0 0 0 0 0 459 0 0 0 
0 0 0 0 0 158 0 0 0 0 
4 0 84 0 1 0 0 0 0 0 
777 0 0 0 0 0 1 3 0 0 
175 42 10 0 1 197 51 0 0 0 
