6450 0 0 14 107 1295 2766 0 0 2 
8759 33 0 0 1 0 0 0 6 0 
0 2 38 0 0 46 4009 69 0 0 
0 2786 114 1 0 2564 36 0 0 0 
0 0 0 0 0 6 2024 0 1 0 
5 0 0 0 0 1637 2146 0 0 0 
0 0 0 4 10 0 34 752 0 25 
0 509 0 539 1448 0 0 0 0 3 
3137 0 843 343 79 1 0 0 0 0 
51 0 2 7 0 0 0 0 1244 257 
2158 0 0 0 0 0 0 159 0 0 
0 0 0 0 0 0 0 0 0 1042 
345 14 0 3 0 0 0 0 766 10 
658 0 0 1 0 0 0 0 1 0 
1362 0 0 0 6 0 0 0 76 8 
2951 0 0 0 0 0 0 0 0 0 
5010 0 1 0 0 1 0 0 0 0 
0 0 0 695 0 1079 0 0 10 1 
1 0 0 0 3 0 2282 0 0 0 
1003 0 0 0 7 4 2691 0 0 0 
0 0 0 0 11 1229 0 0 0 0 
0 0 0 0 0 2117 0 0 1 0 
0 558 1 0 0 0 0 0 0 0 
0 0 0 1546 0 0 0 0 0 0 
2 0 7 16 3 780 0 3 1 0 
22 326 0 0 0 0 0 0 0 0 
0 0 618 0 0 26 22 0 0 0 
0 0 0 0 0 0 0 0 236 0 
0 0 0 0 0 0 201 0 0 0 
297 1 0 0 0 0 0 0 0 0 
0 0 0 0 342 6 0 0 0 0 
121 0 0 0 0 520 31 0 35 0 
0 1 0 0 572 17 0 0 0 0 
4 0 142 0 0 0 1 32 2 39 
0 1 0 0 85 0 1 0 0 0 
2 0 0 0 0 375 16 1 0 0 
0 0 0 1 0 0 0 0 192 0 
755 0 0 0 0 0 0 0 0 0 
166 0 0 0 0 0 0 0 1 0 
0 0 1 0 7 0 0 25 0 227 
0 4 0 0 0 485 0 0 0 3 
1 0 0 0 0 1791 3 1 0 0 
90 0 0 0 122 4 0 0 2 0 
6 0 0 0 0 0 0 0 387 0 
0 0 0 0 0 41 336 0 0 3 
656 0 0 0 0 0 1 0 0 0 
0 0 0 1 1 0 289 1 0 0 
0 12 52 30 117 0 201 0 0 0 
0 4 107 0 0 1 108 0 1 12 
332 0 0 0 0 0 1 0 0 25 
189 7 74 13 1 0 0 0 1 0 
1141 0 0 0 0 0 0 0 0 0 
0 6 0 94 4 493 197 0 308 0 
0 0 0 516 4852 172 0 0 1 0 
0 0 0 378 21 0 0 0 0 0 
15 0 5 1 0 0 0 1 505 0 
0 0 0 0 0 233 277 0 0 0 
250 0 0 1 0 0 0 0 0 1 
0 109 0 0 0 0 48 0 0 58 
0 2 81 712 487 0 0 0 0 0 
192 2 0 0 12 18 3 9 14 2 
0 0 208 0 0 0 0 0 0 0 
530 0 0 0 0 0 6 1 1 4 
0 0 0 7 0 0 1 117 2 0 
20 3 0 205 0 2 46 302 0 0 
0 0 0 15 0 8 54 0 168 0 
0 0 0 132 5 0 0 308 0 0 
1 0 0 0 0 740 0 0 0 0 
8 0 0 0 0 0 0 0 174 0 
0 0 6 0 0 431 0 0 0 0 
