10212 167 0 12 16 15 60 1 0 0 
704 0 0 12 3170 4743 24 0 0 0 
2 0 3 0 0 23 3688 432 0 0 
0 0 0 0 0 2 904 106 1019 0 
3618 0 0 0 0 0 0 0 3 0 
819 0 0 0 0 0 0 13 0 0 
0 32 0 7 960 1495 0 0 0 0 
4429 0 0 0 0 0 0 0 0 0 
1551 0 0 0 0 0 0 3 0 0 
2370 0 0 0 0 0 0 0 0 0 
0 0 0 0 0 0 0 3 0 1039 
1 0 0 5 96 0 1 2 1037 0 
0 0 0 0 674 0 0 0 0 0 
1 0 0 0 0 0 1457 0 0 0 
2908 1 0 1 0 0 0 1 0 0 
1198 3 0 2 0 1535 1718 5 182 0 
470 147 13 3 1140 0 1 0 0 0 
2119 0 0 0 0 0 0 152 0 0 
3583 0 0 0 0 2 0 0 0 0 
0 0 148 1044 0 0 0 2 0 0 
2111 5 0 0 2 0 0 0 0 0 
2 297 0 1 0 260 0 0 1 0 
1380 0 13 120 15 1 0 0 0 0 
1 802 0 0 1 0 0 0 1 0 
0 0 0 1 349 0 1 0 0 0 
0 0 1 0 0 185 478 0 0 2 
0 0 0 0 0 0 236 0 0 0 
188 0 0 0 0 1 0 0 0 0 
1 0 0 0 0 349 0 0 0 0 
0 0 0 341 4 0 0 0 0 0 
4 0 0 0 209 494 0 0 0 0 
0 0 0 619 2 0 0 0 0 0 
0 0 0 1 0 0 215 0 0 1 
0 88 0 0 0 0 0 0 0 0 
1 0 0 0 0 0 389 1 0 0 
0 0 0 0 0 0 0 0 193 0 
0 0 0 0 0 702 0 0 0 0 
0 0 0 0 0 0 170 0 0 0 
15 0 0 157 3 0 22 0 11 50 
1 0 0 0 0 498 0 0 0 0 
493 0 0 0 0 1138 176 0 7 0 
0 0 38 0 0 108 16 39 21 0 
0 0 0 0 0 0 0 0 384 9 
0 0 1 1 0 7 367 0 0 0 
327 1 0 3 1 370 4 0 0 0 
0 2 262 0 0 0 0 0 0 30 
0 0 405 2 0 0 0 3 0 0 
0 0 0 0 0 7 238 0 0 0 
119 0 0 0 0 0 0 0 0 261 
0 0 273 1 0 0 0 0 0 10 
32 2 2 888 0 0 0 0 154 64 
1 0 0 0 0 530 574 0 0 0 
0 0 1 4909 563 0 0 0 0 0 
0 0 0 29 377 0 0 0 0 0 
0 0 0 525 0 0 0 0 0 0 
0 0 0 0 14 378 124 0 0 0 
223 0 0 0 0 0 30 1 0 0 
0 0 0 0 0 215 0 0 0 0 
1080 0 101 129 0 0 0 0 0 3 
0 0 23 0 0 7 92 0 131 0 
0 0 208 0 0 0 0 0 0 0 
170 0 0 0 325 40 59 98 0 1 
127 0 0 0 0 0 0 0 0 0 
0 0 0 0 0 0 576 0 0 0 
0 0 0 0 0 0 242 5 0 0 
0 0 0 0 460 0 0 0 1 0 
37 0 0 0 0 0 0 0 0 34 
2 0 1 0 0 0 0 0 180 0 
0 0 12 495 0 0 0 0 0 0 
0 0 3 5 0 0 4 0 366 0 
0 5531 1 0 0 0 0 0 0 0 
206 0 4 0 0 12 3 0 0 0 
427 0 0 1 12 0 0 0 0 261 
