5298 0 0 7 86 831 2882 0 0 9 
7806 17 0 0 4 0 0 0 0 0 
0 19 0 15 0 0 3749 358 0 0 
0 0 0 0 0 5 2012 0 1 0 
0 0 0 0 0 1424 1944 6 0 0 
0 0 0 0 0 0 45 788 0 0 
0 227 0 583 1513 0 0 0 0 0 
3107 0 790 410 89 2 0 0 0 0 
0 0 0 0 4 0 0 0 1327 212 
2380 0 0 0 0 0 3 136 0 0 
0 0 0 0 0 0 0 0 0 1036 
302 0 1 1 2 6 0 0 835 0 
667 0 3 0 0 0 0 0 0 0 
1389 0 0 0 0 0 1 0 57 0 
1825 0 0 0 0 0 0 0 0 0 
4623 0 1 0 1 0 0 0 0 2 
0 0 0 784 0 904 0 5 18 21 
1 0 1 0 0 0 2214 0 0 1 
441 0 0 0 0 0 3104 0 10 0 
0 0 0 0 0 1182 0 0 1 0 
0 1 0 0 0 2081 0 0 0 0 
2 489 0 0 0 0 0 0 0 0 
0 0 0 1509 0 0 0 0 0 0 
0 0 0 49 9 711 4 1 0 0 
3 330 0 0 0 1 0 0 2 6 
4 3 418 0 0 0 171 58 14 0 
0 0 0 0 0 0 0 0 236 0 
0 0 0 0 0 0 195 1 0 0 
348 0 0 0 0 0 0 0 0 0 
0 0 0 0 346 7 0 0 0 0 
225 0 0 0 0 401 42 0 0 0 
0 0 0 0 629 33 0 0 0 0 
145 1 0 0 0 17 3 0 1 48 
0 0 0 0 86 0 0 1 0 0 
0 0 0 1 4 369 10 0 3 0 
0 0 0 0 0 0 0 0 193 0 
719 0 0 0 0 1 0 2 0 1 
169 1 0 0 0 0 0 0 0 0 
0 34 0 0 221 0 0 0 3 0 
0 0 0 0 0 494 0 0 0 0 
0 0 0 0 0 1798 6 0 0 1 
0 0 1 0 0 135 44 41 0 2 
0 0 0 0 0 0 0 5 384 0 
0 0 0 0 0 35 338 0 1 0 
1000 1 0 0 0 0 0 0 0 0 
0 0 0 12 0 0 316 0 0 0 
1 0 255 131 0 0 0 0 0 24 
1 0 0 0 0 0 253 1 0 0 
340 0 0 0 0 0 0 0 0 30 
1 0 214 0 70 0 0 0 0 0 
1116 0 0 0 0 0 0 0 0 0 
0 0 0 86 4 575 196 0 252 0 
0 0 1 508 4687 134 0 2 0 0 
0 0 0 386 20 0 0 0 0 0 
1 0 0 0 0 0 4 0 522 0 
3 2 0 1 0 249 260 3 0 0 
7 0 11 245 14 0 7 0 0 0 
0 149 0 0 4 0 0 1 0 61 
0 4 0 664 660 0 5 0 0 2 
244 3 0 0 0 0 7 0 0 0 
0 1 207 0 0 0 0 0 0 0 
1 0 4 0 0 1 0 127 0 2 
0 5 0 2 72 0 1 494 0 0 
0 0 0 0 18 12 0 0 211 0 
7 0 10 17 104 341 0 0 0 7 
0 0 0 0 0 106 0 0 0 0 
0 0 0 0 0 0 1 0 162 23 
0 0 0 0 0 573 0 0 0 0 
368 0 5 0 3 0 0 0 0 1 
0 2453 256 0 0 2698 55 1 0 0 
0 0 0 0 0 0 250 0 0 0 
0 0 0 0 0 793 0 0 0 0 
0 0 0 0 0 0 464 0 0 0 
0 0 0 0 0 158 0 0 0 0 
0 0 82 5 0 0 2 0 0 0 
778 0 0 0 0 0 0 4 0 0 
0 0 0 0 30 388 0 0 0 71 
899 0 0 0 0 0 0 0 0 0 
1036 0 0 1 3 0 0 0 0 0 
0 302 0 0 0 0 0 0 0 0 
