6471 0 0 4 75 872 2571 0 0 3 
8577 25 0 1 0 3 7 1 0 0 
0 25 0 0 0 0 3881 238 0 0 
0 0 0 0 0 3 2019 0 3 0 
0 1 0 3 0 1450 1966 1 0 0 
0 1 0 0 0 0 58 775 0 1 
0 580 0 533 1381 0 0 0 0 0 
3302 0 586 257 226 8 2 0 20 0 
0 0 8 0 0 3 0 0 1305 233 
2148 0 0 5 0 0 0 266 0 0 
0 0 0 0 0 0 0 0 0 1040 
357 0 0 6 10 180 0 91 491 5 
670 0 0 0 0 0 0 0 0 6 
1360 3 0 0 0 0 0 0 91 0 
2575 0 0 0 3 0 0 0 0 0 
4669 0 0 0 0 0 0 0 0 0 
25 2 4 482 20 1217 0 2 3 0 
9 0 0 0 0 0 2207 3 4 0 
771 0 0 3 0 0 2851 0 50 0 
0 0 0 0 12 1174 0 0 0 0 
0 0 1 0 0 2074 0 0 0 0 
0 557 0 0 0 0 0 0 0 0 
0 0 0 1521 0 1 0 0 0 0 
1 0 0 25 21 731 2 0 0 2 
33 299 0 8 0 1 1 0 0 8 
0 0 646 0 0 1 13 0 0 6 
0 0 0 0 0 0 0 0 235 1 
0 0 0 0 0 0 192 3 0 0 
344 0 0 0 0 0 0 0 0 0 
0 0 0 0 339 7 0 0 1 0 
148 0 0 59 0 488 0 0 0 0 
0 0 0 2 588 28 0 0 0 0 
0 0 4 0 0 6 0 210 0 0 
0 0 0 0 83 0 0 0 3 0 
0 0 0 0 0 378 9 0 0 0 
0 0 0 0 0 0 0 0 194 0 
659 15 0 0 0 0 9 15 2 1 
173 0 0 0 0 0 0 0 0 0 
0 4 0 50 145 1 0 0 0 61 
0 0 0 0 0 493 0 0 0 0 
0 0 0 0 0 1787 2 0 0 0 
71 3 0 0 0 0 70 0 78 1 
0 0 0 0 0 8 0 4 380 0 
0 0 0 0 0 55 314 0 0 0 
753 0 0 0 0 0 1 0 0 0 
0 8 0 0 0 23 268 0 0 2 
0 0 0 344 66 0 0 0 0 0 
0 0 0 0 0 0 232 14 0 0 
347 0 0 0 0 0 0 0 0 29 
165 1 82 0 4 0 31 0 0 1 
1144 0 0 0 0 0 0 0 0 0 
3 0 10 135 88 415 292 12 158 0 
0 0 3 470 4810 148 0 1 0 0 
0 0 0 389 17 0 0 0 0 0 
0 0 0 0 0 0 0 1 521 2 
0 0 0 0 0 253 267 0 0 0 
151 30 0 13 0 0 0 75 0 3 
0 218 0 0 0 0 0 0 0 0 
0 0 63 604 654 0 4 0 0 0 
203 38 0 0 0 0 0 6 0 3 
0 1 204 2 0 0 0 0 0 1 
980 0 0 0 0 0 0 0 1 0 
0 0 14 1 6 0 3 103 0 0 
54 20 17 15 2 0 206 36 224 0 
0 0 0 0 0 1 0 0 242 1 
0 66 0 27 221 177 0 1 3 1 
0 0 0 0 0 105 0 0 0 0 
0 0 0 1 8 0 0 0 127 48 
0 0 0 0 0 524 0 0 0 0 
362 9 0 2 1 0 2 1 0 0 
6 3256 134 0 0 2101 57 0 0 0 
0 0 0 0 0 0 251 0 0 0 
0 0 0 0 0 732 0 0 0 0 
0 2 0 0 0 0 397 1 0 2 
0 0 0 0 0 158 0 0 0 0 
0 0 19 3 0 0 55 2 0 0 
