5583 0 0 6 64 3216 2321 0 0 0 
9398 23 4 0 0 0 0 1 5 0 
259 322 405 208 65 134 2352 364 0 40 
2 2658 151 0 0 2684 17 7 0 0 
0 0 0 0 0 49 2005 0 2 0 
0 0 0 0 0 1713 2124 2 0 0 
3 2 0 0 0 10 137 880 147 0 
0 572 0 602 1379 0 0 0 0 1 
2714 0 749 682 39 65 5 0 89 30 
55 0 0 1 1 2 0 0 1429 179 
1346 0 4 34 1 0 0 984 46 0 
0 0 0 0 0 0 0 0 1 1040 
377 125 0 52 0 48 67 0 723 156 
637 0 0 0 0 0 0 0 0 0 
1844 0 0 0 0 0 0 0 158 0 
2857 0 0 0 0 0 0 0 0 0 
5088 0 0 1 0 0 0 0 0 0 
0 0 0 677 0 1092 0 0 12 1 
2 2 0 0 0 0 2175 0 0 0 
1475 0 0 41 0 0 2567 1 0 0 
0 0 1 0 50 1257 0 0 0 0 
0 0 0 0 0 2157 0 0 0 0 
0 559 0 0 1 0 0 0 0 0 
0 0 0 1545 0 0 0 0 0 0 
3 1 0 18 10 804 0 0 0 0 
11 341 0 0 3 0 0 0 0 0 
0 0 297 0 0 0 48 25 19 277 
0 0 0 2 0 0 0 0 234 0 
0 0 0 0 0 0 178 0 0 0 
292 0 0 0 0 0 0 0 0 0 
0 0 0 0 319 122 0 0 0 1 
284 10 0 0 0 318 0 25 60 0 
0 0 0 0 568 21 0 0 0 1 
7 5 0 6 31 0 0 81 83 0 
0 9 0 0 76 0 0 0 2 0 
0 0 0 0 0 358 26 3 0 0 
0 0 296 0 2 0 0 0 0 0 
740 1 0 0 2 0 3 1 5 0 
166 0 0 0 0 6 2 0 1 0 
0 0 0 1 0 0 111 0 164 0 
0 0 0 0 0 468 0 1 0 1 
0 0 0 0 0 1936 1 0 0 0 
0 83 0 0 87 1 8 0 40 0 
4 0 0 0 0 0 0 79 269 43 
0 0 0 0 0 49 278 0 0 0 
591 0 0 0 0 0 0 0 0 0 
27 0 0 0 0 2 176 0 95 0 
0 9 0 3 0 79 289 0 32 0 
0 0 125 70 0 0 34 1 10 0 
291 0 0 0 0 0 0 0 0 32 
26 91 1 0 0 0 13 47 0 112 
1152 0 0 0 0 2 0 0 0 0 
4 0 5 78 52 379 579 0 43 0 
0 0 0 508 4361 991 0 0 3 0 
0 0 0 370 20 0 0 2 0 0 
0 0 0 0 6 1 0 0 508 11 
0 0 0 3 0 201 292 0 0 0 
209 29 4 0 9 0 0 1 0 0 
108 0 1 0 9 0 96 0 0 1 
117 0 100 411 195 195 101 0 0 1 
210 0 2 0 7 0 2 0 0 16 
