10287 426 0 23 0 62 106 0 0 219 
692 0 1 82 3027 5074 25 0 0 0 
0 0 0 0 0 10 3820 357 0 0 
0 5565 0 0 0 0 0 0 0 0 
0 0 0 0 0 0 758 169 1139 0 
3787 0 3 0 0 22 0 0 1 0 
268 13 1 0 410 0 1 64 10 0 
0 19 0 10 900 1590 2 4 0 0 
4385 0 0 0 0 0 0 0 0 0 
1580 0 0 0 0 0 0 1 0 1 
2313 0 0 0 0 0 0 0 0 0 
17 0 0 0 0 0 0 0 0 1024 
0 0 0 0 8 0 1 0 1307 0 
0 0 0 0 657 0 0 0 0 0 
0 0 0 0 0 0 1467 0 0 0 
2808 0 0 0 0 1 0 0 0 0 
988 0 0 0 26 1191 1771 0 1093 4 
595 93 1 0 983 30 15 37 0 23 
2221 0 4 0 0 0 0 54 0 0 
3946 0 0 0 0 3 0 0 0 0 
8 0 15 1333 7 0 0 0 0 0 
2155 26 0 0 0 0 0 0 0 0 
1 271 2 0 0 282 0 0 0 0 
1383 19 0 145 14 1 0 0 0 0 
0 788 0 0 2 0 0 0 0 0 
1 0 0 0 349 2 0 0 0 0 
0 0 1 0 0 170 494 0 0 0 
0 0 0 0 0 0 236 0 0 0 
188 0 1 0 0 0 0 0 0 0 
1 0 0 0 0 345 0 0 0 0 
0 0 0 424 5 0 0 0 0 0 
1 0 0 0 188 512 0 0 0 0 
0 0 0 591 0 0 0 0 0 0 
0 0 0 0 0 0 217 0 0 0 
0 86 0 0 0 0 0 0 0 0 
7 0 0 0 0 0 383 0 0 0 
0 0 0 0 0 0 0 0 191 0 
0 0 0 0 0 699 0 0 0 0 
0 0 0 0 0 0 170 0 0 0 
34 4 0 128 33 0 0 0 61 0 
0 0 0 0 0 488 0 0 0 0 
390 0 0 0 0 1510 23 1 13 0 
13 12 68 0 1 19 0 2 103 0 
0 0 0 0 1 0 0 0 377 12 
0 0 0 0 0 6 321 0 0 0 
140 0 20 0 0 269 3 157 0 4 
0 0 125 0 0 9 0 160 0 0 
0 0 408 0 0 0 0 2 4 0 
1 0 0 2 0 0 208 0 21 0 
156 0 0 0 0 0 0 0 0 187 
0 0 267 0 0 0 0 22 0 0 
177 4 0 625 2 5 150 0 0 192 
0 0 0 0 0 496 642 0 0 1 
0 0 0 5171 576 0 0 0 0 0 
0 0 0 31 368 0 0 0 0 3 
0 0 0 504 0 0 0 0 16 6 
0 0 0 0 18 367 106 0 0 0 
162 0 0 0 69 0 0 27 0 0 
0 185 14 0 0 0 0 10 2 2 
682 11 337 174 0 0 40 0 2 0 
170 0 0 0 0 0 57 0 6 5 
0 0 205 1 1 1 0 0 0 0 
0 0 1 0 173 107 0 0 132 67 
128 0 0 0 0 0 0 0 0 0 
0 0 0 0 0 0 549 0 0 0 
2 0 0 0 2 0 0 7 227 1 
0 0 4 0 423 0 0 0 0 0 
