10202 422 6 52 10 49 204 0 0 245 
825 2 0 27 2678 5596 12 0 1 0 
0 0 6 8 1 30 3710 388 0 2 
0 5542 0 1 0 0 0 0 0 0 
0 0 2 0 0 0 1024 152 883 0 
3812 4 0 1 0 3 0 21 0 1 
43 0 0 0 1125 0 1 1 0 6 
0 12 0 17 1017 1511 0 0 0 0 
4389 1 0 0 0 0 0 0 0 0 
1457 0 0 0 0 0 0 0 216 0 
2417 0 0 0 0 0 0 0 0 0 
0 0 0 1 0 17 0 0 4 1019 
1 1 6 0 0 0 2 0 1525 3 
0 0 0 0 646 0 0 0 0 0 
0 0 0 0 0 0 2009 0 0 0 
2781 0 0 0 1 2 0 0 0 0 
802 16 0 0 0 1399 1694 41 1121 0 
567 110 39 16 952 66 0 0 0 3 
2027 0 1 0 10 0 0 118 33 0 
4073 0 0 0 0 2 0 0 0 0 
24 2 102 1229 11 0 4 2 0 1 
2153 0 1 0 0 0 1 0 1 4 
5 275 0 0 0 264 12 0 0 0 
1320 0 2 215 12 0 0 0 0 0 
0 809 0 0 3 0 0 0 0 0 
0 2 0 0 351 0 0 0 0 0 
1 0 0 0 0 150 514 0 0 0 
0 0 0 0 0 0 236 0 0 0 
91 0 0 0 0 0 88 0 0 0 
1 0 0 0 0 291 0 0 0 0 
0 0 0 419 4 0 0 0 0 0 
3 0 0 0 183 514 5 0 0 0 
0 0 0 593 0 0 0 0 0 0 
1 0 0 0 1 0 214 0 0 0 
0 87 0 0 0 0 0 0 0 0 
6 0 2 0 0 0 380 0 0 0 
0 0 0 0 0 0 0 0 90 0 
0 0 0 0 0 759 0 0 0 0 
0 0 0 0 0 0 175 0 0 0 
0 8 61 0 0 0 23 0 189 0 
0 0 0 0 0 471 0 0 0 0 
501 0 5 51 0 957 198 185 39 0 
92 13 0 18 3 1 0 27 51 14 
1 0 0 0 0 0 0 0 382 12 
0 0 0 0 0 6 321 1 0 0 
235 0 0 1 0 336 0 8 0 11 
0 0 19 0 0 0 7 219 56 0 
0 0 403 0 0 1 0 6 0 3 
0 0 0 25 0 0 127 0 88 0 
197 0 0 0 0 0 0 0 0 152 
0 0 254 0 22 0 14 0 0 0 
196 64 86 442 1 31 47 33 24 231 
0 0 0 0 1 502 626 0 0 0 
0 0 1 5155 653 0 1 1 0 0 
0 0 0 30 362 0 0 0 0 0 
0 7 0 490 0 0 0 9 3 17 
0 0 0 0 17 363 122 0 0 0 
112 0 1 0 0 0 0 129 0 11 
42 86 0 0 0 0 3 7 0 77 
655 39 222 205 0 0 30 0 0 0 
22 22 3 0 4 16 3 2 166 0 
3 0 204 0 1 0 0 0 0 0 
87 0 0 0 64 137 1 1 0 0 
