4541 0 0 30 81 913 3089 0 0 7 
7708 24 0 0 3 0 0 0 0 0 
6 0 0 0 0 0 3294 766 0 83 
0 0 0 0 0 4 1562 0 1 0 
0 0 0 0 1 1437 1992 0 0 0 
0 0 2 0 5 0 32 795 0 0 
0 255 0 566 1477 0 0 8 0 0 
3681 0 330 349 60 14 0 0 0 0 
0 0 2 0 1 0 0 0 1285 263 
2291 0 0 0 0 0 0 171 0 0 
0 0 0 0 0 0 5 0 0 1031 
731 0 15 1 7 0 0 0 387 0 
670 0 0 0 1 0 0 0 0 3 
1364 0 0 0 0 0 0 2 78 0 
1701 0 0 0 0 0 0 0 0 0 
4553 0 0 0 0 1 0 0 0 0 
3 0 0 734 0 1006 0 0 5 0 
4 0 0 0 0 0 2265 0 0 0 
379 0 0 0 0 0 3124 0 0 0 
0 0 1 0 0 1077 0 0 0 3 
0 0 0 0 0 2028 0 0 0 0 
0 452 0 1 0 3 1 0 0 0 
0 0 0 1499 1 0 2 0 0 0 
0 0 0 21 6 762 0 0 0 0 
28 316 0 0 0 0 0 0 0 0 
14 3 544 0 3 0 72 33 0 0 
0 0 0 0 0 0 0 0 236 0 
0 0 0 0 0 0 196 0 0 0 
350 0 0 0 0 0 0 0 0 0 
0 1 2 0 335 6 0 0 0 0 
40 0 0 0 1 601 22 2 0 0 
1 0 0 0 657 26 0 0 0 0 
142 1 0 1 0 73 0 0 0 0 
0 0 0 0 88 0 0 0 0 0 
1 0 0 0 0 364 21 1 0 0 
0 0 0 0 0 0 0 0 194 0 
737 2 0 0 0 0 0 0 0 0 
169 2 0 0 0 0 0 0 0 0 
61 0 0 10 167 0 5 0 9 4 
0 0 2 0 0 490 0 0 0 0 
0 1 0 0 0 1773 4 0 0 0 
0 188 0 0 0 0 40 0 2 7 
1 3 1 4 0 14 9 0 361 0 
0 0 0 1 0 29 343 0 2 0 
1067 0 0 0 0 0 0 0 0 0 
16 42 0 0 0 4 240 0 0 20 
0 107 34 270 0 0 0 0 0 0 
2 0 0 6 0 0 247 0 0 0 
346 0 0 0 0 0 0 0 0 23 
14 173 76 0 0 0 14 1 0 8 
1062 0 0 0 0 0 0 0 1 0 
0 1 0 119 33 541 185 7 216 0 
1 0 1 492 4693 135 0 0 0 0 
0 0 0 386 19 0 0 0 0 0 
0 1 0 1 0 40 0 0 482 1 
0 0 0 0 0 178 338 0 3 0 
0 3 2 30 15 0 0 231 5 0 
0 205 0 0 0 10 0 0 0 0 
13 0 0 491 794 4 0 14 4 13 
219 2 0 0 11 0 0 0 22 0 
2 0 204 0 1 0 0 0 0 1 
0 15 4 101 0 0 1 0 11 0 
37 0 0 1 0 85 0 385 0 65 
0 0 0 6 0 0 0 0 238 0 
50 1 0 30 0 351 54 0 3 0 
0 0 0 0 0 103 0 0 0 0 
0 0 7 0 34 0 0 57 88 0 
0 0 0 0 0 672 0 1 0 0 
226 0 68 0 0 0 2 85 0 0 
0 2404 177 2 0 2765 111 0 16 0 
0 0 0 0 0 0 252 0 0 0 
0 0 0 0 0 797 0 0 0 0 
0 0 0 0 0 0 918 0 0 0 
0 0 0 0 0 158 0 0 0 0 
1 1 78 0 0 0 9 0 0 0 
788 0 2 0 0 0 1 0 2 0 
0 0 0 2 1 547 0 1 0 0 
1533 0 0 0 0 0 0 0 0 0 
1052 0 0 0 0 0 2 0 0 0 
0 325 0 0 0 0 0 0 0 0 
