9711 180 12 13 0 9 107 31 0 1 
847 5 0 9 3301 4448 20 1 1 0 
0 0 0 0 0 7 3733 402 0 0 
0 0 0 0 2 0 835 154 1033 0 
3465 4 11 1 0 17 0 0 0 3 
803 8 0 2 10 0 0 12 0 1 
0 21 0 20 985 1478 0 0 0 0 
4417 0 0 0 0 0 0 0 0 0 
1539 0 0 0 0 0 10 0 0 5 
2413 0 0 0 0 0 0 0 1 0 
0 0 0 10 0 0 17 0 1 1015 
0 0 7 61 0 0 2 6 1064 2 
0 0 0 0 675 0 0 0 0 0 
0 0 0 0 0 0 1466 0 0 0 
2656 4 0 0 0 0 1 0 0 1 
1048 2 3 0 10 1787 1657 26 122 0 
332 181 7 0 1246 0 0 0 0 0 
2083 0 0 0 14 1 0 156 0 0 
3669 0 0 0 0 4 0 0 0 0 
38 0 187 896 0 19 2 0 0 41 
2059 0 1 0 0 0 0 2 0 0 
2 244 0 0 0 299 0 2 3 0 
1360 0 0 153 8 0 0 0 2 0 
0 776 0 0 3 0 2 1 2 0 
0 0 1 0 351 0 0 0 0 0 
0 0 0 2 0 151 513 0 0 0 
0 0 0 0 0 0 236 0 0 0 
182 0 0 0 0 0 0 7 0 2 
1 0 0 0 0 344 0 0 0 0 
0 0 0 344 4 0 0 0 0 0 
1 0 0 0 203 490 0 1 0 0 
0 0 0 615 0 0 0 1 0 0 
0 2 0 0 3 0 215 0 0 0 
0 87 0 0 0 0 0 0 0 0 
1 0 0 0 0 0 383 0 0 3 
0 0 0 0 0 0 0 1 192 0 
0 0 0 0 0 700 0 0 0 0 
0 0 0 0 0 0 174 0 0 0 
106 0 0 153 0 1 0 0 0 0 
0 0 0 0 0 492 0 0 0 0 
433 3 15 2 3 1172 181 0 0 0 
0 0 0 0 0 80 0 51 1 91 
0 0 0 0 0 0 0 0 385 7 
0 0 0 0 0 7 372 0 0 0 
442 0 1 0 0 297 1 0 0 0 
30 0 141 0 43 0 34 48 3 0 
0 0 397 10 0 3 0 0 0 0 
0 0 0 19 1 6 204 0 14 1 
87 0 0 3 0 0 0 1 2 281 
0 0 278 0 0 0 0 5 0 0 
134 0 0 858 0 0 0 0 8 147 
0 0 0 0 0 517 587 0 0 0 
0 0 0 4881 566 0 0 0 0 0 
0 0 0 31 374 0 0 0 1 0 
0 4 0 501 19 1 0 0 0 0 
0 0 0 0 16 388 115 0 0 0 
242 0 0 1 0 39 0 0 0 1 
0 0 14 0 4 198 0 0 2 0 
998 0 175 77 0 0 65 0 0 0 
0 3 12 0 4 68 61 0 97 7 
0 0 207 0 0 0 0 0 0 1 
791 0 0 0 27 0 77 0 5 0 
127 0 0 0 0 0 0 0 0 0 
0 0 0 0 0 0 561 0 0 0 
0 62 0 0 53 0 105 11 0 13 
8 2 0 0 468 0 0 0 0 0 
0 0 0 0 0 7 0 0 0 101 
0 0 0 0 0 1 0 1 182 0 
0 1 16 507 0 0 1 0 0 0 
0 0 0 1 0 0 3 0 373 0 
0 5560 0 0 1 0 0 0 0 0 
124 0 0 0 0 123 0 0 0 0 
661 0 0 4 0 0 4 0 6 45 
283 0 0 0 0 0 0 0 0 0 
155 0 0 0 0 3 0 0 0 0 
