10013 447 3 19 7 23 98 3 0 0 
754 0 0 12 3433 4601 22 0 0 0 
0 0 0 0 0 32 3784 360 0 0 
0 5504 0 0 0 0 0 0 0 0 
0 0 0 0 0 0 747 122 1160 0 
3796 0 0 0 0 2 4 0 0 0 
817 0 0 0 0 0 0 15 0 0 
0 16 0 13 962 1506 0 0 0 0 
4397 0 0 0 0 0 0 0 0 0 
1561 0 0 0 0 0 0 0 0 0 
2311 0 0 0 0 0 0 0 0 0 
5 0 0 0 3 1 0 1 0 1032 
0 8 0 0 92 0 1 0 1043 0 
0 0 0 0 654 0 0 0 0 0 
0 0 0 0 0 0 1450 0 0 0 
2934 0 0 0 0 0 1 0 0 0 
543 1 10 2 0 1420 1551 2 1477 11 
618 85 15 6 1017 0 0 0 0 45 
2163 0 0 0 0 19 2 83 0 0 
3721 0 0 0 0 1 0 0 0 0 
0 0 93 1104 0 0 1 0 0 0 
2099 0 1 0 0 9 0 0 0 0 
3 265 0 0 0 288 0 2 0 0 
1374 0 0 156 2 0 0 0 2 0 
0 803 0 0 4 1 0 1 0 0 
0 9 0 0 335 0 0 0 0 1 
0 0 0 0 0 167 499 0 0 0 
0 0 0 0 0 0 236 0 0 0 
193 0 0 0 1 0 1 0 0 1 
1 0 0 0 0 297 0 0 0 0 
0 0 0 343 5 0 0 1 0 0 
1 0 0 0 189 508 0 0 0 0 
0 0 0 611 0 0 0 0 0 0 
0 0 0 0 0 0 217 0 0 1 
0 88 0 0 0 0 0 0 0 0 
3 0 0 0 0 0 390 0 0 0 
0 0 0 0 0 0 0 0 193 0 
0 0 0 0 0 748 0 0 0 0 
0 0 0 0 0 0 167 0 0 0 
0 0 0 236 0 0 0 0 0 24 
0 0 0 0 0 489 0 0 0 0 
342 0 0 0 0 1438 18 0 0 1 
0 0 81 2 6 129 0 0 0 0 
0 1 0 0 0 0 0 0 381 8 
0 0 0 0 0 7 369 0 0 0 
216 0 28 31 0 382 0 0 1 0 
36 0 247 0 0 1 1 0 10 0 
2 1 406 0 0 0 0 2 0 0 
0 1 0 0 0 0 232 0 0 0 
93 0 0 0 0 0 0 0 0 265 
0 0 282 0 0 0 0 0 0 0 
185 0 2 822 28 0 0 1 10 98 
0 0 0 0 0 527 577 0 0 0 
0 0 0 4917 592 0 0 0 0 0 
0 0 0 32 369 0 0 0 0 0 
0 0 0 517 3 0 0 0 2 2 
0 0 0 0 16 374 114 0 0 0 
237 4 0 1 0 1 0 0 0 7 
3 0 16 0 0 196 0 0 0 0 
1015 20 175 91 0 0 4 0 0 0 
74 0 1 164 0 0 0 0 13 0 
0 0 208 0 0 0 0 0 0 0 
111 123 0 0 103 51 143 43 0 0 
127 0 0 0 0 0 0 0 0 0 
0 0 0 0 0 0 578 0 0 0 
13 17 12 0 0 0 165 0 25 12 
0 0 0 0 441 1 0 0 0 0 
391 0 0 0 1 0 0 0 0 347 
0 0 0 0 0 0 0 0 183 0 
0 0 13 476 0 0 0 1 0 1 
