6561 0 0 19 60 726 3013 0 0 0 
8611 29 1 0 0 0 0 0 0 1 
0 31 0 0 0 23 3821 278 0 0 
0 0 0 0 0 7 2016 0 2 0 
0 0 0 0 0 1905 1761 0 0 0 
0 0 0 0 0 2 57 776 0 0 
0 499 0 620 1375 0 0 0 0 0 
3457 0 561 235 155 8 0 3 7 0 
0 0 0 0 0 0 0 1 1302 250 
2255 0 0 0 0 0 1 161 0 0 
5 0 0 1 0 0 0 0 0 1037 
358 2 0 0 0 99 4 50 628 0 
670 0 1 0 0 0 0 0 0 0 
1347 0 0 0 2 0 0 0 97 7 
2641 0 0 0 0 0 0 0 0 0 
4652 0 0 0 0 0 0 0 1 1 
0 0 0 712 21 1005 0 0 19 0 
5 0 0 0 0 0 2254 0 0 0 
752 1 0 0 0 2 2888 0 7 0 
0 0 1 0 8 1172 0 0 0 0 
0 2 0 0 0 2084 0 0 0 0 
0 541 0 0 0 0 10 0 0 0 
0 0 0 1520 0 0 0 0 0 0 
4 0 0 18 6 767 0 0 0 0 
20 332 0 0 0 0 0 0 0 0 
0 23 525 0 35 0 14 0 0 69 
0 0 0 0 0 0 0 0 236 0 
0 0 0 0 0 0 191 0 0 0 
347 0 0 0 0 0 0 0 0 0 
0 0 0 0 340 7 0 0 0 0 
298 0 0 2 0 380 9 1 0 2 
0 0 0 0 597 23 0 0 0 0 
0 0 1 0 15 0 23 179 0 0 
0 0 0 0 84 0 0 0 0 3 
0 0 3 6 1 355 22 0 0 0 
0 0 0 1 0 0 0 0 193 0 
703 0 0 0 1 0 0 0 0 0 
168 0 0 0 0 0 0 0 1 4 
0 0 6 2 75 0 0 0 0 177 
0 0 0 0 0 493 0 0 0 0 
0 0 0 0 0 1817 3 1 0 0 
68 11 0 2 0 0 108 0 0 34 
3 0 0 0 0 0 0 3 386 0 
0 0 0 0 0 47 331 0 0 0 
747 0 0 0 0 0 0 0 0 0 
0 0 17 2 0 96 148 5 0 29 
3 0 23 175 160 0 1 46 2 0 
0 0 0 0 3 0 238 0 2 2 
353 0 0 0 0 0 1 0 0 18 
171 0 113 0 0 0 0 0 0 0 
1142 0 0 0 0 0 0 0 1 0 
0 0 90 164 2 574 137 0 137 0 
0 0 2 519 4782 148 0 0 0 0 
0 0 0 388 18 0 0 0 0 0 
5 0 0 0 0 1 3 0 513 3 
0 0 0 9 0 209 295 0 0 0 
156 0 0 3 4 76 0 30 0 0 
13 195 9 0 0 0 0 0 0 0 
1 1 104 525 666 20 0 0 0 4 
147 69 14 0 0 20 2 0 0 0 
0 0 208 0 0 0 0 0 0 0 
879 0 0 0 0 0 0 0 0 1 
0 0 0 0 3 0 7 117 0 0 
15 28 0 106 0 0 169 80 175 0 
0 0 8 0 0 2 0 0 234 0 
29 0 0 194 147 107 0 0 1 0 
0 1 0 0 0 108 0 0 0 0 
0 0 0 0 0 0 2 0 130 52 
0 0 6 0 0 520 0 0 0 0 
362 0 0 0 12 0 1 4 0 0 
0 3181 128 0 0 2209 25 0 0 5 
0 0 0 0 0 0 250 0 0 0 
0 0 0 0 0 705 0 0 0 0 
