6441 0 0 8 74 1156 2909 0 1 0 
8766 22 1 0 9 21 0 0 0 1 
0 0 0 57 0 69 3841 138 0 48 
0 2652 184 0 0 2676 12 0 0 0 
0 0 0 0 0 62 2012 0 1 0 
0 0 0 0 0 1713 2099 4 0 0 
0 0 0 0 0 0 48 771 0 0 
0 527 0 551 1422 0 0 0 0 0 
3386 0 774 164 55 36 5 0 3 0 
146 0 0 0 1 0 0 0 1201 225 
2090 0 0 0 0 1 2 196 0 0 
0 0 0 0 1 0 0 0 0 1040 
125 0 0 0 0 0 13 0 1004 0 
657 0 0 0 0 0 7 0 0 3 
1332 0 0 0 3 0 0 0 136 2 
2917 0 0 0 0 0 0 0 0 0 
5040 0 0 0 0 0 0 0 0 0 
0 0 0 881 2 839 0 0 32 4 
5 0 0 2 0 0 2248 0 0 0 
1311 0 0 0 0 0 2464 0 2 0 
1 0 0 3 6 1365 0 0 0 0 
0 0 0 0 0 2123 0 0 0 0 
1 556 0 0 0 0 0 0 0 0 
2 0 0 1526 0 1 0 11 1 0 
0 0 1 7 7 799 2 0 0 4 
7 339 0 0 0 0 0 0 0 0 
51 1 448 0 0 2 114 47 0 2 
0 0 0 0 0 0 0 0 236 0 
0 0 0 0 0 0 197 0 0 0 
344 0 0 0 0 0 0 0 0 0 
0 0 0 0 313 108 1 0 0 0 
163 0 12 1 0 517 9 0 0 0 
0 1 0 0 602 21 0 0 0 0 
1 0 88 1 0 0 0 40 0 91 
0 0 0 0 86 0 0 0 1 0 
0 0 0 0 0 379 14 0 0 0 
0 0 0 0 0 0 0 0 193 0 
697 0 3 0 0 0 0 0 0 1 
170 1 0 0 0 0 1 0 0 0 
9 0 2 0 0 0 0 0 64 184 
0 0 0 5 0 485 1 0 0 0 
0 0 0 0 0 1811 3 0 0 0 
9 0 0 0 168 35 7 0 0 0 
0 0 0 0 0 0 0 4 386 0 
0 0 0 0 0 40 336 0 0 2 
629 0 0 0 5 0 0 0 0 0 
2 6 0 29 0 51 209 0 0 0 
0 0 6 0 194 76 98 0 0 36 
0 64 77 0 0 5 62 24 0 0 
338 0 0 0 0 0 0 0 0 24 
179 0 82 0 0 1 0 0 23 0 
1141 0 0 0 1 0 0 0 0 0 
0 167 0 161 21 331 195 8 218 0 
0 0 0 471 4440 776 0 0 0 0 
0 0 0 374 24 0 0 2 0 0 
0 0 0 0 3 0 1 1 521 0 
0 0 0 0 0 219 287 0 0 0 
263 0 0 0 0 0 0 0 0 0 
0 33 0 0 0 0 178 2 0 2 
1 0 181 642 478 1 0 0 0 0 
234 0 0 0 15 0 2 0 0 0 
0 1 203 0 0 0 3 1 0 0 
526 0 0 0 1 0 0 0 0 0 
0 1 0 0 0 0 0 126 0 0 
73 26 0 44 12 0 0 416 0 0 
0 0 0 0 0 0 91 0 140 2 
3 1 0 0 0 10 0 429 0 0 
0 0 0 0 0 714 0 0 0 0 
4 0 0 0 0 0 0 28 150 0 
