8348 187 0 47 0 33 109 1 3 0 
350 0 0 8 2942 4401 4 0 0 1 
0 0 0 0 0 13 3655 469 11 1 
0 0 0 0 0 0 526 120 912 0 
3346 0 0 13 0 0 1 0 0 0 
826 2 0 0 0 0 0 7 0 0 
2 4 2 29 761 1518 0 0 0 0 
4409 0 0 0 0 0 0 0 0 0 
1549 0 0 0 0 0 0 0 0 0 
2491 0 0 0 0 0 0 1 0 0 
3 11 0 0 0 0 0 0 0 1019 
0 0 6 0 0 10 0 65 1061 0 
0 0 0 0 681 0 0 0 0 0 
0 0 0 0 0 0 1415 0 0 0 
1660 10 0 0 0 0 0 0 0 0 
765 0 1 10 0 1282 2354 15 86 19 
17 127 0 0 1594 0 11 0 0 0 
2186 3 0 0 0 1 0 93 1 0 
3463 0 0 0 0 1 0 0 0 0 
0 3 301 780 0 0 0 1 0 0 
1979 0 0 0 0 25 0 0 0 1 
1 152 0 0 0 301 0 0 0 2 
1331 0 0 158 8 0 0 0 0 0 
0 763 0 0 2 0 0 0 0 0 
0 0 0 7 336 0 0 0 0 0 
0 0 0 0 0 161 509 1 0 0 
0 0 0 0 0 0 236 0 0 0 
199 0 0 0 1 0 0 0 0 0 
1 0 0 0 0 341 0 0 0 0 
0 0 0 339 3 0 0 0 1 0 
12 0 0 0 164 493 0 0 0 0 
0 0 0 703 0 0 0 0 0 0 
0 0 0 0 0 0 240 0 0 0 
0 87 0 0 0 0 0 0 0 0 
3 1 0 0 0 0 383 0 0 0 
0 0 0 0 0 0 0 0 193 0 
0 0 0 0 0 730 0 0 0 0 
0 0 0 0 0 0 173 0 0 0 
139 70 0 0 44 0 0 2 0 0 
0 0 0 0 0 492 0 0 0 0 
184 0 16 1 0 1452 120 0 11 0 
180 0 0 23 0 0 19 0 0 14 
0 0 0 0 0 0 0 0 390 3 
0 0 0 0 0 11 333 0 0 0 
1097 1 2 0 0 0 0 0 0 0 
0 172 0 52 0 112 1 0 0 3 
0 0 408 0 0 2 0 0 0 0 
0 0 0 0 1 0 254 0 0 0 
90 0 0 0 1 0 0 0 0 273 
0 0 270 0 12 4 0 0 0 0 
442 205 51 0 243 0 0 0 105 1 
0 0 0 0 0 463 661 0 0 0 
0 2 0 4744 536 0 0 0 0 0 
0 0 0 31 371 0 0 0 0 5 
0 2 9 506 0 0 3 0 0 6 
0 0 0 0 15 406 101 0 0 0 
0 0 0 0 265 0 17 3 1 0 
0 0 0 0 0 0 0 165 50 0 
1226 0 0 122 0 0 0 0 0 1 
48 0 17 1 0 0 178 0 0 0 
0 0 208 0 0 0 0 0 0 0 
133 0 0 0 0 0 0 0 0 0 
0 0 3 0 0 0 567 2 0 0 
0 2 0 0 0 0 0 0 44 198 
0 0 3 0 482 0 0 0 0 1 
0 0 0 0 1 0 2 0 0 98 
0 0 3 0 0 0 0 0 184 0 
0 0 0 682 0 0 0 0 0 1 
7 0 0 0 0 0 0 2 370 0 
0 5477 0 0 0 0 0 0 0 0 
0 16 0 1 1 119 0 96 0 19 
794 0 0 0 0 0 8 4 0 0 
0 2 112 31 0 40 737 0 0 2 
0 148 1 6 0 0 0 0 0 3 
14 0 69 3 0 0 3 0 0 0 
677 0 0 0 0 0 0 0 115 0 
537 1 0 0 0 0 5 0 5 0 
1512 10 0 1 0 33 28 24 6 3 
1040 42 1 0 0 0 0 0 1 0 
0 342 0 0 0 0 0 0 0 0 
