10426 383 0 12 0 28 113 2 2 150 
686 0 0 91 3122 4993 7 0 0 0 
0 0 0 0 0 6 3869 314 0 0 
0 5561 0 0 0 0 0 0 0 0 
0 0 0 0 0 0 784 173 1108 0 
3762 0 1 0 0 58 0 0 0 0 
199 4 0 0 497 0 0 56 9 0 
0 14 0 9 909 1581 2 6 0 0 
4371 0 0 0 0 0 0 0 0 0 
1583 0 0 0 0 0 1 0 0 0 
2286 0 0 0 0 0 0 0 0 0 
10 0 0 0 0 0 0 0 1 1030 
0 0 0 0 6 1 0 1 1310 0 
0 0 0 0 657 0 0 0 0 0 
0 0 0 0 1 0 1462 0 0 0 
2841 0 0 0 0 0 0 0 0 0 
1082 0 0 0 25 1166 1637 0 1158 12 
548 96 0 0 968 92 19 29 0 22 
2191 0 8 0 1 1 0 56 0 0 
3961 0 0 0 0 1 0 0 0 0 
5 0 23 1339 3 0 1 0 0 0 
2140 36 0 2 0 0 0 1 0 1 
1 239 20 0 0 290 0 0 0 6 
1347 12 0 170 31 0 0 0 2 0 
1 788 0 0 4 0 0 0 0 0 
1 0 0 0 351 0 0 0 0 0 
0 0 0 0 0 186 479 0 0 0 
0 0 0 0 0 0 236 0 0 0 
189 0 0 0 0 0 0 0 0 0 
2 0 0 0 0 345 0 0 0 0 
0 0 0 419 4 0 0 0 0 0 
3 0 0 0 166 529 0 0 0 0 
0 1 0 573 0 0 0 3 0 0 
0 0 0 0 0 0 216 0 0 0 
0 86 0 0 0 0 0 0 0 0 
1 0 0 0 0 0 389 0 0 0 
0 0 2 0 0 0 0 0 189 0 
0 0 0 0 0 705 0 0 0 0 
0 0 0 0 0 0 170 0 0 0 
22 13 0 130 32 0 0 2 58 0 
0 0 0 0 0 482 0 0 0 0 
371 0 0 0 0 1504 53 0 15 0 
0 10 64 0 0 3 0 0 141 1 
0 1 0 0 0 0 0 0 382 7 
0 0 0 0 0 6 321 0 0 0 
153 4 18 0 0 296 1 124 0 1 
0 0 119 0 1 9 0 165 1 0 
0 0 412 0 0 1 0 1 0 0 
1 0 0 2 0 0 205 0 25 0 
162 0 0 0 0 0 0 0 1 181 
0 0 281 0 0 0 0 8 0 0 
169 0 0 660 0 17 164 0 3 142 
1 0 0 0 0 496 645 0 0 0 
0 0 0 5140 617 0 0 0 0 0 
0 0 0 39 367 0 0 0 0 0 
0 0 0 521 0 0 0 0 4 1 
0 0 0 0 18 360 109 0 0 0 
169 0 0 0 67 0 0 23 0 0 
0 197 11 0 0 0 1 4 0 1 
671 9 382 145 9 0 33 0 0 0 
203 1 0 0 0 0 20 5 6 2 
0 0 208 0 0 0 0 0 0 0 
3 0 17 0 192 125 0 1 85 60 
128 0 0 0 0 0 0 0 0 0 
0 0 0 0 0 2 553 0 0 0 
3 0 0 0 0 0 0 22 214 0 
0 0 0 2 425 0 0 0 0 0 
