4056 4 0 4 118 859 3644 0 0 0 
7732 21 0 0 0 0 1 0 0 0 
0 0 0 0 0 0 3584 479 0 85 
0 0 0 0 1 5 1567 0 1 0 
0 0 0 7 0 1388 2016 0 0 1 
0 0 0 0 0 0 20 812 3 0 
0 210 0 634 1462 0 0 2 0 0 
3415 0 472 379 137 13 1 0 0 0 
1 0 0 0 0 0 0 0 1337 214 
2361 0 0 0 0 0 0 126 0 1 
0 1 0 0 0 0 0 0 1 1034 
660 0 0 0 10 9 0 0 461 0 
655 0 0 0 0 0 16 0 0 0 
1348 0 0 0 0 0 0 0 92 0 
1682 0 0 0 0 0 0 0 0 0 
4559 0 0 0 0 0 0 0 0 0 
0 0 0 770 0 971 0 3 6 0 
3 0 0 0 0 0 2253 1 0 0 
399 0 0 2 4 0 3093 1 0 0 
0 0 1 1 0 1094 0 0 0 0 
0 0 1 0 0 2033 0 0 0 0 
0 461 2 0 0 1 1 0 0 0 
0 0 0 1493 0 0 0 0 0 0 
0 0 0 14 7 770 0 0 0 0 
2 334 0 0 0 1 7 0 0 0 
0 0 503 0 39 0 126 2 0 0 
0 0 0 0 0 0 0 0 236 0 
0 0 0 0 0 0 195 0 0 0 
353 0 0 0 0 0 0 0 0 0 
0 2 0 0 331 12 0 1 0 0 
163 0 0 0 0 446 25 0 24 5 
0 0 0 0 661 33 0 0 0 1 
222 0 0 0 0 0 1 0 0 0 
0 0 0 0 88 0 0 0 0 0 
0 0 0 0 0 365 22 0 0 0 
0 0 0 0 0 0 2 0 192 0 
736 0 0 0 0 0 0 0 0 0 
161 0 0 0 0 0 0 0 6 0 
8 0 0 0 246 3 0 0 0 0 
0 0 0 0 0 493 0 0 0 0 
0 0 0 0 0 1777 3 0 0 0 
0 52 0 2 8 119 50 0 0 4 
0 0 8 6 0 35 6 0 338 0 
0 0 0 5 0 70 296 0 0 0 
1073 0 0 0 2 0 0 0 0 0 
0 2 5 0 0 0 269 0 0 49 
0 59 32 314 0 1 3 0 0 2 
0 5 0 0 0 14 236 0 0 0 
348 0 0 0 0 0 0 0 0 21 
0 176 103 1 4 2 0 0 0 0 
1059 0 0 0 0 0 0 0 0 0 
0 2 0 243 26 556 170 0 110 0 
5 0 2 495 4646 145 0 0 0 0 
0 0 0 388 17 0 1 0 0 0 
4 0 0 0 1 5 0 0 517 0 
9 0 0 0 0 225 279 0 0 4 
0 0 12 116 7 0 0 127 19 3 
7 203 0 0 0 0 0 0 0 5 
0 0 0 532 773 0 17 0 0 10 
185 0 0 3 0 3 0 18 44 0 
0 0 206 0 2 0 0 0 0 0 
0 12 0 121 0 0 0 0 0 0 
0 0 11 7 7 116 0 376 17 42 
0 3 0 0 0 0 0 0 240 1 
0 0 0 26 0 459 1 0 0 0 
0 0 0 0 0 103 0 0 0 0 
0 2 0 0 14 0 0 20 150 0 
0 0 0 0 0 664 0 0 0 0 
268 0 20 0 0 0 0 87 0 2 
0 2462 189 1 0 2753 50 2 2 5 
0 0 0 0 0 0 252 0 0 0 
0 0 0 0 0 800 0 0 0 0 
4 0 0 0 1 2 906 0 0 0 
0 0 0 0 0 158 0 0 0 0 
0 0 89 0 0 0 0 0 0 0 
774 0 13 0 0 0 1 0 0 0 
3 0 0 0 19 525 0 2 2 0 
1528 0 0 0 0 0 0 0 0 0 
1068 0 0 1 0 0 0 0 0 0 
0 325 0 0 0 0 0 0 0 0 
