10054 399 0 0 0 39 110 0 0 1 
622 0 0 72 3181 4928 2 0 0 0 
0 0 0 0 1 16 3827 313 3 0 
0 5503 0 1 0 0 0 0 0 0 
8 0 0 0 0 0 757 146 1164 0 
3779 0 0 3 0 10 0 12 5 0 
821 0 0 0 0 0 0 8 0 0 
7 9 0 13 941 1530 1 0 0 0 
4401 0 0 0 0 0 0 0 0 2 
1560 1 0 0 0 0 0 0 0 0 
2329 0 0 0 0 0 0 0 0 0 
0 0 0 0 1 0 7 0 0 1034 
1 0 1 0 0 0 1 0 1136 2 
0 0 0 0 671 0 0 0 0 0 
0 0 0 0 0 0 1459 0 0 0 
2945 0 0 0 0 0 0 0 0 0 
723 0 8 2 0 1183 1626 0 1496 0 
595 74 7 0 1087 0 9 0 0 0 
2219 0 0 0 2 0 0 47 0 0 
3737 0 0 0 0 4 0 0 0 0 
0 7 117 1252 0 0 2 0 0 5 
2119 1 0 1 3 0 0 0 0 0 
1 270 0 0 0 281 2 0 4 0 
1283 0 4 246 7 0 0 0 0 0 
0 819 0 0 3 0 0 0 0 0 
0 0 0 0 348 0 0 0 0 0 
0 0 1 1 0 190 473 0 0 0 
0 0 0 1 0 0 235 0 0 0 
196 0 0 0 0 0 0 0 0 0 
1 0 0 0 0 347 0 0 0 0 
0 0 0 423 3 0 0 0 0 0 
5 2 0 0 227 464 3 0 0 0 
0 0 0 619 0 0 0 0 0 0 
0 0 0 0 0 0 218 0 0 0 
0 87 0 0 0 0 0 0 0 0 
2 0 0 0 3 0 387 0 0 0 
0 0 0 0 0 0 0 1 193 0 
0 0 0 0 0 702 0 0 0 0 
0 0 0 0 0 0 167 0 0 0 
82 0 0 171 0 2 0 0 4 0 
0 1 0 0 0 488 0 0 0 0 
441 1 0 5 1 1358 3 2 0 0 
0 0 0 0 167 16 0 0 31 4 
0 0 0 0 0 1 0 0 381 8 
0 0 0 0 0 9 371 0 0 0 
251 0 6 21 52 284 0 12 0 0 
15 0 222 0 4 54 0 0 1 0 
0 0 412 1 0 0 0 0 0 0 
1 6 2 3 1 0 187 5 0 27 
101 0 1 0 0 0 0 0 0 254 
0 0 261 0 0 0 0 24 0 0 
137 0 0 1003 0 0 0 0 0 0 
0 0 0 0 0 507 595 0 0 0 
0 0 0 5073 601 0 0 0 0 0 
0 0 0 36 365 0 0 0 0 0 
0 17 0 508 1 0 0 0 0 0 
0 0 0 0 24 378 105 0 0 0 
205 0 0 40 0 17 1 0 0 0 
4 0 0 0 0 211 0 0 0 0 
958 0 214 99 0 21 0 0 0 0 
35 0 0 217 0 0 0 0 0 0 
0 0 208 0 0 0 0 0 0 0 
0 28 0 18 163 2 178 23 19 101 
124 0 0 0 0 0 0 0 0 0 
0 0 0 0 0 0 575 0 0 0 
3 6 1 0 0 0 204 15 13 0 
0 0 0 0 443 0 0 0 0 0 
445 85 14 4 0 0 0 0 0 177 
0 0 0 1 1 0 0 1 179 0 
