4100 0 0 20 128 974 3424 0 0 0 
7687 9 0 0 0 0 0 0 0 1 
24 0 35 13 1 0 3799 275 0 2 
0 0 0 0 0 5 1548 0 1 0 
0 0 0 1 0 1429 1910 0 0 0 
0 1 0 4 0 0 25 806 1 0 
0 257 0 619 1435 0 6 0 0 0 
3594 0 463 259 75 17 0 0 0 0 
0 0 0 0 0 0 0 0 1308 244 
2376 2 0 0 0 7 3 121 0 0 
0 0 0 0 1 0 0 0 0 1031 
482 2 0 25 5 0 0 0 593 34 
674 11 0 0 0 0 0 0 0 0 
1398 0 0 0 0 0 1 0 41 0 
1617 0 0 0 1 0 0 0 0 0 
4508 0 0 0 0 4 0 0 3 2 
0 1 6 719 0 1001 0 0 14 0 
5 0 0 0 0 0 2264 0 0 0 
561 0 0 0 0 0 2937 0 6 0 
0 0 0 0 0 1083 0 2 0 0 
0 0 0 0 0 2005 0 0 0 0 
0 450 0 0 0 0 0 0 0 0 
3 0 0 1488 0 0 0 0 0 0 
0 0 0 32 5 732 0 3 0 0 
24 316 0 0 0 3 0 0 0 0 
0 2 429 2 0 0 116 0 121 0 
0 0 0 0 0 0 0 0 236 0 
0 0 0 0 0 0 201 0 0 0 
339 0 0 1 0 0 0 0 0 0 
0 0 0 0 337 7 0 0 0 0 
244 0 0 33 1 390 0 1 0 0 
0 0 0 0 645 39 0 1 2 0 
148 0 0 1 1 79 3 1 0 1 
0 0 0 0 88 0 0 0 0 0 
0 2 0 0 0 356 16 4 0 9 
0 0 0 0 0 0 0 0 193 0 
715 0 4 0 2 0 0 6 0 3 
172 0 0 0 0 0 0 0 0 0 
0 50 16 3 139 40 0 0 0 7 
0 0 0 1 0 489 1 0 0 0 
0 0 0 0 0 1798 1 0 0 0 
0 212 0 5 17 0 0 1 0 0 
0 0 0 2 8 0 0 0 383 0 
0 0 0 4 0 58 299 0 0 0 
1117 0 0 0 0 0 0 0 0 0 
0 26 2 0 0 0 165 0 140 0 
0 5 2 305 21 0 44 0 32 0 
0 0 0 0 0 0 240 0 3 2 
337 0 0 0 0 0 0 1 0 26 
1 171 1 0 13 0 0 97 0 0 
1018 0 6 0 0 0 0 0 0 0 
0 3 0 127 18 477 322 0 135 27 
0 0 0 475 4697 125 0 0 0 0 
0 1 0 388 17 0 0 0 0 0 
0 0 0 0 1 0 5 0 519 0 
4 0 0 0 0 237 280 0 0 0 
0 0 0 2 0 27 190 63 0 1 
0 1 0 81 0 5 0 128 0 0 
0 0 0 682 689 0 0 0 0 0 
231 0 0 0 1 0 2 9 0 0 
0 0 206 0 1 0 1 0 0 0 
0 5 0 0 0 0 0 73 52 3 
176 0 0 0 1 0 1 213 0 184 
0 0 0 0 0 0 0 0 244 0 
1 0 0 0 13 474 0 0 0 0 
0 0 0 0 0 100 1 1 0 0 
0 62 15 0 4 0 9 0 96 1 
0 0 0 0 0 687 0 0 0 0 
54 57 54 17 170 7 21 0 0 0 
0 2420 176 0 0 2856 23 0 7 0 
0 0 0 0 0 0 251 0 0 0 
0 1 0 0 0 790 0 1 0 1 
0 0 0 1 0 0 935 0 1 0 
0 0 0 0 0 158 0 0 0 0 
0 0 88 0 0 0 1 0 0 0 
809 0 0 1 0 0 0 3 0 0 
0 0 0 0 0 553 0 0 0 0 
1697 0 3 0 0 0 0 0 0 0 
1086 0 0 1 0 0 0 0 0 0 
0 341 0 0 0 0 0 0 0 0 
