141 122 171 138 164 155 136 171 160 180 161 132 173 147 173 183 150 193 213 164 140 123 160 154 133 
0 0 0 0 0 20 21 29 16 29 0 0 0 0 0 0 0 0 0 0 0 0 0 0 0 
0 2 0 14 0 0 0 0 14 0 0 0 0 24 0 0 0 0 16 0 0 0 0 20 0 
33 0 0 0 0 41 0 0 0 0 53 0 0 0 0 31 0 0 0 0 38 0 0 0 0 
0 1 0 0 0 0 10 0 0 0 0 4 2 0 1 0 0 0 0 0 23 41 14 8 11 
36 63 45 47 30 0 0 0 0 0 0 0 0 0 0 0 0 0 0 0 4 0 0 0 3 
0 31 0 0 0 0 24 2 0 0 0 32 0 0 0 0 29 1 0 0 0 28 0 0 0 
0 0 0 0 14 0 0 0 0 10 0 0 0 0 19 0 0 0 0 10 0 0 0 0 22 
0 0 0 0 0 0 0 0 0 0 2 10 9 7 10 0 0 0 0 0 0 0 0 0 0 
0 0 18 0 1 0 0 5 0 0 0 0 7 0 0 0 0 17 0 0 0 0 11 0 0 
