108 122 110 88 103 61 101 85 72 102 59 78 79 63 74 89 113 112 86 86 146 179 149 142 155 
0 0 0 0 0 0 0 0 0 0 0 2 0 0 1 0 0 0 0 0 18 25 20 30 42 
25 4 0 0 0 35 8 2 4 3 63 47 38 33 38 27 24 1 4 0 27 10 0 0 0 
42 0 0 0 0 43 0 0 0 0 43 0 0 0 0 50 3 0 4 5 50 0 2 0 1 
0 0 3 36 24 0 0 0 52 24 2 2 0 45 17 54 26 51 64 61 1 1 0 33 9 
1 4 0 0 0 12 17 31 8 25 13 34 27 12 31 0 18 1 2 4 0 0 0 0 4 
0 0 26 0 0 0 0 28 0 0 0 0 41 0 0 0 0 37 1 1 0 0 33 0 0 
0 10 0 0 0 0 4 0 0 0 0 3 0 0 1 67 59 66 62 50 0 0 0 0 0 
0 0 0 0 0 20 25 22 16 17 0 0 0 0 0 0 0 0 0 0 0 0 0 0 0 
30 17 17 4 4 53 48 18 30 30 23 7 0 0 0 13 5 2 0 7 15 3 0 0 0 
