58 105 118 128 131 73 101 74 144 162 45 132 72 115 103 124 114 137 93 101 94 185 159 177 184 
0 0 24 0 0 0 0 16 0 0 0 0 28 0 0 0 0 26 0 0 0 0 20 0 0 
17 0 0 0 0 28 0 0 0 0 30 0 0 0 0 36 0 0 0 0 24 0 1 0 0 
0 0 0 0 0 0 0 0 0 0 0 0 0 0 1 0 0 0 0 0 17 18 23 22 25 
64 8 0 0 0 83 37 20 0 19 83 0 15 0 1 20 30 8 14 0 117 0 0 0 0 
67 0 2 0 0 3 37 50 0 0 0 0 15 0 0 4 0 0 0 0 0 15 0 3 0 
0 2 0 0 0 0 0 0 7 1 0 0 5 2 0 114 104 99 116 113 0 0 1 3 1 
0 7 0 0 0 1 3 0 0 0 45 36 29 36 40 2 0 0 0 0 3 0 0 0 0 
0 2 0 0 0 19 20 13 26 19 0 0 0 0 0 0 0 0 0 0 2 0 0 0 1 
0 33 3 0 0 17 5 13 2 0 0 5 18 0 17 0 0 0 0 0 0 0 0 0 0 
0 0 9 0 0 0 0 0 3 0 0 0 3 0 0 0 0 0 0 0 0 0 0 0 0 
