145 0 0 572 5835 0 16 0 
0 136 49 460 6509 9 0 0 
5157 3 0 1 0 0 2 0 
0 0 1 1 0 2 4057 455 
0 0 0 0 0 35 8 4780 
0 407 0 0 0 0 0 0 
0 0 0 0 0 938 0 0 
46 0 269 0 346 7 0 20 
1 13 0 0 2 0 2461 0 
0 0 0 0 4821 0 0 0 
1766 0 7 1 0 404 7 0 
0 2 0 0 0 0 815 0 
0 0 3 7 51 268 2821 0 
3105 0 0 0 0 0 16 104 
0 0 0 0 0 2414 1 0 
1 0 0 0 2 1 660 1 
0 0 0 0 5930 0 13 0 
0 0 0 0 0 7 1 695 
0 0 0 0 0 0 694 0 
1 0 1 0 0 0 362 112 
0 959 0 3 1 4 7 1 
0 0 0 0 772 893 32 0 
0 0 0 817 0 0 0 2 
2 1 0 2 4794 0 0 0 
0 0 0 0 0 13 248 40 
0 0 0 0 4 311 1 2171 
0 9 0 0 0 7 6620 1 
0 0 0 0 6 1652 0 0 
0 0 0 0 0 1250 0 0 
0 647 261 6 0 11 29 0 
0 1381 210 0 1 5 0 0 
0 0 0 0 0 1594 0 0 
0 0 0 960 0 6 3 0 
0 1 0 0 30 2152 0 0 
0 0 0 0 0 0 0 594 
138 0 11 0 0 0 240 0 
0 0 0 49 1117 0 0 0 
0 0 0 0 0 0 577 2 
0 0 0 59 0 4 2885 0 
0 0 17 22 0 154 319 0 
0 0 0 0 756 36 0 0 
0 1 9 0 4 0 2025 0 
0 0 0 0 2 0 900 0 
2448 0 9 0 0 84 105 0 
2 30 0 0 0 695 0 0 
0 0 0 1 0 568 0 0 
0 0 0 19 0 1669 1 0 
729 0 0 31 0 1 0 1 
30 0 10 19 1 4 451 2366 
