40 27 0 0 76 1361 5104 2 
0 2163 496 848 1737 814 0 0 
1668 0 1 0 0 1472 0 135 
1397 82 0 0 5 0 50 2965 
0 0 0 0 0 0 4817 0 
0 408 0 0 0 0 0 0 
0 0 0 0 0 931 0 0 
203 123 4 0 131 184 0 38 
0 0 0 2 5 0 2469 0 
0 0 0 0 0 4815 0 0 
4 0 0 0 0 2174 0 5 
4 2 0 0 0 31 791 1 
0 0 0 0 0 0 3148 0 
0 0 0 0 0 0 2718 505 
419 2 0 1995 0 1 0 0 
0 0 0 0 0 0 664 0 
0 0 0 0 1 267 5590 0 
703 0 0 0 0 0 0 0 
0 329 0 5 11 0 2 278 
0 0 0 25 450 0 0 0 
0 90 0 0 10 18 852 4 
0 0 0 0 0 3 1749 0 
0 0 0 0 0 780 33 0 
0 0 0 0 0 4784 0 0 
0 0 0 0 0 0 315 19 
0 0 0 2 0 1963 7 515 
0 0 4933 0 1 0 1755 12 
0 0 0 1617 35 1 4 0 
0 0 0 0 0 1250 0 2 
0 0 953 0 0 0 1 0 
0 71 537 992 0 1 0 0 
0 0 0 14 0 1417 2 0 
2 0 514 416 0 34 0 0 
0 0 0 0 0 2266 0 0 
0 0 0 0 0 0 8 586 
0 388 0 0 0 0 0 0 
55 0 0 1109 0 2 2 0 
0 0 575 0 0 3 0 0 
0 4 0 2405 0 80 0 448 
510 0 2 0 0 0 0 2 
3 0 1 0 0 792 0 0 
0 0 0 1 0 0 2002 0 
0 0 0 0 0 1 17 903 
0 18 1 21 0 2429 155 29 
1 703 0 23 0 0 0 0 
0 0 1 0 0 567 0 0 
0 1 0 0 0 1791 0 0 
0 70 6 6 0 687 0 0 
0 0 0 0 0 0 2886 0 
1864 2 0 0 3 0 0 0 
5 0 1096 0 0 15 1 0 
