88 3 0 733 5759 0 2 0 
0 77 0 386 5578 3 0 0 
2413 377 139 0 0 0 292 33 
0 0 0 0 0 2 4121 389 
1 0 0 0 0 20 0 4554 
0 404 0 0 0 3 0 0 
0 4 0 0 0 932 2 0 
46 0 0 586 60 0 0 0 
0 13 0 0 0 0 2420 0 
0 0 0 2 4833 1 0 0 
1790 0 4 2 2 369 11 8 
1 0 0 0 0 0 821 0 
82 0 6 0 175 20 2859 1 
2823 0 1 0 0 1 15 71 
1 0 0 0 0 2408 1 0 
0 0 0 0 0 0 664 0 
0 0 0 0 5790 0 16 0 
0 0 0 0 1 0 0 702 
0 0 0 0 0 0 619 0 
0 0 0 0 2 0 359 117 
4 916 0 0 0 38 7 0 
0 9 0 0 762 977 23 0 
0 0 0 813 0 0 1 0 
0 0 0 0 4830 0 0 0 
0 0 0 0 0 0 41 776 
0 0 0 9 8 307 1 2160 
3 12 0 0 0 14 6671 0 
0 0 0 0 6 1651 0 0 
0 0 0 0 0 1255 0 0 
2 913 0 0 15 13 5 0 
9 1311 276 1 0 0 0 0 
0 0 0 0 0 1501 0 0 
0 0 0 956 4 3 3 1 
0 0 0 11 0 2279 0 0 
1 0 0 0 0 0 1 592 
117 34 2 0 176 47 0 10 
1 0 1 43 1118 0 0 3 
0 0 0 0 0 0 588 0 
0 0 0 29 1 4 2911 0 
3 0 109 0 0 0 402 0 
0 0 0 1 748 49 0 0 
0 0 0 0 0 0 2036 0 
0 0 0 0 0 0 902 1 
2322 0 0 28 10 76 242 0 
0 60 0 0 6 659 0 2 
0 0 0 0 0 568 0 0 
0 2 0 25 20 1659 5 0 
539 72 0 81 21 46 0 0 
10 3 58 0 0 0 2520 69 
1870 0 1 0 0 0 0 0 
0 0 401 0 697 17 7 0 
0 50 10 0 215 0 35 1 
