74 2 10 434 6828 121 21 0 
0 173 49 475 6693 537 0 0 
8067 95 200 83 30 12 81 0 
0 0 0 0 0 3 4070 527 
2862 29 16 12 0 46 118 4744 
5 383 2 0 0 0 0 1 
1 100 147 111 175 110 31 77 
136 0 117 0 16 145 0 248 
0 13 0 2 0 0 2456 0 
0 0 0 0 4777 0 0 0 
1788 6 32 0 0 370 130 45 
0 0 0 0 0 0 823 0 
503 2 57 279 402 517 1209 192 
1942 82 13 0 64 3 0 773 
0 0 0 0 0 2410 2 0 
0 0 0 0 0 0 579 145 
0 0 1 0 5536 0 17 0 
0 0 0 2 10 0 0 660 
0 0 0 0 0 0 1081 0 
0 0 0 0 0 0 366 115 
0 902 4 0 2 8 56 0 
0 0 0 0 1181 884 21 0 
0 0 8 803 0 0 11 0 
0 0 0 0 4705 0 0 0 
22 29 34 125 15 148 1909 4 
2 0 4 1 0 344 5 2124 
0 9 0 0 0 8 7148 0 
0 0 0 0 5 1649 0 1 
0 0 0 0 0 1762 0 0 
1 503 252 190 0 1 7 0 
0 1316 280 0 0 0 0 1 
0 0 0 0 0 2286 0 0 
1 0 1 918 0 11 0 0 
37 181 43 65 8 3140 0 3 
0 0 0 0 0 2 0 590 
94 152 0 27 0 51 34 0 
0 0 0 47 1132 0 0 0 
0 0 0 1 0 0 575 0 
0 0 0 48 0 8 2877 0 
0 0 0 0 14 497 4 0 
