71 36 0 194 220 2217 5244 0 
0 1 252 0 3 0 0 0 
30 7 0 0 0 1295 2095 414 
50 15 0 0 1 0 7160 333 
0 0 0 0 0 394 0 0 
0 5 28 6775 0 39 1812 0 
386 0 34 42 0 5596 29 0 
1850 13 0 3306 0 5 69 0 
1 0 0 0 261 7480 98 0 
0 0 3 181 2329 90 264 22 
0 0 0 0 0 0 3483 0 
0 0 0 0 0 0 2 365 
0 0 0 0 0 0 1063 0 
1513 0 0 73 0 0 3 0 
0 0 0 0 0 0 487 0 
2 2800 1749 0 0 77 1 0 
0 0 0 0 0 0 4853 0 
1185 0 0 0 0 0 1 128 
0 0 0 0 0 0 2894 0 
0 0 0 0 0 591 1 0 
17 0 0 0 0 2 2145 7 
1430 0 0 0 0 0 1063 967 
0 0 0 0 0 710 0 0 
0 2 0 0 0 2250 1 0 
0 0 0 0 12 7204 0 0 
0 1 6 1284 195 0 0 0 
6 2189 640 2701 2751 169 11 0 
0 0 0 0 0 3623 0 0 
1900 0 0 3 0 0 0 0 
0 1576 0 0 0 0 0 4 
0 0 0 21 4 0 0 2168 
1 1 0 3 0 803 2 0 
0 0 0 0 0 5559 7 0 
0 0 759 0 0 0 0 1 
0 0 0 0 0 2962 0 0 
0 0 3 3091 288 0 28 2 
0 3 1 2 0 0 541 1 
106 43 0 0 0 1585 3 0 
59 417 0 0 0 0 0 0 
0 0 0 0 0 1745 0 0 
103 0 1010 61 2 0 0 0 
1 4 0 168 14 245 10 287 
