53 25 0 154 281 2188 5278 0 
2 0 255 0 0 0 0 0 
43 0 0 0 0 1196 2102 489 
48 13 1 0 0 0 7170 327 
0 0 0 0 0 393 1 0 
0 15 50 6318 58 16 2192 1 
374 0 12 60 0 5624 19 0 
582 0 0 3243 0 20 0 12 
0 0 0 0 313 7421 89 0 
0 0 0 153 2283 64 37 0 
0 0 0 0 0 0 3498 0 
0 1 0 0 1 2 2 361 
2 0 0 0 0 0 1050 0 
1532 0 0 66 0 0 1 0 
0 0 0 0 0 0 487 0 
5 2595 1794 0 1 59 0 0 
0 0 0 0 0 0 4846 0 
1161 1 0 1 0 0 1 151 
0 0 0 0 0 0 2901 0 
0 0 0 0 0 592 0 0 
0 0 0 0 0 0 2171 0 
1089 0 0 0 1 3 1413 953 
0 0 0 0 0 710 0 0 
0 0 0 0 0 2253 1 0 
0 0 0 0 12 7207 0 0 
0 0 5 1219 193 0 0 0 
2 1871 669 2890 2834 149 18 0 
0 0 0 0 0 3621 0 0 
1894 0 0 0 1 0 0 0 
0 1721 0 0 0 0 0 2 
0 2 36 1 0 29 3 2120 
0 0 0 0 3 827 0 0 
0 0 0 0 0 5592 3 0 
0 0 760 0 0 0 0 0 
0 0 0 0 0 2941 0 0 
6 0 0 3053 309 1 56 0 
0 0 0 0 0 0 547 0 
29 78 0 0 0 1613 0 0 
98 396 1 0 0 0 0 0 
0 0 0 0 0 1794 0 0 
129 15 998 35 0 0 0 0 
0 0 0 681 0 134 227 23 
1 0 1 0 247 34 0 0 
1074 1 0 72 9 0 33 4 
