72 48 0 197 243 2198 5193 1 
0 0 256 1 0 0 0 0 
62 1 4 0 0 1190 2126 460 
53 15 0 1 0 0 7180 319 
0 0 0 0 0 394 0 0 
0 19 40 6436 1 24 2155 0 
431 1 8 58 0 5567 18 0 
1804 13 0 3274 0 85 58 13 
0 0 0 0 307 7438 93 0 
0 0 0 108 2186 60 247 0 
0 0 0 0 0 0 3478 0 
0 7 0 0 0 0 1 359 
0 0 0 0 1 0 1061 0 
1493 0 0 92 1 0 4 0 
0 0 0 1 0 0 486 0 
16 2786 1756 0 0 52 0 0 
0 0 0 0 0 0 4854 0 
1166 0 0 1 0 0 0 149 
0 1 0 0 0 0 2879 0 
0 0 0 0 0 592 0 0 
0 0 0 1 1 0 2166 1 
1370 2 0 0 0 0 1140 945 
0 0 0 0 0 715 0 0 
0 0 0 1 0 2252 1 0 
0 0 0 0 11 7198 0 0 
0 0 6 1316 169 0 0 0 
4 2018 693 2856 2718 162 2 0 
0 0 0 0 0 3619 0 0 
1901 1 0 0 0 0 0 1 
0 1591 0 1 0 0 0 0 
0 0 2 60 0 0 4 2126 
0 0 0 1 0 812 0 2 
1 0 0 0 0 5588 5 0 
0 0 758 0 2 0 0 0 
0 0 0 0 0 2960 0 0 
0 12 0 3106 246 0 47 0 
0 1 0 0 0 0 543 0 
87 64 0 1 0 1585 0 0 
101 373 2 0 0 0 0 0 
0 0 0 0 0 1745 0 0 
96 0 1018 61 0 0 0 0 
18 16 0 74 1 300 0 347 
0 0 1 2 280 0 0 0 
