135 105 169 126 153 153 123 153 139 171 152 117 151 144 164 140 115 141 175 130 151 122 149 139 132 
0 0 0 0 0 0 0 0 0 3 2 4 4 0 6 0 0 0 0 0 18 25 16 15 16 
0 0 26 0 1 0 0 19 0 0 0 3 22 0 7 5 0 25 0 0 2 0 20 1 0 
0 0 0 0 0 21 27 32 20 31 0 0 0 0 0 0 0 0 0 0 0 0 0 0 0 
35 0 0 0 0 42 0 0 0 0 53 0 0 1 0 26 0 0 0 0 34 0 0 0 0 
0 0 0 0 0 0 0 0 0 0 8 10 8 8 10 0 0 0 0 0 0 0 0 0 0 
0 0 0 0 21 0 0 0 0 12 0 0 0 0 16 0 0 3 0 9 0 0 0 0 21 
0 53 5 0 0 0 31 3 0 2 0 43 0 0 0 1 40 3 0 2 0 41 0 0 0 
39 57 33 45 34 0 4 0 0 0 0 0 0 0 0 0 0 0 0 0 0 2 0 0 0 
1 1 1 14 0 0 0 0 14 0 1 0 6 5 0 42 24 39 35 33 0 0 0 10 0 
0 3 0 14 0 0 6 0 17 0 0 1 0 20 0 0 0 0 19 0 0 2 0 17 0 
