0 5 0 1 1 2126 3 0 
8 0 0 0 0 999 0 1 
0 0 0 0 0 0 394 796 
6 0 0 0 10 0 667 0 
0 0 0 0 0 0 0 2117 
0 0 0 0 0 0 249 0 
0 484 0 0 0 13 0 0 
0 0 0 0 0 0 0 465 
5 0 0 0 242 10 2 0 
107 0 0 862 3 1 0 1 
1 106 0 0 0 1210 4 20 
0 0 355 1 0 0 0 0 
0 0 0 20 0 1633 0 0 
0 0 0 0 0 1205 0 0 
0 0 0 0 0 1210 0 0 
0 0 0 0 1 0 107 267 
0 0 0 0 0 360 0 0 
9 0 0 471 109 0 0 131 
133 0 5 185 0 46 0 1 
0 0 2 1 1 0 1 661 
152 92 0 12 5 11 4 98 
56 392 0 0 0 0 66 0 
0 0 0 755 0 0 0 0 
1 289 0 29 138 8 115 17 
1 8 0 115 1099 0 5 0 
0 4 0 0 0 1319 319 0 
155 0 0 45 190 262 19 1 
0 7 1 0 356 0 0 0 
0 1 0 0 0 0 693 0 
0 3 0 0 0 168 243 1 
0 0 2 0 0 2314 0 4 
0 3 0 0 4 0 2 1523 
0 0 0 2 3 275 0 0 
0 0 0 0 0 1387 1 0 
0 17 176 57 560 2 0 70 
0 0 0 0 0 0 0 238 
298 0 1 0 0 0 0 17 
0 0 317 0 16 12 6 0 
0 0 0 0 318 3 0 0 
0 0 186 609 13 0 0 140 
0 100 224 226 423 62 0 1 
8 0 2 0 0 889 0 0 
0 0 0 0 486 0 0 28 
0 0 0 0 696 1 0 0 
804 0 0 0 0 2 7 0 
0 0 11 0 0 0 4 571 
