298 1342 375 0 0 128 0 0 
0 0 0 161 755 92 0 0 
0 0 2 0 0 305 877 0 
1 0 0 0 388 7 289 0 
1759 0 0 0 0 0 0 360 
242 0 0 0 0 0 7 0 
0 530 0 0 0 0 0 0 
204 1 0 0 22 163 69 5 
0 1 0 250 0 0 8 0 
143 25 94 148 87 106 362 0 
160 834 282 0 0 0 32 0 
1 1 352 2 0 0 0 0 
805 40 8 6 20 747 3 20 
138 0 77 794 0 0 196 0 
719 0 501 0 87 0 10 5 
0 0 0 0 0 375 0 0 
0 0 0 0 0 360 0 0 
2 0 1 0 714 0 0 3 
0 4 0 379 0 0 0 7 
1 0 0 0 0 33 2 630 
0 0 0 0 0 374 0 0 
48 335 0 0 0 8 10 113 
0 0 755 0 0 0 0 0 
0 0 0 0 1 596 0 0 
0 196 0 125 900 0 7 0 
0 1 6 0 0 0 1635 0 
0 0 8 0 663 1 0 0 
0 0 52 4 243 0 0 65 
0 0 0 0 0 672 22 0 
0 0 0 1 0 0 5 409 
2205 0 0 0 0 0 1 0 
0 0 0 0 0 1536 0 0 
1 1 0 0 0 243 1 34 
0 1 6 0 2 1393 0 0 
5 209 497 0 0 3 151 17 
0 0 0 0 0 0 0 253 
0 0 0 0 0 0 0 316 
21 0 0 0 273 0 0 57 
0 0 0 4 82 235 0 0 
4 0 19 911 0 0 0 1 
119 241 658 0 0 0 0 0 
0 0 0 0 0 634 0 265 
17 62 3 0 0 0 2 413 
0 0 11 4 681 1 0 0 
819 0 0 0 0 0 0 0 
0 0 0 0 0 586 0 0 
