0 0 0 0 0 1502 0 2 
0 0 0 0 3 378 0 0 
8 0 2 0 0 1 443 734 
4 80 0 0 0 0 185 5 
0 0 0 0 0 0 0 2120 
0 0 0 0 0 0 249 0 
1 472 0 20 0 1 0 3 
0 0 0 0 0 0 0 465 
12 247 0 0 0 0 0 0 
0 0 2 959 0 0 4 0 
35 0 0 0 25 136 10 85 
0 10 340 0 0 0 4 2 
0 0 6 0 0 1515 7 5 
0 0 1 0 0 1204 0 0 
0 0 0 0 0 1323 0 0 
2 0 0 0 0 0 114 259 
0 0 0 0 0 359 0 0 
483 116 0 91 10 2 18 0 
0 240 32 0 9 8 52 19 
2 5 0 0 0 3 0 657 
43 14 198 33 85 0 0 0 
53 118 66 0 0 4 237 37 
0 0 0 754 0 1 0 0 
0 113 2 0 111 5 1 0 
0 33 15 155 699 0 0 0 
0 0 0 5 0 1497 29 0 
0 0 102 567 0 0 0 4 
0 3 0 3 358 0 0 0 
0 0 2 3 0 0 686 5 
0 0 0 0 1 161 253 0 
0 0 0 13 0 953 7 38 
0 0 1 5 0 0 0 1523 
0 0 0 0 0 280 0 0 
0 0 0 0 0 1434 0 0 
79 0 2 0 790 3 6 2 
0 0 0 0 0 0 0 248 
288 1 0 0 0 1 0 15 
0 20 106 6 0 73 79 67 
8 0 0 0 621 12 0 0 
1 2 229 569 14 0 0 151 
0 105 175 236 453 50 8 1 
0 0 0 12 2 846 19 10 
0 0 0 0 492 0 0 29 
0 0 0 0 697 0 0 0 
816 0 0 0 0 0 0 2 
0 0 0 0 0 0 0 586 
0 0 0 1 0 0 628 0 
92 42 52 0 0 432 57 18 
0 0 0 2 0 1262 0 0 
0 0 0 0 0 981 0 0 
23 35 0 92 163 47 0 5 
5 0 3 0 0 537 0 0 
