1 2 2 0 0 1446 27 0 
3 0 0 0 2 389 0 0 
22 0 0 0 0 0 459 729 
54 16 16 0 0 188 0 0 
0 0 0 0 0 0 4 2077 
0 0 0 0 0 0 249 0 
0 717 0 0 0 0 0 0 
0 0 0 0 0 0 0 465 
3 10 50 0 84 67 158 0 
39 1 2 923 0 0 0 0 
0 1 0 19 0 209 34 28 
0 0 354 0 0 2 0 0 
0 28 81 7 3 1377 30 0 
0 0 0 0 0 1203 2 0 
0 0 0 0 0 1317 0 0 
0 0 1 0 0 0 9 288 
0 0 0 0 0 360 0 0 
507 17 0 0 0 0 1 195 
0 0 0 0 7 0 0 655 
162 1 18 0 0 0 2 192 
55 222 5 0 45 0 185 2 
0 0 0 755 0 0 0 0 
0 10 0 4 0 178 40 0 
0 0 0 161 741 0 1 0 
0 0 0 0 0 1497 25 0 
0 0 352 4 0 0 0 6 
0 0 0 0 358 0 0 0 
1 0 0 0 0 0 760 0 
1 0 0 0 0 132 282 0 
20 0 180 83 0 787 0 0 
0 4 3 7 45 0 35 1312 
0 0 0 0 0 280 0 0 
0 0 0 0 1 1416 0 0 
28 2 21 259 0 0 572 0 
0 0 0 0 0 0 0 263 
280 0 0 0 0 0 0 26 
0 23 5 6 15 2 0 126 
0 0 0 0 639 1 0 1 
0 1 147 668 33 5 0 147 
1 81 203 219 450 36 0 1 
0 0 0 1 31 850 2 0 
0 1 0 0 510 0 0 6 
0 0 0 1 696 0 0 0 
746 33 1 0 11 0 0 18 
0 1 0 0 0 5 0 581 
0 0 0 0 0 0 628 0 
2 19 0 71 0 595 0 6 
0 0 0 0 1 1263 0 0 
0 0 0 4 0 954 23 1 
91 0 0 17 11 10 236 0 
14 0 0 16 2 532 0 0 
0 37 2 0 0 272 0 0 
0 7 0 11 1 0 0 319 
