292 590 1240 4 9 2 0 11 
0 2 0 137 735 134 0 0 
0 0 0 0 0 254 976 0 
0 8 0 0 632 0 0 0 
1776 0 0 0 0 0 0 332 
1057 0 0 0 0 0 7 0 
0 529 0 0 0 0 0 0 
97 0 0 0 210 157 1 0 
0 0 0 255 0 0 4 0 
34 150 39 1 390 238 122 0 
384 314 473 0 0 14 108 1 
0 0 278 0 0 28 46 4 
952 5 6 0 436 261 0 0 
144 55 0 666 3 55 282 0 
118 0 453 7 472 143 0 7 
0 0 0 0 0 375 0 0 
0 0 0 0 0 359 0 0 
0 0 0 0 720 0 0 0 
0 25 0 359 0 8 0 1 
0 0 0 0 0 30 0 634 
0 0 0 0 0 374 0 0 
256 115 0 74 0 0 0 70 
0 0 755 0 0 0 0 0 
0 0 0 0 0 597 0 0 
0 279 0 204 745 0 0 0 
108 1 1 2 10 0 1524 0 
0 0 4 0 669 0 0 0 
0 3 8 103 201 2 1 46 
0 0 0 0 0 666 27 0 
0 0 0 0 0 0 7 408 
2316 0 0 0 0 0 0 10 
0 0 0 0 0 2121 0 0 
1 2 85 0 2 186 4 0 
0 4 0 0 0 1376 0 0 
282 127 34 0 0 0 338 101 
0 0 0 0 0 0 0 263 
0 0 0 0 0 0 0 316 
0 0 0 6 334 0 0 11 
1 0 41 3 11 264 1 0 
10 0 13 904 3 0 3 1 
103 246 675 3 0 1 0 2 
0 0 1 0 0 663 2 234 
3 0 0 26 2 0 0 467 
0 0 4 2 688 3 0 0 
