0 558 0 182 473 264 0 0 
0 0 0 76 318 0 0 0 
1 0 2 0 0 283 901 0 
2 0 0 0 269 0 0 3 
1789 0 0 0 0 1 2 277 
243 0 0 0 0 0 8 0 
0 497 0 0 0 0 0 0 
0 415 4 0 0 0 1 45 
2 0 0 381 0 0 2 0 
11 6 171 369 27 375 6 0 
31 120 45 45 40 8 2 0 
0 3 0 330 0 2 19 9 
1366 6 0 5 116 0 0 4 
5 0 3 1177 0 0 0 20 
0 0 1024 2 297 0 0 0 
0 0 0 0 0 375 0 0 
1 1 1 0 0 350 1 5 
0 10 0 0 700 0 0 10 
0 19 2 116 59 14 1 9 
0 0 0 0 0 98 0 573 
0 0 0 0 0 370 0 0 
1 247 142 0 2 0 9 114 
0 0 755 0 0 0 0 0 
0 0 0 0 0 232 0 0 
57 467 0 260 7 107 4 0 
165 0 0 11 0 0 1349 0 
18 0 0 9 331 4 0 0 
2 0 0 129 147 0 68 5 
0 0 0 0 0 672 26 0 
0 0 0 0 0 0 11 404 
1083 0 2 0 0 0 0 0 
0 0 0 0 0 1519 0 0 
5 0 15 5 0 239 16 0 
0 4 0 0 0 1418 0 0 
0 0 16 94 0 4 607 161 
0 0 0 0 0 0 0 270 
0 0 0 0 0 0 0 306 
3 0 173 1 0 0 7 218 
27 287 0 66 138 1 116 6 
0 0 63 906 0 0 0 2 
1 290 715 2 0 0 0 0 
1 0 0 0 5 641 0 240 
0 44 40 1 398 0 0 39 
1 1 0 0 670 11 8 6 
815 0 0 0 0 0 0 0 
0 0 0 0 0 584 0 0 
0 0 0 18 1 80 530 0 
0 416 170 43 0 55 0 9 
1215 0 0 0 0 46 3 0 
0 979 0 0 0 2 0 1 
7 353 0 0 4 0 1 0 
0 0 0 2 284 276 0 0 
0 0 0 0 311 0 0 0 
