276 773 1893 0 0 0 0 0 
0 2 0 152 741 112 1 0 
0 0 0 0 0 274 941 0 
0 0 0 14 1319 0 0 1 
1683 0 4 0 0 0 0 434 
1058 0 0 0 0 0 7 0 
2 0 0 96 59 97 1 0 
0 536 0 0 0 0 0 0 
2 9 1 4 332 18 99 0 
46 0 0 211 0 0 2 0 
0 22 0 0 152 208 82 510 
185 475 318 211 0 70 184 45 
0 61 149 0 9 7 130 0 
499 168 32 105 308 418 79 31 
194 128 2 328 124 113 249 58 
227 146 86 247 252 106 102 27 
0 0 0 0 0 375 0 0 
0 0 0 0 0 361 1 0 
0 0 0 6 714 0 0 0 
0 10 0 358 1 0 1 0 
0 0 0 6 0 27 30 601 
0 0 0 0 0 374 0 0 
0 514 0 0 0 0 0 0 
0 0 775 0 0 0 0 0 
0 0 0 0 0 596 0 1 
26 350 5 151 567 10 120 0 
0 0 0 0 0 714 94 81 
200 1 0 1 0 0 1437 7 
0 0 0 0 673 0 0 0 
0 0 22 129 213 0 0 0 
0 0 0 0 0 668 26 0 
0 0 0 0 0 0 7 408 
2245 0 0 0 0 84 0 2 
0 0 0 0 0 2118 0 0 
0 32 0 0 1 243 4 0 
0 0 0 0 0 1061 0 107 
402 17 3 232 0 1 90 137 
1 32 7 0 93 0 2 555 
0 0 0 0 0 0 0 407 
3 40 9 36 249 0 7 7 
37 31 3 28 0 180 9 33 
0 0 19 932 3 0 0 0 
