506 844 784 1 2 0 0 0 
0 3 0 135 780 90 0 0 
0 2 0 0 0 302 926 1 
43 0 0 0 599 0 0 0 
1718 0 0 0 0 0 0 390 
242 0 0 0 0 0 7 0 
0 530 0 0 0 0 0 0 
250 1 0 5 140 69 0 0 
0 0 0 259 0 0 0 0 
102 227 3 0 182 376 84 0 
258 619 242 0 0 0 140 49 
0 0 344 0 0 0 11 1 
744 0 1 0 439 459 12 0 
168 34 0 850 0 0 110 43 
424 4 285 0 293 152 42 2 
0 0 0 0 0 298 0 0 
0 1 0 0 0 358 0 0 
0 15 0 1 704 0 0 0 
5 0 0 363 0 2 0 0 
0 0 0 0 0 26 0 639 
0 0 0 0 0 374 0 0 
374 1 0 43 0 97 0 0 
0 0 754 0 0 0 0 1 
0 0 0 0 0 597 0 0 
1 247 4 313 649 1 9 4 
67 0 0 6 0 1 1574 0 
0 0 6 0 664 0 2 0 
0 40 0 63 196 0 0 65 
0 0 0 0 0 751 20 0 
0 1 0 0 0 0 12 402 
2313 0 2 0 0 0 0 9 
2 0 0 0 0 2117 0 0 
10 2 0 0 0 268 0 0 
1 0 0 4 0 1375 2 1 
138 142 211 0 0 0 379 12 
0 0 0 0 1 0 1 261 
3 0 0 0 0 0 0 313 
2 3 8 12 211 0 115 0 
1 0 79 0 3 233 4 1 
0 1 25 928 0 0 0 0 
109 310 611 0 0 0 0 0 
13 0 1 0 0 611 0 274 
0 3 10 4 0 0 0 481 
0 0 1 0 696 0 0 0 
813 0 0 0 0 0 0 0 
