19 367 0 95 679 307 2 1 
0 1 0 89 302 2 0 0 
0 0 0 0 0 259 929 0 
0 0 0 0 273 1 0 0 
1805 0 0 1 0 0 0 262 
242 0 0 0 0 0 7 0 
0 497 0 0 0 0 0 0 
15 193 0 1 10 0 44 202 
0 1 0 389 5 0 0 0 
0 115 2 381 30 436 1 0 
4 0 74 195 0 15 0 3 
0 0 0 257 5 58 0 36 
1445 0 0 0 39 0 12 0 
3 0 0 1021 0 69 26 86 
0 5 976 0 343 0 0 0 
0 0 0 0 0 375 0 0 
0 0 0 1 0 358 0 0 
0 1 4 5 708 1 0 1 
10 2 0 195 13 0 0 0 
0 0 2 0 4 90 0 575 
0 0 0 0 0 370 0 0 
0 374 0 0 0 0 0 141 
0 0 755 0 0 0 0 0 
0 0 0 0 0 232 0 0 
279 373 0 152 20 45 26 6 
42 0 2 0 0 0 1471 0 
0 0 0 0 673 0 0 0 
4 35 0 203 120 2 0 0 
0 0 0 0 0 678 20 0 
0 0 0 0 0 0 6 409 
1090 0 0 0 0 0 0 0 
0 0 0 0 0 1530 0 0 
1 2 0 5 0 269 3 0 
5 0 1 0 0 1407 0 8 
0 0 0 142 6 3 551 180 
0 1 0 0 0 0 0 268 
0 0 1 0 0 0 0 305 
161 0 16 3 0 0 0 209 
103 237 58 22 218 0 3 0 
3 0 80 873 0 22 0 7 
0 319 665 1 0 4 0 2 
0 0 2 0 0 683 0 201 
2 48 0 1 457 0 5 0 
0 14 0 0 683 0 0 0 
815 0 0 0 0 0 0 0 
0 0 0 0 0 585 0 0 
0 0 0 0 0 24 613 0 
0 174 441 77 0 1 0 0 
1161 0 67 0 1 17 4 14 
0 964 1 0 0 3 21 0 
32 328 1 0 4 0 0 0 
0 2 0 8 286 266 0 0 
