0 8 0 3 0 2121 4 0 
4 1 0 4 0 999 0 0 
0 0 5 0 0 0 360 825 
0 0 0 0 7 1 674 1 
0 0 0 0 4 0 0 2113 
0 0 0 0 0 0 249 0 
0 461 0 0 0 75 0 0 
0 0 0 0 0 0 0 465 
0 2 0 0 247 9 1 0 
87 0 0 887 0 0 0 0 
4 95 0 0 2 1184 0 17 
0 0 356 0 0 0 0 0 
0 0 0 34 0 1621 0 0 
0 0 0 0 3 1202 0 0 
0 0 0 0 0 1205 0 0 
0 0 0 0 0 0 111 264 
0 0 0 0 0 360 0 0 
0 0 0 480 135 0 0 105 
153 0 1 184 0 21 0 11 
0 0 0 0 0 0 10 656 
165 81 0 9 1 13 16 89 
53 387 0 1 2 0 70 1 
0 0 0 755 0 0 0 0 
4 230 0 14 210 17 107 15 
1 2 0 95 1124 0 6 0 
0 6 0 1 0 1266 361 8 
104 0 0 45 205 301 17 0 
0 3 0 0 361 0 0 0 
0 0 0 1 0 0 693 0 
0 1 0 2 0 142 266 4 
3 0 1 0 0 2313 0 4 
0 4 0 0 11 0 0 1517 
1 0 0 0 0 279 0 0 
0 0 0 1 0 1389 0 0 
0 28 132 65 555 0 0 102 
0 0 0 0 0 0 0 254 
295 1 0 0 0 0 0 20 
0 0 258 0 36 24 33 0 
0 0 0 0 321 0 0 0 
2 1 161 623 17 0 0 150 
0 114 228 234 413 41 0 0 
9 0 4 0 1 885 0 0 
0 0 1 0 489 0 0 8 
0 0 0 0 697 0 0 0 
807 0 0 0 0 0 1 5 
0 0 12 0 0 0 5 569 
