42 0 0 0 0 1434 0 1 
0 1 0 0 0 393 0 0 
0 0 0 0 0 0 402 786 
70 0 0 74 1 107 1 21 
0 0 0 0 2 0 0 2067 
0 0 0 0 0 0 249 0 
0 461 0 0 0 5 0 3 
0 0 0 0 0 0 0 465 
0 1 303 4 8 0 73 5 
10 0 0 953 0 0 0 2 
0 0 145 0 0 146 0 0 
0 0 356 0 0 0 0 0 
6 0 1 3 11 1479 0 0 
0 0 0 0 0 1205 0 0 
0 0 0 0 0 1322 0 0 
0 0 0 0 0 0 109 266 
0 0 0 0 0 360 0 0 
519 1 17 45 138 0 0 0 
24 67 141 0 2 10 1 3 
0 1 0 0 3 0 1 667 
1 0 0 0 0 0 0 369 
30 204 25 0 60 0 192 4 
1 0 0 754 0 0 0 0 
53 29 3 0 41 0 101 5 
0 2 4 202 694 0 0 0 
0 0 0 0 0 1476 72 1 
1 11 301 0 9 8 0 32 
0 0 0 2 349 0 0 0 
0 0 0 0 0 0 697 0 
0 2 4 0 0 157 252 0 
0 0 0 0 0 822 260 2 
3 121 1 0 4 12 21 1358 
0 0 0 0 0 280 0 0 
0 0 0 0 0 1419 0 0 
123 168 0 10 86 0 495 0 
1 0 0 0 0 0 0 276 
272 0 0 3 0 0 0 31 
0 0 5 0 1 131 0 264 
0 0 0 1 609 31 0 0 
1 1 169 559 24 2 0 213 
0 48 204 235 464 57 0 0 
4 0 9 0 1 871 1 0 
0 0 0 0 513 0 0 2 
0 0 0 0 697 0 0 0 
809 0 0 0 6 0 0 0 
0 0 0 5 0 0 2 577 
0 0 0 0 0 0 608 0 
78 2 30 0 0 505 0 78 
0 0 0 0 0 1263 0 1 
0 0 0 0 0 978 4 0 
0 0 2 344 0 0 19 0 
0 0 0 0 0 562 0 0 
0 0 272 0 0 16 3 20 
