30 422 0 105 551 355 0 0 
0 0 0 81 319 0 0 0 
0 0 5 0 0 346 837 0 
0 0 0 0 274 0 0 0 
1717 0 0 0 0 0 0 350 
242 0 0 0 0 0 7 0 
0 497 0 0 0 0 0 0 
13 181 0 0 1 0 35 235 
0 0 0 389 5 1 0 0 
0 110 0 423 49 377 6 0 
1 0 43 190 5 52 0 0 
0 0 2 276 0 54 0 24 
1468 0 3 0 14 0 27 0 
1 0 4 1083 0 43 39 35 
0 0 901 0 422 0 1 0 
0 0 0 0 0 374 0 1 
0 0 0 0 0 359 0 0 
0 6 0 5 708 0 0 1 
2 19 0 182 17 0 0 0 
0 0 0 0 2 74 0 596 
0 0 0 0 0 370 0 0 
0 386 0 0 0 0 1 128 
1 0 754 0 0 0 0 0 
0 0 0 0 0 232 0 0 
227 422 0 200 8 26 18 0 
46 0 2 0 1 0 1468 0 
0 0 0 1 672 0 0 0 
0 39 0 171 154 0 0 0 
0 0 0 0 0 672 25 0 
0 0 0 1 0 0 6 408 
1073 0 0 0 0 0 0 0 
0 0 0 0 0 1530 0 0 
0 14 0 10 0 256 0 0 
0 0 2 0 0 1418 0 2 
0 0 0 214 10 0 515 143 
0 0 0 0 1 0 0 279 
0 0 0 0 0 0 0 306 
110 0 42 0 0 0 0 237 
136 221 25 8 214 0 33 4 
0 1 37 928 0 2 0 0 
0 286 719 3 0 0 0 0 
0 0 0 0 1 686 1 198 
3 47 0 0 441 0 9 3 
0 9 1 0 677 0 10 0 
815 0 0 0 0 0 0 0 
0 0 0 0 0 585 0 0 
0 0 1 7 0 13 613 2 
0 224 396 68 0 0 0 5 
1181 0 63 0 0 7 0 13 
0 959 4 7 0 0 13 6 
4 316 0 0 44 0 0 1 
0 2 0 0 295 265 0 0 
