0 0 0 398 1074 1 0 0 
0 0 0 79 320 0 0 1 
1 0 0 0 0 250 944 15 
0 0 0 0 272 2 0 0 
1742 0 0 0 0 0 9 319 
242 0 0 0 0 0 7 0 
0 717 0 0 0 0 0 0 
0 0 14 413 0 38 0 0 
3 2 0 358 4 5 0 0 
0 7 17 18 0 923 0 0 
1 1 53 2 20 0 0 214 
0 92 0 28 0 0 170 66 
1505 0 3 0 0 2 10 0 
1 29 1 1075 0 97 2 0 
62 126 489 0 487 0 0 159 
0 0 0 0 0 375 0 0 
0 0 0 0 0 360 0 0 
4 0 13 0 703 0 0 0 
0 1 2 1 1 48 0 609 
0 0 0 0 0 375 0 0 
355 76 0 0 16 0 67 0 
0 0 755 0 0 0 0 0 
3 0 1 0 0 228 0 0 
9 639 3 62 0 1 9 180 
0 0 0 21 0 6 1496 0 
52 42 10 29 221 0 3 5 
0 0 0 335 7 8 0 8 
0 0 0 0 0 674 26 0 
0 0 1 0 0 8 9 397 
1060 0 0 0 0 3 0 7 
0 0 0 0 0 1444 0 1 
35 0 0 11 0 234 0 0 
0 0 2 7 0 1405 2 0 
1 0 0 19 345 0 517 0 
0 0 0 1 0 0 0 258 
0 0 0 0 0 0 0 306 
0 0 174 0 0 0 3 0 
30 611 0 0 0 0 0 0 
0 0 31 970 0 0 0 0 
1 320 669 0 1 0 0 0 
0 0 3 0 0 629 0 252 
0 0 434 0 76 0 22 0 
0 0 0 1 687 0 0 9 
809 0 0 0 0 0 0 0 
0 0 0 0 0 587 0 0 
0 0 0 0 7 10 594 0 
57 168 92 0 0 1 360 15 
908 32 6 35 68 212 3 0 
0 979 0 0 0 3 0 0 
88 276 0 1 0 0 0 0 
0 0 0 0 318 246 0 0 
2 1 0 0 306 2 0 0 
0 0 0 0 2 289 8 0 
