363 596 1204 13 10 0 0 2 
0 0 0 148 766 94 0 0 
0 5 0 1 0 334 890 1 
0 10 0 7 621 0 0 2 
1799 0 0 0 0 0 0 309 
1057 0 0 0 0 0 7 0 
0 503 0 0 0 0 0 0 
191 3 0 0 120 151 0 0 
0 0 1 242 0 0 16 0 
5 142 11 0 326 316 174 0 
377 297 461 0 0 0 103 17 
0 0 275 0 1 34 22 24 
940 17 0 6 358 336 0 3 
173 20 0 589 4 61 356 2 
152 0 349 8 536 156 0 0 
0 0 0 0 0 375 0 0 
5 0 0 1 1 352 0 0 
1 0 1 0 710 2 6 0 
0 83 0 314 0 0 0 0 
0 2 2 0 0 30 0 631 
0 0 0 0 0 374 0 0 
276 75 0 99 1 0 0 64 
0 0 755 0 0 0 0 0 
0 0 0 0 0 597 0 0 
0 240 0 201 786 1 0 0 
110 1 0 19 5 0 1512 0 
1 0 2 0 670 0 0 0 
0 8 17 84 228 0 0 27 
0 0 0 0 0 672 21 0 
0 0 5 0 0 0 12 398 
2321 0 2 0 0 0 0 2 
0 1 0 0 0 2118 0 0 
15 0 111 0 0 147 7 0 
0 0 3 2 0 1374 0 0 
285 221 31 0 0 0 276 69 
0 0 0 1 0 1 0 245 
0 0 3 0 0 0 0 313 
0 2 1 0 298 0 17 33 
0 8 41 5 36 231 0 0 
2 0 0 952 1 0 0 0 
108 198 723 0 0 0 1 0 
0 0 0 2 0 611 0 287 
9 1 0 19 0 0 0 485 
0 3 5 0 688 0 1 0 
