265 923 1751 1 0 0 0 0 
0 0 0 169 726 113 0 0 
0 2 0 0 1 316 898 0 
0 0 0 39 1290 1 0 4 
1716 0 3 0 0 0 0 402 
1058 0 0 0 0 0 7 0 
6 0 0 123 20 80 0 0 
0 478 0 0 0 0 0 0 
0 0 0 4 305 6 150 0 
37 0 0 222 0 0 0 0 
0 9 0 0 72 185 88 620 
128 506 321 183 0 87 162 101 
0 94 151 0 1 0 109 1 
456 182 30 181 326 400 79 32 
268 138 0 341 106 86 214 43 
210 147 141 201 217 99 81 45 
0 0 0 0 0 298 0 0 
0 0 1 0 0 360 1 0 
0 0 0 14 705 0 1 0 
2 0 0 368 0 0 0 0 
0 0 0 0 0 22 1 641 
0 0 0 0 0 374 0 0 
9 563 0 0 0 0 0 0 
0 0 775 0 0 0 0 0 
0 0 0 0 0 597 0 0 
43 325 26 186 554 10 85 0 
0 0 0 0 0 730 106 55 
168 0 0 1 0 0 1459 19 
0 0 7 0 664 0 1 1 
0 0 43 155 152 2 12 0 
0 0 0 0 0 742 27 0 
0 0 0 2 0 0 9 404 
2315 2 0 0 2 31 0 8 
0 0 0 0 0 2118 0 0 
1 50 3 0 4 217 2 3 
0 0 0 0 2 1109 1 59 
338 25 6 251 0 23 101 138 
15 15 0 0 114 9 0 537 
0 0 0 0 0 0 0 408 
0 26 25 33 233 0 34 0 
47 29 21 37 0 145 16 26 
1 0 61 890 0 2 0 0 
