0 313 0 91 608 457 1 0 
0 1 0 81 317 0 1 0 
0 0 6 0 0 265 917 0 
0 0 0 2 272 0 0 0 
1787 3 0 0 1 0 0 318 
242 0 0 0 0 0 7 0 
0 497 0 0 0 0 0 0 
57 143 2 0 5 43 0 215 
0 0 0 394 1 0 0 0 
3 198 0 318 27 419 0 0 
1 0 215 74 1 0 0 0 
0 0 0 173 0 38 0 145 
1408 0 14 10 68 0 0 7 
0 25 34 955 0 41 4 146 
12 0 1202 0 103 0 0 8 
0 0 0 0 0 375 0 0 
1 0 0 0 0 358 0 0 
5 0 0 1 709 2 3 0 
2 0 0 218 0 0 0 0 
0 0 0 0 0 103 0 567 
0 0 0 0 0 371 0 0 
5 402 0 0 0 3 2 103 
0 0 755 0 0 0 0 0 
0 0 0 0 0 232 0 0 
272 246 4 159 88 2 130 0 
125 0 0 0 0 4 1380 2 
0 1 0 0 659 0 7 6 
0 113 2 152 33 64 0 0 
0 0 0 0 0 668 30 0 
0 0 0 0 0 1 8 406 
1072 0 0 0 0 0 0 0 
0 0 0 0 0 1529 0 0 
4 0 9 10 0 257 0 0 
0 0 0 2 0 1425 2 0 
3 4 0 111 0 0 491 273 
3 0 0 0 2 0 0 265 
2 0 0 0 0 0 1 302 
0 0 28 0 0 0 5 318 
72 358 60 16 132 3 0 0 
0 3 63 899 1 2 0 0 
0 267 741 0 0 0 0 0 
0 2 0 0 1 650 7 227 
0 93 0 0 415 0 2 0 
9 7 0 0 681 0 0 0 
815 0 0 0 0 0 0 0 
0 0 0 0 0 585 0 0 
47 0 1 0 0 0 592 0 
18 84 534 19 0 35 0 3 
1177 0 78 0 0 9 0 0 
0 976 0 0 1 5 0 0 
33 279 17 1 4 29 2 0 
4 10 0 0 297 248 0 3 
