0 8 0 0 0 1453 13 0 
0 4 0 0 2 385 3 0 
1 0 0 0 0 0 326 876 
0 2 0 59 0 212 1 0 
0 0 0 0 0 0 2 2068 
0 0 0 0 0 0 249 0 
0 717 0 0 0 0 0 0 
0 0 0 0 1 0 0 464 
0 0 0 7 226 117 20 2 
13 0 23 925 0 0 3 1 
0 0 0 0 3 194 0 94 
0 0 355 0 0 0 1 0 
10 1 65 2 0 1401 44 2 
0 0 0 0 0 1205 0 0 
0 0 0 0 0 1319 0 0 
0 0 0 0 0 0 111 264 
0 0 0 0 0 360 0 0 
408 57 13 0 0 1 0 241 
2 0 0 0 0 1 0 659 
104 13 0 0 7 0 0 251 
44 172 0 3 122 1 144 28 
0 0 0 755 0 0 0 0 
1 9 0 11 0 179 32 0 
0 0 1 181 707 14 0 0 
0 0 0 0 0 1516 1 0 
1 0 277 37 0 0 0 47 
0 2 0 0 356 0 0 0 
0 0 0 0 0 0 684 0 
0 0 0 0 2 155 258 0 
12 5 273 113 0 667 0 0 
6 49 0 10 130 2 0 1238 
0 0 0 0 0 279 0 0 
0 0 0 0 0 1431 0 0 
29 0 66 107 0 0 680 0 
0 0 0 0 0 0 0 277 
264 5 0 0 0 0 0 37 
0 7 6 28 0 3 0 133 
1 3 0 0 636 0 1 0 
9 0 257 530 0 0 0 183 
0 67 176 257 453 60 0 0 
12 5 0 0 0 867 0 0 
0 0 0 0 510 0 0 4 
0 0 0 0 697 0 0 0 
800 9 0 0 0 0 0 0 
0 1 0 0 0 0 0 586 
0 0 0 0 2 0 638 0 
0 17 0 13 0 648 6 9 
0 0 0 1 0 1261 0 0 
0 0 43 0 4 835 100 0 
71 2 13 1 18 1 253 6 
0 1 0 9 0 546 0 0 
26 134 0 0 2 146 0 3 
0 0 0 0 3 0 0 306 
