0 198 297 577 1087 761 0 0 
0 0 0 12 0 950 0 13 
0 3 0 0 0 0 596 619 
0 1 1 0 1106 0 228 0 
0 0 0 0 0 0 0 2137 
139 0 0 0 2 1 924 0 
0 0 134 570 2 218 0 171 
0 383 0 0 0 76 0 19 
0 0 0 0 0 0 0 466 
41 0 124 0 0 64 0 30 
122 14 0 819 0 19 0 0 
1 67 19 275 11 1224 29 22 
10 0 346 0 0 0 0 0 
36 215 118 130 294 898 25 0 
0 0 0 0 0 1196 0 0 
0 0 0 0 0 1123 0 0 
0 0 0 0 0 0 109 266 
0 0 0 0 0 361 0 0 
156 0 0 218 20 18 84 224 
223 0 3 105 0 0 37 0 
0 0 0 0 0 0 0 664 
243 0 0 2 5 19 83 22 
12 544 0 7 1 0 0 8 
0 0 46 729 0 0 0 0 
24 0 107 208 40 151 14 53 
14 1 0 264 925 70 27 0 
1 361 67 94 43 290 9 31 
0 0 0 0 0 1400 331 0 
71 104 0 46 286 0 143 23 
0 0 6 0 358 0 0 0 
0 2 0 0 0 4 682 2 
0 0 1 0 0 165 249 0 
0 9 0 0 0 2373 0 0 
107 249 40 124 42 257 38 1259 
0 0 0 0 0 280 0 0 
0 0 0 0 0 1278 0 0 
85 78 0 528 0 191 0 0 
0 0 0 0 452 0 2 220 
243 1 0 0 0 1 0 163 
26 24 291 0 0 0 4 6 
