1 1 1 0 0 2131 1 0 
0 0 0 17 2 989 0 0 
0 0 0 0 0 0 452 739 
0 0 0 0 0 0 682 0 
0 0 0 0 0 0 0 2108 
0 0 0 0 0 0 249 0 
0 474 0 0 0 23 0 0 
0 0 0 0 0 0 0 465 
0 0 11 0 244 0 0 4 
114 0 0 857 3 0 0 0 
1 159 9 0 9 1154 1 8 
0 0 347 5 0 2 2 0 
1 0 0 67 0 1579 1 0 
0 0 0 0 0 1205 0 0 
0 0 0 0 0 1205 0 0 
0 1 0 0 0 0 108 266 
0 0 0 0 0 360 0 0 
0 0 32 474 130 0 0 84 
99 1 0 211 8 39 0 12 
0 0 0 0 0 0 0 666 
223 120 13 0 0 0 1 17 
4 466 0 0 0 0 44 0 
0 0 0 755 0 0 0 0 
2 205 0 0 223 0 158 9 
0 0 0 125 1101 0 2 0 
0 0 0 0 0 1309 333 0 
154 6 0 39 202 226 45 0 
0 0 0 0 363 0 1 0 
0 0 0 1 0 0 693 0 
0 0 2 0 0 136 277 0 
0 1 0 0 0 2321 2 0 
0 6 0 0 63 0 0 1463 
0 0 0 0 0 279 0 0 
0 0 0 0 0 1396 0 0 
1 5 178 57 546 7 0 88 
0 0 0 0 0 0 0 266 
303 0 0 0 1 1 0 11 
9 0 214 0 102 8 18 0 
0 13 0 3 301 4 0 0 
0 2 139 561 1 0 0 251 
0 75 226 254 429 44 0 2 
0 0 0 16 0 882 1 0 
0 0 0 0 494 0 0 1 
0 0 3 0 694 0 0 0 
805 0 0 0 0 0 0 8 
0 0 0 0 0 0 0 586 
