0 392 0 68 563 453 0 0 
0 0 0 84 309 0 1 0 
0 0 3 0 0 318 867 0 
0 0 1 0 272 1 0 0 
1752 0 0 1 0 0 0 356 
242 0 0 0 0 0 7 0 
0 497 0 0 0 0 0 0 
85 219 0 0 0 0 3 158 
0 0 0 393 0 0 2 0 
6 249 0 291 23 396 0 0 
0 0 178 108 0 5 0 0 
0 9 0 141 0 68 0 138 
1426 0 0 3 76 1 2 2 
0 34 17 946 0 56 0 152 
4 0 1073 0 248 0 0 0 
0 0 0 0 0 375 0 0 
0 0 0 0 0 360 0 0 
1 0 0 0 717 2 0 0 
0 0 0 219 0 0 1 0 
2 0 0 0 0 68 0 600 
0 0 0 0 0 371 0 0 
0 448 0 0 0 0 0 67 
0 0 755 0 0 0 0 0 
0 0 0 0 0 232 0 0 
317 334 1 85 53 11 99 0 
92 0 0 0 0 0 1420 0 
1 2 0 4 659 0 0 7 
0 115 0 172 38 39 0 0 
0 0 0 0 0 677 21 0 
0 0 0 0 1 0 11 403 
1070 0 0 0 0 0 2 0 
0 0 0 0 0 1529 0 0 
4 0 0 11 0 264 0 0 
2 0 0 0 0 1403 22 0 
4 2 0 93 0 0 477 306 
0 4 0 0 0 0 0 274 
0 0 0 0 0 0 0 306 
10 0 38 0 0 0 17 286 
109 327 19 3 181 0 2 0 
0 0 61 924 0 0 0 0 
0 302 687 0 1 0 1 0 
0 0 0 0 0 690 8 188 
0 96 1 0 406 0 0 0 
3 0 0 0 694 0 0 0 
815 0 0 0 0 0 0 0 
0 0 0 0 0 585 0 0 
1 0 0 0 0 0 638 0 
1 63 581 42 0 1 0 5 
1159 0 35 5 3 61 0 0 
0 982 0 0 0 0 0 0 
41 291 31 0 2 0 0 0 
2 4 0 0 303 253 0 0 
