0 0 0 373 1105 0 0 0 
0 0 0 100 294 0 0 0 
0 1 0 1 0 309 875 0 
1 0 0 0 270 0 3 0 
1762 0 0 0 0 0 0 308 
243 0 0 0 0 0 7 0 
0 715 2 0 0 0 0 0 
0 0 1 406 0 0 58 0 
0 0 0 378 0 0 1 0 
9 2 132 9 0 772 12 29 
13 0 9 0 0 0 0 269 
3 0 0 114 0 5 234 0 
1431 62 1 28 0 0 0 0 
0 0 0 1202 1 0 0 2 
113 187 345 0 506 0 1 168 
0 0 0 0 0 298 0 0 
0 1 0 0 1 358 0 0 
1 0 0 0 718 0 1 0 
5 3 0 3 0 78 0 588 
0 0 0 0 0 366 0 0 
305 10 0 27 4 141 10 17 
0 0 755 0 0 0 0 0 
0 0 0 0 0 230 0 2 
0 759 0 11 9 0 0 124 
0 0 2 4 2 1 1535 0 
36 15 9 29 273 0 0 0 
2 0 0 220 29 6 0 94 
0 1 0 0 0 747 28 0 
0 1 0 0 0 0 20 394 
1066 0 0 3 0 0 0 0 
0 0 0 0 0 1435 0 0 
1 0 0 0 0 277 0 0 
0 0 0 12 0 1407 0 0 
0 0 0 78 52 50 701 1 
0 0 0 0 0 0 0 259 
0 0 0 0 0 0 0 306 
2 0 165 0 0 10 0 0 
48 490 0 0 0 0 74 29 
0 0 27 948 3 0 0 0 
0 269 731 0 9 1 3 0 
5 0 0 0 1 645 0 234 
0 0 456 3 73 0 0 0 
2 0 9 0 686 0 1 0 
813 0 0 0 0 0 0 0 
0 0 0 0 0 583 0 0 
0 0 0 8 24 63 506 12 
71 398 89 4 0 1 130 0 
987 18 0 36 57 161 0 3 
0 977 0 0 0 0 0 5 
15 320 0 0 0 27 0 3 
0 0 1 1 263 291 6 0 
0 0 0 0 311 0 0 0 
0 45 1 0 0 263 0 0 
