0 0 0 19 10 1433 0 1 
0 2 0 6 5 365 22 0 
0 0 0 2 7 0 271 908 
3 0 0 141 0 130 0 0 
0 0 1 0 0 0 0 2077 
0 0 0 0 0 0 249 0 
0 497 0 0 0 0 0 0 
0 0 0 0 0 0 0 465 
0 162 116 0 0 0 117 0 
0 0 0 965 0 0 0 0 
0 14 130 0 0 147 0 0 
0 0 355 0 0 1 0 0 
0 0 3 0 0 1510 0 0 
0 0 0 1 1 1202 0 1 
0 0 0 0 0 1324 0 0 
0 0 0 1 0 0 114 260 
0 0 0 0 0 359 0 0 
344 18 0 67 219 0 72 0 
0 59 146 0 0 0 14 1 
5 4 0 0 0 0 2 660 
0 0 40 0 0 17 0 313 
2 218 12 0 63 15 171 34 
0 0 4 750 0 1 0 0 
76 0 0 0 156 0 0 0 
0 0 0 184 717 0 0 0 
0 0 5 0 0 1490 23 0 
0 0 347 0 0 0 14 1 
0 0 0 1 363 0 0 0 
0 7 0 11 0 0 679 1 
0 0 0 0 0 172 243 0 
0 0 0 77 0 731 264 0 
0 122 0 2 0 0 28 1378 
0 0 0 1 0 277 0 2 
0 0 0 0 0 1422 0 0 
53 114 0 10 111 104 490 0 
0 0 0 0 0 0 0 248 
280 5 0 0 0 2 0 19 
0 0 0 30 2 0 0 360 
9 0 9 0 612 7 4 0 
0 4 178 604 3 6 0 173 
0 70 219 264 395 54 0 6 
31 1 0 3 0 846 0 5 
0 0 0 0 498 0 0 24 
5 0 0 3 689 0 0 0 
795 0 0 0 0 2 2 16 
0 0 1 2 0 0 0 582 
0 0 0 0 0 0 635 0 
28 0 1 1 0 629 0 34 
0 0 0 0 0 1264 0 0 
7 0 0 0 0 981 0 0 
2 4 2 211 35 59 0 52 
0 0 0 11 0 549 0 2 
0 0 299 3 1 1 3 4 
