13 389 371 0 272 289 0 36 
0 0 1 144 669 95 0 0 
0 16 0 0 0 248 923 0 
4 5 0 0 264 2 0 0 
1741 0 0 0 0 0 0 377 
242 0 0 0 0 0 7 0 
0 497 0 0 0 0 0 0 
60 0 0 0 24 222 159 0 
0 0 0 257 1 0 0 1 
119 216 1 156 49 353 61 10 
0 175 70 0 0 38 8 0 
0 21 7 229 0 4 0 95 
1175 0 69 0 24 342 2 0 
0 0 0 600 9 6 1 589 
691 0 466 1 0 0 165 0 
0 0 0 0 0 298 0 0 
0 0 0 0 0 357 2 0 
0 0 0 0 718 2 0 0 
0 0 0 360 0 0 0 0 
0 1 0 0 0 90 0 578 
0 0 0 0 0 371 0 0 
0 469 18 0 24 4 0 0 
0 0 755 0 0 0 0 0 
0 0 0 0 0 232 0 0 
0 544 0 28 194 43 84 7 
28 0 0 2 13 0 1479 0 
0 0 0 0 673 0 0 0 
0 0 0 363 1 0 0 0 
0 0 0 0 0 749 23 0 
0 0 0 0 0 0 7 408 
935 0 0 0 0 0 0 1 
0 0 0 4 0 1528 0 0 
3 1 0 6 0 262 0 8 
0 0 0 5 0 1434 0 0 
242 296 0 0 0 1 343 0 
0 0 1 0 0 0 0 263 
0 0 0 0 0 1 0 304 
29 45 0 0 17 0 12 248 
4 325 0 0 191 0 39 82 
0 0 1 963 0 0 0 0 
122 244 660 0 0 0 2 2 
0 0 0 0 0 657 1 241 
37 2 53 44 96 19 255 0 
0 0 2 0 694 1 0 0 
818 1 0 0 0 0 0 0 
0 0 0 0 0 586 0 0 
3 8 10 0 0 8 605 0 
14 238 285 0 89 190 0 13 
1095 82 8 6 67 0 6 0 
1 926 19 14 0 0 16 5 
0 0 6 0 0 359 0 0 
