22 96 8 16 39 1779 0 0 
2 0 0 2 0 1004 0 0 
0 0 4 0 0 2 661 565 
1 0 0 0 1093 0 240 0 
0 0 0 0 0 0 0 2120 
150 0 0 1 4 0 911 0 
0 535 0 0 0 0 1 0 
0 0 0 0 0 0 0 465 
83 0 25 21 0 95 1 34 
73 0 1 894 0 0 6 0 
0 12 0 0 0 1465 0 1 
0 1 351 2 0 1 0 1 
19 0 30 108 194 1276 29 0 
0 0 0 0 0 1205 0 0 
0 0 0 0 0 1204 0 0 
0 0 0 0 0 0 12 287 
0 0 0 0 0 360 0 0 
157 9 0 0 112 5 126 311 
233 0 7 21 0 0 108 0 
1 0 14 0 4 0 0 645 
283 24 0 0 0 11 53 3 
0 476 0 1 0 37 0 0 
0 0 27 733 2 0 0 0 
0 2 0 38 23 189 345 0 
0 1 10 127 1091 0 0 0 
0 0 0 0 0 1304 348 0 
380 23 1 6 123 19 118 3 
0 0 0 2 360 0 0 2 
0 2 0 0 0 0 750 1 
0 0 0 0 0 183 232 0 
3 0 1 0 0 2308 0 0 
0 7 0 0 0 0 0 2112 
0 0 0 0 0 280 0 0 
0 0 0 0 0 1355 0 0 
173 20 6 479 5 199 0 0 
0 0 0 0 459 0 0 231 
236 0 0 0 0 0 0 140 
76 0 245 0 12 0 0 18 
12 32 0 0 270 1 6 0 
0 2 216 588 17 0 0 149 
0 97 145 250 474 40 0 0 
0 119 0 44 0 740 0 45 
