0 0 0 0 22 1361 0 0 
14 0 2 0 7 881 5 0 
1 4 0 0 1 5 297 881 
0 0 0 52 111 36 74 1 
0 0 0 0 0 1 2 2115 
0 0 0 0 0 0 249 0 
1 476 0 18 1 0 0 0 
1 0 0 0 0 0 0 465 
0 115 0 3 76 38 1 26 
21 0 0 936 0 0 0 8 
2 0 5 0 0 263 0 0 
6 0 350 0 0 0 0 0 
46 104 3 0 0 1428 20 0 
0 0 0 0 0 1205 0 0 
0 0 0 0 0 1319 0 0 
0 0 0 0 0 0 108 267 
0 0 0 0 0 359 0 0 
50 45 4 563 32 0 2 24 
0 24 0 247 33 11 5 41 
1 0 0 0 3 0 2 660 
241 0 117 0 0 0 16 0 
21 455 0 2 0 36 0 1 
0 0 0 755 0 0 0 0 
0 274 0 1 322 0 0 0 
9 89 0 160 626 5 14 0 
0 0 0 0 0 1302 341 0 
0 0 1 645 12 15 0 0 
0 0 0 0 364 0 0 0 
0 2 0 0 0 0 689 4 
0 0 0 0 0 156 259 0 
3 0 0 0 13 849 5 68 
0 128 0 190 0 0 0 1212 
0 0 0 0 0 279 0 1 
0 0 0 0 0 1455 0 1 
2 0 0 0 755 65 60 0 
0 0 0 0 0 0 0 248 
283 0 0 0 6 0 0 15 
0 1 11 0 79 89 171 0 
0 0 24 5 612 0 0 0 
0 6 251 551 0 39 0 117 
0 98 188 241 455 35 0 0 
4 1 0 0 0 895 0 0 
0 0 0 0 491 0 0 29 
0 0 7 0 689 0 1 0 
802 0 0 8 0 0 0 8 
5 0 0 0 1 0 4 576 
0 0 0 0 0 0 510 0 
0 0 0 0 105 723 0 0 
0 0 0 0 1 1263 0 0 
0 4 10 0 3 982 1 2 
