0 28 0 453 897 85 13 0 
0 5 1 84 303 1 0 0 
13 0 5 0 2 299 893 0 
0 0 0 0 271 2 1 0 
1779 0 0 0 10 0 3 278 
242 0 0 0 0 0 7 0 
0 717 0 0 0 0 0 0 
0 326 2 0 2 37 4 94 
1 0 0 391 0 0 0 0 
0 0 102 297 0 529 37 0 
0 18 203 22 0 1 0 47 
0 0 0 152 0 2 202 0 
1519 0 0 0 0 0 0 0 
0 37 0 928 27 0 122 91 
49 0 859 0 350 1 55 5 
0 0 0 0 0 298 0 0 
0 0 0 0 0 357 0 2 
0 0 0 0 720 0 0 0 
0 19 0 0 0 93 0 560 
0 0 0 0 0 370 0 0 
0 262 0 0 0 211 23 19 
1 0 754 0 0 0 0 0 
0 0 0 0 0 232 0 0 
0 703 26 144 0 9 22 0 
133 0 0 0 0 0 1387 0 
36 9 6 34 277 0 0 0 
49 0 0 118 114 70 0 0 
0 0 0 0 0 751 24 0 
0 0 0 0 1 0 7 407 
1068 1 0 0 0 0 1 0 
0 2 0 0 0 1431 0 0 
10 0 0 4 5 261 0 0 
0 12 0 5 0 1397 0 8 
3 0 3 185 0 0 628 63 
0 0 0 0 0 0 0 259 
0 0 0 0 0 0 0 306 
0 0 45 9 0 48 49 26 
3 187 0 1 115 0 335 0 
0 0 33 943 0 0 0 0 
0 306 696 0 0 0 1 0 
2 0 0 0 0 552 0 332 
0 183 49 0 153 6 7 133 
0 17 0 0 680 0 0 0 
814 0 0 0 0 0 0 0 
0 0 0 0 0 584 0 0 
1 0 26 2 0 33 550 0 
73 482 49 0 2 3 79 5 
1097 0 3 2 160 0 0 1 
0 969 0 0 5 7 0 1 
6 357 0 2 0 0 0 0 
0 0 3 0 327 232 0 0 
2 8 0 0 297 3 1 0 
0 0 61 0 0 229 19 0 
