294 1201 698 7 0 0 0 0 
0 0 0 133 771 104 0 0 
3 0 0 1 0 283 944 0 
0 0 0 22 547 1 72 0 
1818 0 0 5 0 0 0 282 
242 0 0 0 0 0 7 0 
0 497 0 0 0 0 0 0 
224 0 0 1 174 64 2 0 
1 0 0 237 0 0 0 21 
173 128 0 2 250 338 82 1 
328 546 274 0 0 0 129 0 
18 0 337 0 0 0 0 1 
683 41 0 6 372 549 0 0 
129 2 1 997 0 0 40 36 
619 5 343 0 203 41 0 0 
0 0 0 0 0 375 0 0 
0 0 0 2 0 358 0 0 
0 1 0 0 719 0 0 0 
2 2 0 366 0 0 0 0 
0 3 1 0 0 27 0 635 
0 0 0 0 0 374 0 0 
352 21 0 28 1 112 0 0 
0 0 755 0 0 0 0 0 
0 0 1 0 0 595 1 0 
0 483 0 179 565 1 0 0 
4 0 2 0 0 39 1599 0 
0 0 0 23 645 5 0 0 
0 48 15 28 141 0 0 132 
0 0 0 0 0 673 21 0 
0 0 0 0 0 0 23 392 
2312 0 0 0 0 1 0 3 
0 0 0 0 0 1849 0 0 
0 8 0 0 1 271 0 0 
0 0 0 0 7 1383 0 0 
105 206 219 1 1 0 330 20 
0 0 0 2 0 0 0 267 
0 0 1 0 0 0 0 315 
7 2 0 0 261 0 80 1 
0 0 84 0 0 237 0 0 
0 0 2 948 1 3 0 0 
108 276 644 0 0 2 0 0 
0 0 0 11 0 578 2 308 
0 0 0 3 0 16 0 476 
0 0 0 0 697 0 0 0 
813 0 0 0 0 0 0 0 
0 0 0 0 0 268 1 0 
