9 514 68 0 332 579 1 1 
0 0 0 105 289 0 0 0 
0 0 0 0 0 266 924 0 
0 0 0 0 272 1 1 0 
1849 0 6 0 0 0 0 254 
242 0 0 0 0 0 7 0 
0 496 0 0 0 0 0 0 
0 33 0 0 4 278 9 141 
0 12 0 243 2 0 2 0 
20 219 55 37 6 367 261 0 
11 18 260 0 0 0 0 2 
0 97 5 0 0 0 0 254 
1266 7 100 26 121 0 0 0 
1 1 125 468 0 0 11 599 
64 351 834 0 25 1 36 14 
0 0 0 0 0 375 0 0 
0 0 0 0 0 360 0 0 
24 1 0 6 689 0 0 0 
0 3 3 353 0 0 1 0 
0 0 5 0 0 55 0 607 
0 0 0 0 0 373 0 0 
145 363 0 3 4 0 0 0 
0 0 755 0 0 0 0 0 
0 0 0 0 0 232 0 0 
170 151 150 122 197 0 88 24 
98 0 0 0 14 3 1419 0 
0 0 0 0 673 0 0 0 
16 0 0 331 0 14 3 0 
0 0 0 0 0 673 23 0 
0 1 0 0 2 0 12 400 
1016 0 0 3 0 0 0 3 
0 0 0 0 5 1522 0 0 
0 0 7 22 0 242 0 0 
0 0 0 8 0 1431 0 0 
444 0 0 0 3 0 435 0 
0 0 3 4 0 4 0 263 
0 0 1 0 0 0 0 304 
50 0 11 0 21 0 0 269 
0 223 0 1 346 71 0 0 
0 5 14 939 0 0 0 1 
124 243 658 1 10 0 0 0 
1 6 0 0 0 613 0 269 
9 30 1 0 463 0 1 2 
0 0 2 0 694 1 0 0 
818 0 0 0 0 0 0 0 
0 0 0 0 0 586 0 0 
85 0 0 1 0 4 539 0 
0 79 353 199 33 0 5 24 
1236 0 14 0 0 0 0 14 
0 927 10 0 0 44 0 0 
15 0 0 0 6 344 0 0 
0 0 0 0 277 255 0 0 
