123 761 338 64 110 74 0 17 
0 0 0 189 619 100 0 1 
0 2 0 0 0 246 939 0 
0 0 0 8 265 0 0 1 
1718 1 0 0 1 0 2 387 
242 0 0 0 0 0 7 0 
0 497 0 0 0 0 0 0 
23 0 3 0 0 255 105 80 
0 18 5 228 4 4 0 0 
44 13 0 78 160 637 30 3 
0 1090 75 2 0 4 50 0 
0 0 86 60 0 185 0 25 
1007 0 6 1 91 509 0 0 
0 0 0 1035 20 6 0 144 
754 0 403 0 35 4 109 14 
0 0 0 0 0 375 0 0 
0 0 0 0 0 359 0 0 
25 0 0 16 679 0 0 0 
0 0 0 359 1 0 0 0 
1 0 0 0 0 39 0 626 
0 0 0 0 0 374 0 0 
0 337 0 8 29 0 0 141 
0 0 755 0 0 0 0 0 
0 0 0 0 0 597 0 0 
0 580 0 95 143 90 0 0 
54 0 0 21 0 0 1566 4 
0 0 0 1 667 5 0 0 
3 78 0 239 0 40 2 2 
0 0 0 0 0 670 26 0 
0 0 0 0 0 2 9 404 
951 0 0 0 5 0 0 0 
0 0 0 1 0 1530 0 0 
0 0 0 1 0 273 6 0 
141 0 1 0 20 1273 0 0 
3 119 349 1 0 0 410 0 
0 0 0 0 0 3 1 267 
0 0 0 0 0 0 0 305 
0 0 0 0 225 0 1 125 
6 366 0 89 159 21 0 0 
0 1 3 959 0 0 0 0 
124 223 682 0 0 1 0 0 
0 0 0 0 0 679 0 220 
0 0 0 0 203 25 1 272 
3 0 18 0 675 0 0 1 
820 0 0 0 0 0 0 0 
0 0 0 0 0 586 0 0 
0 3 0 4 63 14 425 1 
95 207 353 24 0 88 0 0 
1232 1 0 5 0 0 8 0 
