366 1016 362 92 4 302 0 0 
0 1 0 134 748 116 0 0 
0 0 0 0 2 322 866 0 
0 1 6 1 176 0 0 0 
1818 9 4 0 1 0 0 277 
242 0 0 0 0 0 7 0 
0 497 0 0 0 0 0 0 
58 23 13 22 0 307 0 42 
0 7 1 251 0 0 0 0 
34 1 0 125 44 720 41 0 
14 1240 73 0 6 0 5 2 
0 34 197 4 0 95 2 24 
1061 0 0 0 0 569 5 0 
2 1 0 1189 13 0 0 0 
546 0 345 2 355 0 69 0 
0 0 0 0 0 375 0 0 
0 0 0 0 0 359 0 0 
0 0 0 3 714 0 3 0 
0 2 0 357 1 0 0 0 
1 1 0 0 0 41 0 623 
0 0 0 0 0 374 0 0 
0 312 0 0 0 89 0 114 
0 0 754 0 0 1 0 0 
0 0 0 0 0 597 0 0 
0 762 0 127 327 3 8 1 
98 0 46 0 1 0 1501 0 
0 0 0 0 673 0 0 0 
0 26 0 195 39 0 45 59 
0 0 0 0 0 670 25 0 
0 0 0 0 0 0 12 403 
2182 0 0 2 15 2 0 0 
0 1 0 0 0 1530 0 0 
0 0 0 49 1 223 0 7 
2 0 0 0 0 1401 19 0 
21 57 352 82 0 0 370 0 
0 0 0 0 0 1 0 273 
0 0 0 0 2 0 0 303 
0 0 0 9 315 27 0 0 
14 41 0 0 228 24 13 1 
0 0 31 931 2 0 0 0 
92 235 691 0 0 0 0 0 
0 5 0 2 1 603 0 288 
0 1 22 2 91 0 0 382 
4 0 0 0 693 0 0 0 
819 0 0 0 0 0 0 0 
0 0 0 0 0 586 0 0 
0 0 0 0 121 0 386 1 
