0 1 0 15 0 2112 0 0 
0 0 0 0 77 911 1 10 
0 1 0 10 0 0 331 847 
1 3 19 4 0 9 148 0 
0 0 0 0 0 0 0 2109 
0 0 0 0 0 0 251 0 
0 530 1 4 1 0 0 0 
0 0 0 0 0 0 0 465 
0 53 5 0 142 47 0 12 
0 0 0 949 7 4 5 0 
0 0 0 0 5 1296 0 0 
0 4 350 0 0 2 0 0 
0 0 0 0 0 1609 0 0 
0 0 0 0 0 1205 0 0 
0 0 0 0 0 1321 1 0 
0 0 0 0 0 0 110 265 
0 0 0 0 0 359 0 0 
4 0 0 716 0 0 0 0 
7 0 0 345 0 1 7 0 
4 0 0 4 0 0 0 658 
262 7 0 41 0 0 64 0 
1 438 0 0 57 0 19 0 
0 0 0 755 0 0 0 0 
1 145 0 0 448 0 3 0 
0 6 0 141 1080 0 0 0 
0 0 3 0 0 1326 313 0 
0 0 0 382 169 78 18 26 
0 0 0 5 359 0 0 0 
0 5 0 0 0 5 677 8 
0 0 0 2 0 179 234 0 
1 5 0 0 2 2195 0 0 
0 0 12 30 0 0 0 1489 
0 0 1 0 0 279 0 0 
0 0 0 0 0 1447 0 0 
7 0 130 1 727 12 5 0 
0 0 0 0 0 0 0 257 
285 0 1 0 0 0 0 20 
32 0 17 0 7 153 90 52 
0 0 36 0 199 7 79 0 
0 0 232 529 5 0 0 198 
0 74 181 238 483 52 0 2 
25 63 0 0 0 811 0 0 
2 0 0 1 487 1 0 25 
0 0 0 0 697 0 0 0 
814 1 0 3 0 1 0 0 
0 2 0 4 0 0 0 580 
4 0 0 0 0 0 502 0 
