0 0 7 0 0 2152 0 0 
0 0 3 0 2 1003 0 0 
1 0 0 0 0 10 528 693 
0 0 0 2 1 0 639 0 
0 4 0 0 0 0 0 2115 
0 0 0 0 0 0 249 0 
1 529 0 0 0 0 0 0 
0 0 0 0 0 0 0 465 
54 0 17 51 121 3 4 9 
75 1 3 881 0 12 0 2 
0 0 0 0 0 1284 1 2 
0 1 351 4 0 0 0 0 
3 1 0 1 60 1592 2 0 
0 1 0 0 0 1204 0 0 
0 0 0 0 0 1197 0 0 
0 0 0 0 0 0 104 271 
0 0 0 0 0 359 0 0 
111 0 4 368 104 0 0 133 
28 18 0 162 11 113 9 29 
0 3 0 0 0 0 0 662 
37 11 0 3 0 0 0 323 
0 330 0 0 100 8 77 0 
2 0 0 751 0 0 2 0 
0 79 0 57 197 0 264 0 
0 0 0 140 1077 0 11 0 
0 0 0 0 0 1324 325 0 
184 0 0 0 208 101 112 68 
0 0 0 7 355 2 0 0 
14 0 4 2 0 0 670 0 
2 0 0 0 0 170 243 0 
0 0 1 0 0 2314 6 1 
0 0 0 18 0 0 0 2103 
0 0 0 0 0 280 0 0 
0 0 0 0 0 1382 0 1 
86 0 410 165 221 0 0 0 
0 0 0 0 0 0 0 252 
300 0 0 0 0 0 0 15 
2 0 300 7 0 34 8 0 
0 2 15 3 301 0 0 0 
0 0 157 532 4 0 0 267 
0 59 234 283 392 56 0 0 
26 0 0 0 0 873 2 0 
0 0 0 0 494 0 0 4 
0 0 0 1 696 0 0 0 
529 0 0 0 5 0 279 0 
