0 0 0 0 0 1504 0 0 
0 0 0 0 3 378 0 0 
6 0 1 0 0 1 426 754 
8 64 0 0 0 0 200 2 
0 0 0 0 0 0 0 2120 
0 0 0 0 0 0 249 0 
0 487 3 4 0 1 0 2 
0 0 0 0 0 0 0 465 
19 236 0 0 1 3 0 0 
0 0 2 948 0 0 15 0 
27 0 0 0 23 151 4 86 
0 5 350 0 0 0 0 1 
0 0 3 1 0 1520 5 6 
0 0 0 0 0 1205 0 0 
0 0 0 1 0 1322 0 0 
0 0 0 0 0 0 115 260 
0 0 0 0 0 359 0 0 
459 145 0 89 13 0 14 0 
0 229 33 0 9 2 59 28 
7 5 0 2 2 1 0 650 
37 5 204 26 101 0 0 0 
76 131 45 0 0 2 204 57 
0 0 0 755 0 0 0 0 
0 117 0 0 93 19 3 0 
0 32 22 142 706 0 0 0 
0 0 0 2 0 1508 19 1 
1 0 108 559 0 0 0 5 
0 1 0 2 361 0 0 0 
0 0 1 1 0 6 685 3 
0 0 0 0 0 159 256 0 
0 0 0 14 0 960 17 20 
0 0 0 11 0 0 0 1518 
0 0 0 0 0 280 0 0 
0 0 0 1 0 1432 0 0 
81 0 1 0 783 9 8 0 
0 0 0 0 0 0 0 248 
286 0 0 0 0 0 0 19 
0 16 113 10 0 59 75 78 
5 0 0 0 626 10 0 0 
0 5 242 553 23 0 0 142 
0 81 179 246 455 64 2 2 
0 0 0 23 0 850 10 6 
0 0 0 0 487 0 1 33 
0 0 0 0 697 0 0 0 
818 0 0 0 0 0 0 0 
1 0 0 0 0 0 0 585 
0 0 2 2 0 0 625 0 
88 51 61 0 0 418 55 20 
0 1 0 0 0 1263 0 0 
0 0 0 0 0 981 0 0 
40 20 0 92 162 44 0 7 
5 0 2 2 1 535 0 0 
