4 0 0 0 0 1470 0 0 
0 0 0 2 0 390 2 0 
0 0 2 4 0 0 357 823 
1 0 13 0 0 252 0 8 
0 0 0 0 0 0 0 2082 
0 0 0 0 0 0 249 0 
0 713 0 0 3 0 0 1 
1 0 0 0 0 0 0 485 
0 0 2 16 76 119 156 3 
0 0 0 964 0 1 0 0 
7 12 0 0 2 70 0 200 
0 1 344 0 0 11 0 0 
0 0 56 0 0 1437 0 3 
0 0 0 0 0 1205 0 0 
0 0 1 0 0 1325 0 0 
0 0 0 0 0 0 121 254 
0 0 0 0 0 360 0 0 
396 12 0 10 0 4 0 298 
2 0 0 0 2 0 0 659 
85 112 1 4 1 0 40 131 
39 197 0 0 162 0 20 96 
0 0 0 755 0 0 0 0 
0 3 70 0 0 122 37 0 
0 14 6 167 709 6 0 0 
0 0 0 0 0 1516 1 0 
0 0 321 15 10 16 0 0 
0 0 1 0 357 0 0 0 
0 0 0 0 0 0 699 2 
0 0 0 0 0 148 267 0 
0 0 86 0 0 885 58 66 
40 48 0 0 20 0 20 1278 
0 0 0 0 0 280 0 0 
0 0 0 0 0 1422 0 0 
55 8 0 170 0 0 649 0 
0 0 0 0 0 0 0 267 
276 2 0 0 0 0 0 28 
0 0 0 66 4 13 0 94 
0 0 0 2 639 0 0 0 
0 1 200 561 0 0 2 216 
0 59 198 237 449 48 0 0 
0 0 3 0 0 879 1 0 
0 0 0 0 512 0 0 2 
0 0 0 0 697 0 0 0 
791 0 4 1 0 9 0 1 
0 0 0 22 0 0 2 563 
1 0 0 0 0 0 638 1 
5 15 0 0 0 664 9 0 
0 0 0 0 0 1256 0 6 
0 0 7 0 1 969 5 0 
11 0 27 0 63 1 198 65 
0 0 6 0 0 553 1 4 
4 179 0 25 2 72 28 1 
0 3 1 0 0 0 0 334 
