1 0 0 0 1 1412 0 0 
0 1 0 0 8 990 0 0 
0 0 0 0 0 0 354 836 
1 0 0 0 24 15 144 0 
0 0 0 0 0 0 1 2119 
0 0 0 0 0 0 249 0 
0 494 0 0 2 1 0 0 
0 0 0 0 0 0 0 466 
1 130 0 0 125 0 0 3 
0 0 0 963 0 1 1 0 
0 0 0 0 17 1217 1 0 
10 0 335 2 0 0 0 9 
34 2 16 0 0 1531 3 8 
0 0 0 0 0 1205 0 0 
0 0 0 0 0 1319 0 0 
0 0 0 0 0 0 100 275 
0 0 0 0 0 359 0 0 
4 99 22 563 20 12 0 0 
0 3 0 273 74 0 9 1 
0 0 0 5 0 0 3 658 
304 4 24 39 2 0 0 1 
0 481 5 0 0 6 23 0 
0 0 0 755 0 0 0 0 
3 302 0 0 290 2 0 0 
5 9 0 120 1094 0 0 0 
0 0 0 0 0 1287 359 0 
1 0 0 519 110 43 0 0 
1 0 1 0 362 0 0 0 
0 0 0 0 0 1 694 0 
0 0 1 5 1 160 248 0 
6 0 1 0 0 933 1 0 
25 21 0 108 1 0 30 1346 
0 0 0 0 0 280 0 0 
1 0 0 0 0 1458 0 0 
30 0 0 0 765 10 77 0 
0 0 0 0 1 0 0 256 
297 0 0 0 0 0 0 8 
51 0 3 13 19 71 155 39 
0 1 0 62 257 0 1 0 
0 0 237 548 10 1 2 166 
1 55 193 209 461 101 1 8 
0 0 0 3 0 896 0 0 
0 0 0 0 491 0 0 13 
0 0 0 0 697 0 0 0 
816 1 0 0 1 0 0 2 
0 0 0 0 0 2 0 584 
0 0 0 0 0 0 508 0 
0 18 3 0 53 743 0 4 
1 0 0 0 0 1260 0 0 
