0 1 0 0 0 1515 0 0 
0 0 1 0 0 380 0 0 
5 0 0 0 0 1 372 810 
2 74 0 0 0 0 197 1 
0 0 0 0 1 0 0 2121 
0 0 0 0 0 0 249 0 
5 473 0 16 0 0 3 0 
0 0 0 0 0 0 0 465 
8 251 0 0 0 0 0 0 
0 0 0 965 0 0 0 0 
41 0 0 0 28 119 28 75 
3 0 352 0 1 0 0 0 
0 0 24 0 0 1486 25 0 
0 0 0 0 0 1205 0 0 
0 0 0 0 0 1322 0 0 
0 0 0 0 0 0 108 267 
0 0 0 0 0 359 0 0 
490 119 0 95 0 0 16 0 
0 243 44 10 6 8 47 2 
0 12 0 0 0 5 0 650 
67 0 197 47 61 0 0 1 
65 170 55 0 0 19 193 13 
0 0 0 755 0 0 0 0 
0 128 1 0 103 0 0 0 
0 1 17 169 714 0 0 0 
0 0 0 0 0 1483 50 0 
2 0 112 558 1 0 0 0 
0 4 0 0 359 0 0 1 
0 0 0 0 0 0 696 0 
0 0 0 0 0 145 270 0 
0 4 0 23 0 977 0 7 
0 0 0 0 9 5 0 1515 
0 1 0 0 0 279 0 0 
0 0 0 0 0 1432 0 0 
41 0 0 1 838 2 0 0 
0 0 0 0 0 0 0 246 
286 0 0 0 0 0 0 19 
0 26 85 0 0 118 73 49 
6 5 0 0 608 21 0 1 
2 2 231 545 25 0 0 176 
0 84 203 223 463 28 0 0 
0 0 0 2 0 875 9 3 
0 0 0 0 497 0 0 25 
0 0 0 0 697 0 0 0 
815 1 0 2 0 0 0 0 
0 1 7 0 0 0 0 578 
0 0 0 0 0 0 626 2 
148 73 21 1 0 395 37 18 
0 1 0 0 0 1262 1 0 
15 0 0 0 1 960 0 5 
26 76 0 82 138 43 0 0 
1 0 9 0 1 530 3 1 
