142 119 178 131 162 159 136 166 153 183 157 120 165 152 176 191 152 191 203 167 153 138 159 144 135 
34 50 38 41 29 3 7 0 0 0 1 2 0 0 0 0 0 0 0 0 0 4 0 0 0 
0 0 18 0 0 0 0 13 0 0 0 0 13 0 0 0 1 20 0 0 1 0 15 1 0 
0 0 0 0 0 0 0 0 0 0 9 12 9 8 11 0 0 0 0 0 0 0 0 0 0 
0 0 0 0 0 0 0 0 0 0 5 4 4 0 0 0 0 0 0 0 18 15 11 14 14 
0 0 0 0 0 17 20 28 17 26 0 0 0 0 0 0 0 0 0 0 0 0 0 0 0 
0 43 0 0 0 1 20 0 0 0 0 37 0 0 0 0 25 0 0 0 0 32 0 0 0 
0 7 0 27 1 0 8 0 20 0 0 3 0 18 0 0 1 0 26 0 0 3 0 23 0 
34 0 0 0 0 36 0 0 0 0 44 0 0 0 0 23 0 0 0 0 33 0 0 0 0 
0 0 0 0 17 0 0 0 0 10 0 0 0 0 16 0 0 0 0 7 0 0 0 0 20 
