122 97 156 128 157 142 110 148 136 159 130 120 150 144 156 151 113 152 175 138 140 108 142 143 131 
36 56 43 52 32 0 8 0 0 0 0 1 0 0 0 0 0 0 0 0 0 4 0 0 0 
0 0 31 0 0 0 0 19 0 0 0 0 23 0 0 0 9 29 0 0 2 1 21 1 0 
0 0 0 0 0 0 0 0 0 0 9 12 10 8 11 0 0 0 0 0 0 0 0 0 0 
0 0 0 0 0 1 0 0 0 4 2 4 5 1 5 0 0 0 0 0 20 22 18 16 16 
0 0 2 0 0 30 36 36 26 38 0 0 0 0 0 0 0 0 0 0 1 1 0 0 0 
0 63 0 0 0 0 32 0 0 0 0 38 0 0 0 0 29 0 0 0 0 53 0 1 0 
0 3 0 15 0 0 5 0 19 0 0 0 0 19 0 0 0 0 22 0 0 3 0 17 0 
0 0 0 0 20 0 0 0 0 13 0 0 0 0 19 5 1 0 0 11 0 0 0 0 21 
48 0 2 0 0 43 0 4 0 1 65 1 3 0 2 32 0 0 0 0 42 0 4 0 0 
4 0 0 4 0 0 0 0 9 4 10 2 0 6 10 26 27 30 32 25 0 0 0 4 1 
