131 119 165 129 162 141 132 159 151 175 145 129 159 151 174 184 156 182 204 162 139 135 153 143 140 
36 64 44 49 31 1 4 0 0 0 0 0 0 0 0 0 0 0 0 0 0 1 0 0 0 
0 0 21 0 0 0 0 13 0 0 0 0 18 0 0 0 2 28 0 0 1 0 19 2 0 
0 0 0 0 0 0 0 0 0 0 9 12 10 8 11 0 0 0 0 0 0 0 0 0 0 
0 0 0 0 0 0 0 0 0 0 2 2 4 0 0 0 0 0 0 1 18 24 12 11 10 
0 0 0 0 0 28 27 34 20 33 0 0 0 0 0 0 0 0 0 0 0 0 0 0 0 
0 36 1 0 0 0 21 0 0 0 0 34 0 0 0 0 21 0 0 0 0 32 0 0 0 
0 0 0 21 0 0 7 0 19 0 0 1 0 19 0 0 0 1 25 1 0 0 0 26 0 
0 0 0 0 16 0 0 0 0 11 0 0 0 0 16 0 0 0 0 10 0 0 0 0 19 
43 0 3 0 0 46 0 1 0 0 60 0 0 0 2 30 0 0 0 0 47 0 1 0 0 
