272 717 0 0 0 7 0 0 
0 41 12 635 14 1 0 1 
0 3 0 0 772 0 0 0 
0 0 0 0 0 318 1025 1 
0 0 25 131 17 0 0 783 
772 0 14 0 0 3 0 375 
439 0 0 0 0 0 27 0 
31 0 0 0 0 0 1192 0 
0 474 0 0 0 0 0 0 
0 0 0 0 2 1676 0 0 
884 47 0 0 0 0 320 0 
95 153 162 12 0 0 14 46 
0 5 15 0 39 189 0 149 
0 0 0 0 0 644 1 0 
86 1 108 365 257 54 4 1 
61 804 0 0 0 0 0 230 
238 15 0 0 0 135 28 2 
30 156 0 0 0 58 164 229 
6 0 406 0 230 0 0 24 
207 61 378 0 0 0 0 0 
0 0 147 0 850 83 0 0 
0 0 0 0 0 298 0 0 
2 0 1 0 718 1 10 0 
72 118 0 25 0 43 0 0 
0 0 0 0 1 0 0 324 
0 0 0 0 0 365 0 0 
1098 0 16 0 0 502 0 0 
0 0 0 0 0 0 47 408 
0 0 0 0 0 0 8 410 
0 0 0 1 3 0 0 332 
0 0 0 0 1 354 1 2 
0 218 8 0 0 0 0 5 
19 19 469 0 0 9 18 0 
22 65 0 0 0 0 0 859 
0 0 0 1 0 258 0 0 
784 0 0 0 0 0 1 0 
0 0 261 0 0 0 0 0 
0 1 0 0 0 467 1 0 
6 0 47 0 0 313 6 48 
3 0 0 0 2 249 0 0 
167 0 0 0 0 0 0 486 
0 0 0 0 0 667 0 0 
0 0 2 0 1 0 208 0 
0 0 0 366 5 0 0 0 
1 0 0 0 0 0 325 0 
3 0 0 834 6 100 3 25 
0 0 1179 0 0 0 0 0 
476 17 0 0 0 64 0 0 
152 226 180 112 3 1 0 0 
0 0 23 16 0 503 3 0 
88 67 0 0 0 0 194 15 
0 0 0 0 0 0 0 290 
0 0 2 477 1 0 0 0 
0 0 5 76 0 0 0 426 
0 0 0 0 0 324 0 0 
1 0 8 0 3 221 0 107 
0 0 0 2 0 269 2 2 
0 263 5 0 6 1 185 0 
354 0 0 0 0 0 0 0 
0 0 0 16 0 137 0 7 
230 915 0 1 49 0 9 5 
