708 1458 0 0 2 14 0 0 
4 156 0 491 0 0 0 61 
0 0 0 0 776 0 0 0 
0 0 1 0 0 332 1026 1 
20 109 0 14 0 0 15 792 
806 0 1 0 0 0 1 349 
410 0 0 0 0 0 44 0 
11 0 7 0 0 0 1203 0 
0 474 0 0 0 0 0 0 
0 0 0 0 2 1675 0 0 
565 15 36 0 7 0 550 81 
47 0 401 0 8 0 25 1 
25 0 0 0 40 33 0 297 
0 0 0 1 0 643 3 0 
109 0 5 557 205 0 0 0 
144 449 77 0 0 14 75 336 
344 45 8 0 0 0 0 21 
292 10 0 305 0 0 3 27 
0 7 4 29 124 0 5 496 
275 0 359 0 0 0 10 0 
0 0 34 0 647 403 1 1 
0 0 0 0 0 298 0 0 
14 0 5 3 710 0 0 0 
0 238 2 1 0 0 0 17 
0 0 0 0 0 0 0 325 
0 0 0 0 0 376 0 0 
1044 0 4 1 0 546 21 0 
45 9 0 0 0 0 353 48 
0 0 0 0 0 0 7 409 
0 0 4 1 0 0 0 331 
0 11 0 6 2 348 0 0 
15 215 0 1 0 0 0 0 
0 86 264 35 0 149 0 0 
0 0 0 27 0 128 0 793 
0 0 0 0 0 259 0 0 
782 0 0 0 0 0 1 0 
0 0 261 0 0 0 0 0 
2 0 9 0 0 463 0 0 
0 0 0 0 0 419 0 0 
0 0 11 7 0 234 2 0 
154 6 1 0 0 1 1 497 
0 0 0 0 0 666 0 0 
152 0 0 0 0 0 51 8 
145 47 2 157 0 0 20 0 
0 0 0 0 6 0 316 0 
1 0 0 224 369 379 0 0 
0 0 1177 0 0 0 0 0 
524 30 0 0 15 0 0 1 
0 274 269 94 2 35 0 0 
0 0 0 3 3 538 0 1 
0 70 0 0 0 29 265 0 
0 1 0 0 0 0 0 289 
0 0 0 480 0 0 0 0 
0 1 0 1 19 4 0 484 
0 0 47 29 0 154 75 19 
0 0 0 76 6 19 2 228 
0 0 0 0 2 262 0 1 
0 78 323 1 0 0 54 4 
354 0 0 0 0 0 0 0 
0 0 4 0 0 156 0 0 
