543 1526 15 0 0 43 50 0 
0 125 0 488 0 26 0 72 
0 0 0 0 776 0 0 0 
10 1 0 0 0 391 955 0 
0 65 1 1 3 0 27 854 
830 1 1 0 0 0 0 316 
426 0 0 0 0 0 26 0 
2 0 1 1 0 0 1217 0 
0 474 0 0 0 0 0 0 
0 0 0 0 2 1676 0 0 
825 19 19 1 3 0 344 44 
47 0 428 4 0 0 3 0 
14 10 1 4 26 98 0 244 
0 0 0 0 0 641 4 0 
224 0 25 473 154 0 0 0 
135 513 40 4 0 68 75 258 
360 19 22 0 0 1 0 18 
230 0 1 400 0 0 0 6 
0 2 0 16 193 0 0 454 
150 0 436 0 0 1 57 1 
0 0 7 0 722 357 0 0 
0 0 0 0 0 298 0 0 
3 0 3 0 720 5 1 0 
0 242 7 0 0 0 8 1 
0 0 0 0 1 1 2 321 
0 0 0 0 0 377 0 0 
918 0 25 0 0 646 28 0 
52 0 0 0 1 1 370 31 
0 0 0 0 0 0 7 409 
0 9 0 0 0 3 0 324 
0 0 0 0 0 352 15 0 
0 228 0 2 1 0 0 0 
0 57 310 0 0 164 0 3 
0 0 0 0 0 71 0 876 
0 0 0 0 0 259 0 0 
782 0 0 0 0 0 1 0 
0 0 261 0 0 0 0 0 
0 0 0 0 0 465 0 8 
0 1 0 2 3 253 0 0 
0 0 1 0 0 251 2 0 
183 0 0 0 0 1 0 485 
0 0 0 0 0 665 0 0 
149 3 0 0 0 0 44 15 
114 84 1 161 0 0 11 0 
1 0 1 0 0 0 320 4 
40 7 0 262 307 360 0 2 
0 0 1177 0 0 0 0 0 
483 85 0 2 0 0 0 0 
0 339 212 119 0 0 0 4 
0 0 0 0 1 544 0 0 
0 10 0 0 0 83 271 0 
1 0 0 0 0 1 0 288 
0 0 0 479 0 0 1 0 
0 0 0 0 7 3 0 499 
0 1 6 0 0 210 107 0 
0 0 0 25 16 6 0 284 
0 0 1 0 4 259 0 0 
0 72 324 1 0 0 63 0 
354 0 0 0 0 0 0 0 
0 1 0 0 1 317 0 1 
