420 1751 0 0 0 29 0 1 
1 0 10 102 9 0 3 0 
0 0 0 0 776 0 0 0 
3 0 0 0 6 301 1049 0 
5 705 6 0 3 0 262 489 
999 1 0 0 0 0 0 435 
429 0 0 0 0 0 24 0 
8 1 0 1 0 0 1218 0 
0 474 0 0 0 0 0 0 
0 0 0 0 1 1681 0 0 
812 13 0 0 8 3 360 55 
1 14 63 109 0 2 198 95 
0 3 2 9 0 0 2 390 
0 0 0 0 0 381 1 0 
0 1 0 636 0 4 244 0 
3 1430 49 34 28 0 0 0 
40 0 42 0 307 0 8 24 
0 48 287 120 180 1 0 1 
23 0 172 157 304 0 0 2 
0 7 123 6 0 0 203 301 
0 0 1 157 432 381 70 40 
0 0 0 0 0 375 0 0 
0 1 0 0 713 8 1 9 
27 139 0 8 31 48 0 5 
0 0 1 0 0 23 0 563 
0 0 0 0 0 378 0 0 
839 0 0 0 164 627 1 22 
23 0 151 170 1 110 0 0 
0 0 0 0 0 0 13 408 
2 1 0 0 1 0 0 332 
3 0 0 0 0 363 0 0 
5 220 0 0 0 0 0 10 
5 101 103 4 0 320 1 0 
710 26 0 172 0 0 0 50 
0 0 0 0 0 259 0 0 
1129 0 0 0 0 0 1 0 
0 0 261 0 0 0 0 0 
0 0 0 1 0 538 0 1 
0 25 0 0 1 604 0 13 
0 5 0 0 0 253 0 0 
163 0 0 0 0 0 1 524 
0 0 0 0 0 841 0 0 
0 36 15 6 22 308 6 158 
76 151 0 2 130 0 0 0 
0 0 2 2 0 0 318 0 
628 0 0 274 0 0 0 62 
0 0 1178 0 0 0 0 0 
70 4 17 159 0 30 0 167 
9 18 645 0 1 0 0 1 
0 0 1 0 5 542 0 0 
0 0 0 70 0 0 169 137 
0 2 0 0 0 1 0 267 
0 0 0 480 0 0 0 0 
0 0 0 0 0 219 0 0 
53 133 0 0 0 0 138 0 
