132 103 158 132 159 138 117 160 143 170 143 116 162 145 165 163 125 169 183 143 133 114 149 147 130 
0 2 21 0 0 0 0 10 0 0 0 0 11 0 0 3 1 27 0 0 2 2 16 1 0 
41 0 0 0 0 54 1 1 0 0 58 0 0 0 0 36 0 2 0 0 47 0 0 0 0 
0 4 0 18 0 0 8 0 25 0 0 3 0 21 0 0 0 0 25 0 0 3 0 21 0 
0 0 0 0 0 24 25 31 21 32 0 0 0 0 1 0 0 0 0 0 0 0 0 0 0 
0 0 0 0 0 0 0 0 0 3 3 2 2 2 0 0 0 0 0 0 23 29 19 13 18 
0 0 0 0 18 0 0 0 0 13 0 0 0 0 18 0 0 0 0 14 0 0 0 0 20 
37 58 50 49 31 0 5 0 1 0 0 0 0 0 0 0 0 0 0 0 0 3 0 0 0 
0 52 5 0 0 0 35 5 0 1 0 44 5 0 0 0 35 1 6 0 0 41 1 0 1 
0 0 0 0 1 0 0 0 0 0 3 1 1 2 8 12 18 12 15 17 0 0 0 0 0 
0 0 0 0 0 0 0 0 0 0 9 12 10 8 11 0 0 0 0 0 0 0 0 0 0 
