135 107 164 131 161 138 116 162 140 170 140 119 156 146 166 160 111 161 177 145 141 109 145 145 130 
0 0 28 0 0 0 0 11 0 0 0 0 20 0 0 0 0 31 0 0 2 1 22 1 0 
0 0 0 0 0 0 0 0 0 0 9 12 10 7 11 0 0 0 0 0 0 0 0 0 0 
40 0 0 0 0 52 0 2 1 0 59 0 1 1 0 37 0 0 0 0 39 0 0 0 0 
0 3 0 16 0 0 5 0 23 0 0 2 0 20 0 0 0 0 25 0 0 0 0 19 0 
0 0 0 0 0 0 0 0 0 0 8 3 0 3 10 17 28 15 19 20 0 1 0 0 0 
0 53 0 3 0 0 40 0 0 0 0 41 0 1 0 0 40 4 6 1 0 47 0 0 0 
35 56 42 49 32 0 2 0 0 0 0 0 0 0 0 0 0 0 0 0 0 3 0 0 0 
0 0 0 0 0 26 28 32 19 31 0 0 0 0 0 0 0 0 0 0 0 0 0 0 0 
0 0 0 0 1 0 0 0 7 6 0 1 4 0 1 0 0 0 2 0 23 31 18 17 22 
0 0 0 0 15 0 0 0 0 12 0 0 0 0 15 0 0 0 0 8 0 0 0 0 17 
