119 91 154 128 146 144 120 161 145 169 141 116 150 142 164 149 107 154 170 129 130 107 139 137 123 
0 0 0 0 0 0 0 0 0 0 10 12 10 8 11 0 0 0 0 0 0 0 0 0 0 
0 0 0 0 26 0 0 0 0 16 2 0 3 5 21 3 0 0 0 17 0 0 0 4 23 
0 0 30 0 0 0 0 16 0 0 0 0 22 0 0 0 1 32 0 0 1 0 26 1 0 
22 80 22 16 6 0 43 0 0 0 0 43 2 0 0 0 46 0 9 0 0 53 3 0 0 
38 0 0 0 0 48 0 0 0 0 58 0 0 0 0 39 0 0 0 0 48 0 0 0 0 
30 47 28 39 27 1 0 0 0 0 0 0 0 0 0 0 0 0 0 0 0 0 0 0 0 
1 0 0 15 0 0 4 0 21 0 0 3 0 21 0 0 0 0 22 0 0 0 0 18 0 
0 1 0 0 0 0 0 0 0 4 0 4 4 2 0 0 0 0 0 0 26 32 17 19 23 
0 0 0 1 4 0 0 0 3 1 5 0 0 0 7 23 25 25 28 26 0 0 0 3 0 
0 0 0 0 0 23 24 30 21 29 0 0 0 0 0 0 0 0 0 2 0 0 0 0 0 
