140 118 163 137 161 146 136 162 143 178 146 123 157 149 165 161 130 163 190 143 134 122 146 143 126 
0 0 22 0 0 0 0 13 0 0 0 1 18 0 0 0 0 21 0 0 2 1 21 1 0 
39 0 0 0 0 49 0 1 0 0 54 0 0 0 1 34 0 0 0 0 45 0 0 0 0 
0 8 0 20 0 0 6 0 21 0 0 4 0 19 0 0 0 0 22 0 1 6 0 22 0 
0 0 0 0 0 18 18 31 19 29 0 0 0 0 0 0 0 0 0 0 0 0 0 0 0 
0 0 0 0 0 3 0 0 6 0 2 3 4 0 0 0 0 0 0 0 23 30 18 16 24 
0 0 0 0 17 0 0 0 0 12 0 0 0 0 16 0 0 0 0 10 0 0 0 0 19 
31 53 43 42 31 0 6 0 1 0 0 0 0 0 0 0 0 0 0 0 0 0 0 0 0 
0 0 0 0 0 0 0 0 0 0 4 1 2 2 10 19 18 27 17 20 0 0 0 0 0 
0 0 0 0 0 0 0 0 0 0 9 12 10 8 11 0 0 0 0 0 0 0 0 0 0 
0 40 6 0 0 0 25 0 0 0 1 34 0 0 0 0 31 0 0 1 0 33 0 0 0 
