138 106 164 138 153 140 116 155 140 162 141 117 157 147 162 160 117 160 186 139 130 106 143 135 125 
0 0 25 0 0 0 0 12 0 0 0 0 16 0 0 3 4 25 0 0 2 0 20 1 0 
0 0 0 0 0 0 0 0 0 0 9 12 10 8 11 0 0 0 0 0 0 0 0 0 0 
0 0 0 0 0 25 31 39 23 33 0 0 2 0 0 0 0 0 1 0 0 0 0 0 0 
34 59 45 43 31 0 8 0 0 0 0 0 0 0 0 0 0 0 0 0 0 1 0 0 0 
0 54 0 0 0 0 30 0 0 0 0 40 0 1 0 0 37 2 3 0 0 52 0 1 0 
0 0 0 0 0 0 3 0 0 7 4 5 6 0 3 0 0 0 0 0 34 33 22 24 22 
38 0 0 0 0 51 0 1 1 0 57 0 0 0 0 32 0 1 0 0 39 0 0 0 0 
0 0 0 18 0 0 3 0 25 0 0 3 0 19 0 0 0 0 19 0 0 0 0 19 0 
0 0 0 0 2 0 0 0 1 0 5 1 0 3 8 19 21 23 20 23 0 0 0 0 0 
0 0 0 0 23 0 0 0 0 17 0 0 0 0 19 0 0 0 0 12 0 0 0 2 22 
