125 81 133 112 145 120 101 122 133 148 123 93 134 124 133 157 116 142 170 132 126 87 126 136 124 
0 0 0 0 0 28 30 43 27 42 0 0 0 0 4 0 0 0 0 0 0 0 0 0 0 
0 0 25 0 0 0 0 10 0 0 0 0 15 0 0 0 0 32 0 0 2 1 22 1 0 
0 0 0 2 3 0 0 0 5 0 5 1 0 3 10 26 22 24 29 28 0 0 0 0 0 
0 0 0 0 15 0 0 0 0 12 0 0 0 0 15 0 0 0 0 8 0 0 0 0 19 
0 0 0 0 0 0 0 0 0 0 5 4 4 0 1 0 0 0 0 0 28 35 23 15 22 
39 0 0 0 0 46 0 0 1 0 56 0 0 0 0 31 0 0 0 0 35 0 0 0 0 
0 1 12 0 2 17 11 31 0 16 15 13 25 15 20 0 0 9 0 0 0 0 11 0 0 
0 0 0 0 2 0 0 0 0 0 12 14 11 16 17 0 0 0 0 2 0 0 0 0 4 
0 0 0 17 0 0 2 1 22 1 0 0 0 18 0 0 0 0 28 0 0 0 0 26 0 
43 63 45 53 32 3 2 0 2 0 0 0 0 0 0 0 0 0 0 0 0 0 0 0 0 
3 74 19 15 10 2 45 0 0 0 0 53 2 2 3 0 41 4 2 4 14 69 3 4 0 
