123 84 153 104 121 147 122 163 137 155 146 120 168 143 146 155 116 155 177 124 135 108 145 139 104 
0 0 21 0 0 0 0 13 0 1 0 0 12 0 0 1 0 31 0 0 2 0 14 1 0 
0 0 0 0 0 0 0 0 0 0 9 12 10 8 10 0 0 0 0 0 0 0 0 0 0 
0 0 0 0 0 20 22 31 20 30 0 0 0 0 0 0 0 0 0 0 0 0 0 0 0 
41 64 47 50 36 0 3 0 0 0 0 0 0 0 0 0 0 0 0 0 0 0 0 0 0 
0 66 0 15 0 0 44 0 0 3 0 44 0 1 0 0 39 3 2 1 0 55 3 6 2 
0 0 4 1 1 0 0 0 5 3 3 0 0 0 3 0 0 0 2 0 28 29 21 16 21 
4 4 9 6 51 0 0 0 0 27 0 0 1 0 35 0 0 0 0 25 0 0 0 0 42 
42 0 0 0 0 49 0 0 4 0 52 0 0 0 0 35 0 0 0 0 40 0 0 0 0 
0 1 0 18 0 0 0 0 20 0 0 0 0 22 0 0 0 1 23 0 0 0 0 20 0 
0 0 0 5 0 0 0 0 4 0 6 2 0 4 9 23 24 21 25 24 0 0 2 0 0 
