123 99 164 111 161 147 118 164 142 176 144 114 159 147 172 165 129 176 184 153 129 101 144 131 130 
0 0 0 0 0 0 0 0 0 0 9 13 10 8 11 0 0 0 0 0 0 0 0 0 0 
39 0 0 0 0 46 0 0 0 0 54 0 0 0 0 34 0 0 0 0 35 0 0 0 0 
0 0 0 0 1 0 0 0 0 0 9 3 8 1 7 0 0 0 0 0 37 38 25 20 20 
0 0 19 0 0 0 0 8 0 0 0 0 13 0 0 0 0 24 0 1 4 2 16 1 0 
41 64 51 55 33 0 8 0 0 0 0 0 1 0 0 0 0 0 2 0 0 8 0 0 0 
0 2 0 20 0 0 6 0 23 0 0 2 0 21 0 0 0 0 29 0 0 0 0 27 0 
7 7 0 13 4 0 0 0 5 2 0 0 0 1 0 15 12 11 14 12 0 0 0 3 0 
0 0 0 0 0 23 29 33 20 35 0 0 0 0 0 0 0 0 0 0 0 0 0 0 2 
0 0 0 0 10 0 0 0 0 6 0 0 0 0 13 0 0 0 0 8 0 0 0 0 17 
0 47 0 0 0 0 30 2 0 0 0 46 0 0 0 0 38 0 0 0 0 43 0 0 0 
