146 126 169 135 158 154 129 164 150 173 148 133 159 146 164 169 135 164 188 141 152 122 152 144 129 
0 0 0 0 0 20 20 27 15 25 0 0 0 0 0 0 0 0 0 0 0 0 0 0 0 
0 0 0 22 0 0 0 0 21 0 0 0 0 20 0 0 0 0 23 0 0 0 0 21 0 
0 0 0 0 17 0 0 0 0 12 0 0 0 0 18 0 0 0 0 14 0 0 0 0 23 
0 0 0 0 0 1 2 0 3 9 3 3 6 1 0 0 0 0 0 0 18 25 15 15 17 
32 52 36 42 32 2 4 0 0 0 0 0 0 0 0 0 0 0 0 0 0 0 0 0 0 
0 0 29 0 2 0 3 16 0 0 0 0 15 0 0 0 0 28 0 0 2 1 18 1 0 
0 0 0 0 0 0 0 0 0 0 9 11 10 8 11 0 0 0 0 0 0 0 0 0 0 
32 0 0 0 0 39 0 0 1 0 53 0 0 1 0 31 0 0 0 0 33 0 0 0 0 
0 0 0 0 0 0 0 0 0 0 3 1 1 2 10 14 14 19 17 19 0 0 0 0 0 
0 41 0 0 0 0 33 0 0 0 0 30 0 0 0 0 30 0 1 0 0 44 0 1 0 
