140 96 162 132 153 142 117 152 141 166 136 116 158 147 158 155 118 154 187 142 130 98 134 131 120 
0 0 28 0 0 0 0 13 0 0 0 0 17 0 0 5 4 31 0 0 2 0 24 1 0 
0 0 0 0 0 0 0 0 0 0 9 12 10 8 11 0 0 0 0 0 0 0 0 0 0 
0 0 0 0 0 25 29 39 25 34 0 0 0 0 0 0 0 0 0 0 0 0 0 0 0 
30 55 43 43 34 0 4 0 0 0 0 0 0 0 0 0 0 0 0 0 0 0 0 0 0 
0 65 0 3 0 0 37 0 1 0 0 42 0 1 0 1 36 3 1 0 0 53 0 0 0 
0 0 1 0 0 0 1 0 0 4 5 5 6 0 4 0 0 0 0 0 37 41 26 25 25 
40 0 0 0 0 49 0 3 0 0 61 0 0 0 0 34 0 0 0 0 36 0 0 0 0 
0 1 0 19 0 0 3 0 22 0 0 2 0 19 0 0 0 0 20 0 0 0 0 23 0 
0 0 0 2 0 0 0 0 1 0 5 1 0 3 7 19 21 23 21 21 0 0 1 0 0 
0 2 0 0 22 0 0 0 0 15 0 0 0 0 23 0 0 0 0 11 0 0 0 2 24 
