129 100 157 122 160 143 120 161 143 176 141 120 161 144 162 156 117 160 165 139 134 107 144 142 128 
0 1 24 0 0 0 0 12 0 0 0 0 12 0 0 0 0 17 0 0 2 0 16 1 0 
0 0 0 0 0 0 0 0 0 0 9 12 10 8 11 0 0 0 0 0 0 0 0 0 0 
43 0 0 0 0 48 0 2 1 0 56 0 0 0 0 30 0 0 0 0 38 0 0 0 0 
0 5 0 21 0 0 6 0 23 0 0 2 0 23 0 1 1 2 28 0 0 5 1 19 0 
0 0 0 0 0 25 23 32 23 29 0 0 0 0 1 0 0 0 0 0 0 0 0 0 0 
1 0 2 0 0 0 0 0 0 0 4 0 3 0 2 2 0 0 0 1 31 34 23 20 22 
0 0 0 0 16 0 0 0 0 12 0 0 0 0 15 0 0 0 0 9 0 0 0 0 19 
37 65 51 55 32 0 9 0 0 0 0 0 0 0 0 0 0 0 0 0 0 4 0 0 0 
0 48 0 1 0 0 33 0 0 2 0 42 5 0 0 1 40 2 11 2 0 42 1 0 0 
0 0 0 0 1 0 0 0 0 0 6 2 0 3 12 24 21 30 25 23 0 0 0 0 0 
