128 116 161 118 149 146 130 162 132 172 145 123 165 138 156 149 123 159 172 130 142 129 151 143 123 
0 0 0 0 0 24 25 35 21 25 0 0 0 0 1 0 0 0 0 0 0 0 0 0 0 
4 3 0 3 1 0 0 0 8 0 0 2 0 4 4 25 27 26 31 31 0 0 0 0 0 
0 0 0 0 24 0 0 0 0 16 0 0 0 0 21 3 0 0 0 12 0 0 0 0 25 
0 0 0 1 1 0 0 0 5 6 0 0 0 0 3 0 0 1 3 0 25 30 18 16 21 
41 0 0 0 0 44 0 0 0 0 56 0 0 0 0 37 0 0 0 0 36 0 0 0 0 
0 0 0 0 0 0 0 0 0 0 15 14 13 18 18 0 0 0 0 0 0 0 0 0 0 
37 59 52 57 34 1 8 0 1 0 0 0 0 0 0 0 0 0 0 0 0 3 0 0 0 
0 0 0 20 0 1 5 0 23 0 0 0 0 18 0 0 0 0 21 0 0 1 0 22 0 
0 0 21 0 0 0 0 10 0 0 0 0 13 0 0 0 0 22 0 0 2 1 16 1 0 
0 41 0 0 0 0 23 0 0 0 0 39 0 0 0 0 29 3 2 1 0 28 0 0 0 
