124 95 153 128 159 143 110 166 138 170 144 122 166 136 162 166 130 171 191 154 142 116 156 145 131 
0 0 0 0 0 0 0 0 0 0 9 12 10 8 11 0 0 0 0 0 0 0 0 0 0 
9 69 20 15 3 0 46 0 0 0 0 38 0 0 1 3 42 1 0 0 0 51 0 0 0 
0 0 0 0 0 0 0 0 0 2 0 5 5 0 5 0 0 0 0 0 15 23 16 20 16 
0 0 0 0 0 21 28 32 21 36 0 0 0 1 0 0 0 0 0 0 0 0 0 0 0 
0 0 0 16 0 0 5 0 24 0 0 0 0 19 0 0 0 0 22 0 0 0 0 16 0 
0 0 20 0 0 0 0 9 0 0 0 0 10 0 0 0 0 28 0 0 2 0 13 1 0 
44 0 0 0 0 50 0 0 2 0 62 1 0 4 0 38 0 0 0 0 46 0 0 0 0 
0 0 0 0 0 0 0 0 0 0 1 0 0 3 5 7 7 11 14 11 0 0 0 0 0 
33 55 41 40 32 2 2 0 5 2 0 0 0 0 0 0 0 0 2 0 0 2 0 0 0 
0 0 0 0 15 0 0 0 0 9 0 0 0 7 19 0 0 0 0 9 0 0 0 0 22 
