134 107 166 126 157 142 105 153 135 166 141 113 165 143 158 156 113 149 187 144 132 111 140 141 127 
0 0 23 0 0 0 0 12 0 0 0 0 13 0 0 0 0 30 0 0 2 0 22 1 0 
0 0 0 0 0 0 0 0 0 0 10 14 9 10 12 0 0 0 0 0 0 0 0 0 0 
0 0 0 0 0 28 36 40 22 36 0 0 0 0 0 0 0 0 0 0 0 0 0 0 0 
30 55 43 44 32 0 4 0 0 0 0 0 0 0 0 0 0 0 0 0 0 0 0 0 0 
42 0 0 0 0 46 0 0 3 0 57 0 0 0 0 35 1 2 0 0 44 0 0 0 0 
0 6 0 25 0 0 5 0 27 0 0 2 0 21 0 0 0 0 23 0 0 1 0 25 0 
0 0 0 0 0 0 0 0 2 0 3 1 0 3 10 21 21 25 19 21 0 0 0 0 0 
0 0 0 0 20 0 0 0 0 16 0 0 0 0 23 2 0 0 0 9 0 0 1 0 19 
0 0 0 0 0 0 0 0 1 1 5 3 3 0 0 0 0 1 0 0 27 30 20 15 23 
4 51 2 4 0 0 41 2 0 0 0 45 1 1 0 0 44 4 0 0 0 50 2 0 0 
