119 91 151 101 129 143 112 164 143 164 141 115 155 139 149 140 110 144 158 121 137 108 140 132 112 
0 0 22 0 0 0 0 11 0 0 0 0 14 0 0 0 0 20 0 0 2 1 19 2 0 
0 0 0 0 0 0 0 0 0 0 12 12 10 8 14 0 0 0 0 0 0 0 0 0 0 
0 0 0 0 0 21 23 31 18 31 0 0 0 1 0 0 0 0 2 0 0 0 0 0 0 
49 66 47 55 43 0 11 0 0 0 0 0 0 0 0 0 0 0 0 0 0 5 0 0 0 
0 53 0 4 0 0 45 1 0 1 0 44 2 1 0 0 36 6 0 0 0 42 0 6 0 
0 0 0 16 0 0 0 0 5 0 3 1 5 10 5 38 33 41 43 36 0 0 1 7 0 
0 0 5 0 0 5 0 0 6 3 3 6 5 0 7 0 0 0 0 0 29 36 25 17 27 
4 8 9 5 37 0 0 0 0 20 0 0 0 0 28 0 0 0 5 17 0 0 0 0 30 
38 0 0 0 0 47 0 0 1 0 57 0 0 0 0 36 0 0 0 0 37 0 0 0 0 
0 1 0 18 0 0 0 0 17 0 0 0 0 19 0 0 0 0 21 0 0 0 0 18 0 
