128 92 152 126 145 145 116 161 145 164 138 110 155 143 155 165 126 172 191 141 137 94 145 136 113 
0 0 0 0 0 0 0 0 0 0 9 12 10 8 11 0 0 0 0 0 0 0 0 0 0 
14 71 22 16 12 1 40 0 0 1 0 48 5 0 2 0 36 4 1 3 0 53 2 0 0 
0 0 0 0 1 0 0 0 1 6 3 6 6 0 7 0 0 0 0 0 27 43 22 25 33 
0 0 0 0 0 25 27 34 23 31 0 0 0 0 0 0 0 0 1 1 0 0 0 0 0 
0 0 22 0 0 0 0 12 0 0 0 0 12 0 0 0 0 20 0 0 0 2 16 1 0 
25 50 38 35 30 0 0 0 1 0 0 0 0 0 0 0 0 0 0 0 0 0 0 0 0 
0 0 0 0 21 0 0 0 0 17 0 0 2 3 21 0 0 0 0 13 0 0 0 1 23 
0 6 0 22 0 0 8 0 19 0 0 1 0 21 0 0 0 0 22 0 0 0 0 19 0 
43 0 0 0 0 45 0 0 1 0 61 0 0 0 0 36 0 1 0 0 41 0 0 0 0 
0 0 0 0 0 0 0 0 0 0 5 1 1 3 7 13 17 14 14 16 0 0 0 0 0 
