110 92 140 115 134 136 112 154 141 161 129 118 159 142 154 141 121 160 171 134 125 105 142 135 121 
0 0 26 0 0 0 0 11 0 0 0 0 13 0 0 0 0 15 0 0 1 0 17 1 0 
0 0 0 0 0 26 27 33 22 32 0 0 0 0 0 0 0 0 0 0 0 0 0 0 0 
0 0 0 0 17 0 0 1 0 14 0 0 0 0 16 0 0 0 0 11 0 0 0 0 20 
0 0 0 3 0 0 0 0 0 1 2 2 3 3 11 29 22 34 26 28 0 0 0 0 0 
0 0 0 0 0 0 0 0 0 0 9 12 10 8 11 0 0 0 0 0 0 0 0 0 0 
0 52 1 0 0 0 36 2 0 0 0 38 0 0 0 1 34 2 0 0 0 39 0 0 0 
44 56 42 53 40 0 5 1 0 0 0 0 0 0 0 2 0 0 1 0 1 3 0 0 1 
0 4 0 18 0 0 10 0 26 0 0 6 0 23 0 0 1 0 26 0 0 8 0 28 0 
0 0 2 0 1 0 0 3 0 4 4 2 4 2 0 0 1 0 2 0 28 37 22 18 23 
50 0 1 0 0 53 0 2 0 0 71 0 2 0 2 41 0 0 0 0 50 0 4 0 0 
6 15 22 10 17 1 1 0 1 7 1 0 0 0 9 0 0 0 3 1 0 0 0 0 4 
