6927 0 145 1 566 828 4965 0 10 0 
11274 233 0 3 0 0 0 41 0 0 
139 0 4 0 0 21 3613 415 0 6 
0 4040 77 0 0 1406 30 0 0 0 
0 0 0 0 0 5253 1 0 0 0 
0 3 0 1 0 3 2865 106 58 0 
823 0 13 0 0 7 29 0 2186 1781 
4414 4 0 0 4 1 0 472 0 0 
3 191 0 504 0 0 0 0 0 0 
225 0 0 0 0 2 10 0 331 1938 
5524 0 0 0 0 0 7 0 0 0 
0 0 0 27 1732 915 2 0 4 0 
0 0 0 0 0 0 5165 1 0 0 
0 0 0 35 1933 592 0 0 0 0 
0 0 0 0 8 1640 0 0 0 0 
1 553 0 0 0 0 14 0 4 0 
0 7 0 1581 0 0 0 0 0 0 
6 0 20 19 14 865 0 4 0 0 
0 0 0 0 0 0 0 0 236 0 
1586 0 0 0 0 0 0 0 0 0 
305 369 0 0 0 0 1 0 3 6 
1116 0 0 0 0 217 2 1 2 0 
0 0 0 0 0 418 9 0 0 0 
0 0 0 0 0 0 0 0 946 0 
0 1 757 66 167 0 0 0 0 0 
0 0 4 640 95 0 5 0 0 0 
0 9 6 172 0 0 2 1 24 0 
1140 6 0 0 0 0 0 0 0 0 
1 0 0 0 0 51 286 0 0 0 
771 0 0 0 2 0 0 0 0 0 
0 0 0 852 931 1 0 0 0 0 
2 0 0 0 18 370 0 0 0 0 
0 0 0 1 0 387 0 1 0 0 
0 0 0 114 2136 3 0 0 0 0 
0 4 6 484 240 170 64 0 4 0 
0 0 0 0 0 174 319 0 0 0 
3056 0 487 101 196 223 9 0 0 4 
0 0 96 437 546 2 0 0 0 0 
0 0 0 0 0 423 0 0 0 0 
0 0 0 0 0 0 1 0 610 0 
