7029 0 100 9 404 926 5024 20 0 0 
11316 168 0 0 0 0 0 46 0 2 
240 27 0 0 10 0 3597 314 0 0 
0 3870 98 0 7 1575 8 0 0 0 
0 0 0 0 0 5227 1 2 0 0 
0 1 0 0 1 4 2863 96 70 0 
920 0 0 0 0 0 0 0 2096 1832 
4362 0 12 0 0 57 20 542 0 0 
5 144 0 555 0 0 0 0 0 0 
317 0 0 0 6 0 27 0 298 1845 
5554 0 0 0 0 3 2 0 0 0 
0 0 0 19 1759 907 0 1 8 0 
0 0 0 0 0 0 5167 1 0 0 
0 0 2 42 1878 652 0 0 0 0 
0 0 0 0 12 1642 0 0 0 0 
0 577 0 0 0 0 0 0 0 0 
0 3 0 1580 0 0 0 0 1 0 
0 0 0 17 19 876 0 0 0 1 
0 0 0 0 0 0 0 0 236 0 
1585 0 0 0 0 0 0 0 0 0 
76 507 4 99 0 0 0 0 0 0 
1202 0 1 0 0 147 0 1 0 4 
0 0 0 0 0 406 21 0 1 0 
0 0 0 0 0 0 0 4 942 0 
0 0 878 23 39 48 0 0 0 0 
0 1 12 595 65 0 53 0 1 15 
0 0 187 5 3 0 0 0 18 1 
1120 0 25 0 10 4 1 0 0 0 
0 0 0 1 0 45 296 0 0 0 
775 0 0 1 0 0 0 0 1 0 
0 0 4 938 824 0 0 0 0 0 
0 2 0 0 2 370 0 0 9 8 
0 0 0 1 0 375 0 0 0 0 
0 0 0 97 2143 2 0 0 0 0 
0 3 0 368 341 148 120 1 0 0 
0 0 14 1 0 153 325 0 0 0 
2687 0 481 276 64 377 14 0 1 0 
0 0 72 439 569 5 0 0 0 0 
0 0 0 0 0 419 0 0 1 0 
0 7 1 0 0 2 2 0 599 0 
