6672 3 107 20 536 903 5221 0 0 0 
11285 230 0 4 0 0 0 25 0 0 
140 0 0 0 0 30 3555 460 2 0 
0 3961 88 1 0 1472 27 0 0 0 
0 0 0 0 0 5242 1 0 0 0 
0 0 1 0 1 11 2839 129 61 0 
905 0 1 0 0 11 2 2 2040 1881 
4434 0 0 0 0 3 0 474 0 0 
4 179 0 517 0 0 0 0 0 0 
134 0 0 0 0 23 29 0 351 1964 
5525 0 0 0 0 0 4 0 0 0 
0 0 0 34 1762 877 0 2 12 2 
0 4 0 3 0 0 5171 0 0 0 
0 0 0 44 1937 609 0 0 0 0 
0 2 0 0 13 1635 0 0 0 0 
0 572 0 0 0 0 3 0 0 0 
0 0 0 1576 9 0 0 0 0 1 
1 0 18 6 8 884 9 0 0 0 
0 0 0 0 0 0 0 0 236 0 
1586 0 0 0 0 0 0 0 1 0 
313 348 2 0 0 4 0 0 0 18 
1207 0 0 0 0 134 0 0 0 0 
0 0 0 0 0 410 11 2 2 2 
1 0 0 0 0 0 0 2 943 0 
0 2 787 49 165 0 0 0 0 0 
0 0 3 617 88 4 25 0 0 2 
0 0 17 171 0 0 0 0 26 0 
1120 28 0 0 0 1 0 0 1 0 
0 0 0 0 1 41 293 0 2 0 
771 2 0 0 1 0 0 0 0 0 
0 0 0 919 858 0 0 0 0 0 
0 0 0 0 3 374 0 0 0 9 
0 0 0 0 0 395 0 0 0 0 
0 0 0 130 2097 1 0 0 0 0 
0 10 2 387 254 211 102 0 10 3 
2 16 0 0 0 170 303 0 0 0 
2894 0 473 117 240 270 23 0 0 25 
0 7 69 458 529 1 0 4 0 0 
0 0 0 0 0 420 0 0 0 0 
0 0 0 0 0 0 0 0 611 0 
