12891 334 6 0 20 8 88 0 0 175 
619 0 293 21 6917 3684 7 0 0 0 
2 0 0 0 0 375 3432 376 0 0 
0 5551 0 0 0 0 0 0 0 0 
3661 0 0 1218 0 333 23 0 4 0 
0 0 4 0 0 0 486 364 2186 0 
4193 0 0 0 0 0 2 7 0 633 
4949 0 0 0 0 0 0 0 0 0 
0 0 0 0 701 0 0 0 0 0 
1 0 0 0 0 0 2500 0 0 0 
5220 0 0 0 0 56 289 0 10 0 
68 2036 0 117 452 1 0 0 0 0 
5129 0 0 0 1 24 0 6 0 2 
0 0 0 2520 14 0 0 0 0 0 
0 0 1312 40 14 279 0 5 0 1 
0 283 0 0 0 291 0 0 0 0 
56 0 0 1199 10 0 325 0 0 0 
0 921 0 0 2 0 0 0 0 0 
0 0 0 0 0 0 236 0 0 0 
54 0 0 0 0 1528 7 0 0 3 
0 0 0 0 0 228 459 1 0 0 
13 0 0 0 193 1130 0 0 0 0 
2 0 0 0 0 0 426 0 0 0 
0 0 0 0 0 0 0 0 946 0 
0 0 320 361 313 0 13 0 2 0 
0 0 0 8 0 307 420 0 0 0 
0 0 0 0 0 214 0 0 0 0 
451 0 77 6 0 497 0 0 111 0 
0 0 0 0 0 35 292 0 0 1 
0 0 0 0 0 0 769 0 0 0 
1 0 1 56 1689 24 0 0 0 0 
0 0 0 0 0 384 0 0 0 0 
0 0 0 0 1 385 10 0 0 0 
0 0 0 2279 2 0 0 0 0 0 
0 0 0 0 1 695 291 0 0 0 
0 1 0 0 11 357 121 0 0 0 
3961 0 1 0 0 0 0 0 0 0 
3 0 48 552 360 0 0 1 0 104 
152 65 0 0 0 1 202 0 0 0 
0 0 13 598 0 0 0 0 0 0 
