12851 454 0 0 28 6 71 0 0 158 
648 4 232 5 7029 3605 6 0 0 2 
6 3 0 0 1 493 3377 304 0 0 
0 5627 0 0 0 0 0 0 0 0 
3612 0 0 1419 0 197 2 0 0 0 
0 0 0 0 0 0 368 447 2218 1 
4059 0 0 0 0 7 11 0 0 770 
5137 0 0 0 0 0 0 0 0 0 
0 0 0 0 693 0 0 1 0 0 
0 0 0 0 0 1 2498 0 0 0 
5328 1 0 0 0 86 147 0 25 8 
204 70 0 1404 982 0 4 0 5 0 
5199 1 0 1 0 1 0 0 0 0 
0 0 0 2532 19 0 1 1 0 0 
2 11 897 606 0 170 0 0 1 0 
0 261 0 0 0 315 0 0 4 0 
1 0 220 1113 58 2 193 0 0 0 
0 896 0 0 1 0 0 0 0 0 
0 0 0 0 0 0 236 0 0 0 
68 0 0 0 0 1500 0 0 18 0 
0 0 0 0 0 225 458 0 0 0 
32 0 0 1 207 1120 0 0 0 0 
3 1 0 0 0 0 422 0 0 0 
0 0 1 7 0 0 0 0 940 0 
0 0 347 324 311 0 6 0 0 0 
0 0 0 9 0 313 413 0 0 0 
0 0 0 0 0 214 0 0 0 0 
398 0 125 225 0 312 7 41 48 0 
0 0 0 0 0 52 290 0 0 0 
0 0 0 0 0 0 776 0 0 0 
10 0 0 33 1703 56 0 0 0 0 
0 0 0 0 0 388 0 0 0 0 
0 0 0 0 0 377 9 0 0 0 
0 0 0 2217 1 0 0 0 0 0 
0 0 0 0 4 670 310 0 0 0 
0 0 0 0 9 352 121 0 0 0 
3643 0 1 0 0 0 2 0 0 0 
6 0 60 520 354 0 0 0 0 118 
257 0 0 41 96 15 0 11 0 0 
0 1 0 549 29 0 0 6 0 0 
