12882 279 0 0 0 9 72 0 0 182 
719 15 6 15 7128 3445 101 0 0 0 
21 0 0 0 0 382 3399 417 0 0 
0 5548 0 2 0 0 0 0 0 0 
3918 0 0 1171 1 202 24 0 0 0 
0 0 0 0 7 1 252 404 2355 5 
4048 0 0 5 0 0 17 0 2 733 
5068 0 0 0 0 0 0 0 0 0 
0 0 0 0 699 0 0 0 0 0 
0 0 0 0 0 1 2496 0 0 0 
5012 0 0 1 0 97 297 0 16 0 
132 1925 3 40 592 0 0 0 1 0 
5082 1 0 0 0 13 0 9 5 0 
1 0 1 2477 28 0 0 0 0 0 
0 1 1298 110 0 222 0 0 0 4 
0 260 7 0 0 308 0 0 0 0 
101 48 5 1409 2 23 0 0 0 0 
0 926 0 0 4 0 0 0 0 0 
0 0 0 0 0 0 236 0 0 0 
57 0 0 0 0 1555 0 1 0 0 
0 0 0 0 0 206 475 0 0 0 
16 5 0 0 189 1138 0 0 0 0 
1 0 0 0 1 0 427 0 0 0 
0 0 0 0 0 0 0 0 195 0 
2 0 339 324 313 4 0 0 0 0 
0 0 0 6 0 350 392 0 0 0 
0 0 0 0 0 213 0 0 0 0 
111 72 0 6 10 863 5 30 29 0 
0 0 0 0 0 33 298 0 0 0 
0 0 0 0 0 0 772 0 0 0 
1 0 0 52 1622 19 7 0 1 0 
0 0 0 0 0 352 0 0 0 0 
0 0 0 0 0 416 9 0 0 0 
0 0 0 2299 1 0 0 0 0 0 
1 0 0 0 0 698 275 0 0 0 
0 0 0 0 12 364 128 0 0 0 
4040 0 0 0 0 0 0 1 1 0 
0 3 111 498 463 4 0 0 0 106 
174 82 0 0 118 0 0 0 46 0 
2 0 0 602 0 0 0 0 7 0 
0 0 0 3 0 0 0 0 748 0 
0 0 105 1 0 0 2 0 0 0 
