14946 360 4 281 77 14 93 1 0 237 
722 1 319 38 6757 3645 52 1 0 0 
5 0 0 0 1 389 3438 364 1 0 
0 5629 0 0 0 0 0 0 1 0 
3897 0 24 1265 4 392 38 0 0 2 
0 0 2 0 0 0 308 429 2282 0 
4082 2 0 0 0 1 18 0 0 754 
6350 0 0 0 0 0 0 0 0 0 
0 0 0 2 671 0 0 0 0 0 
0 0 0 0 0 0 2491 0 0 0 
5309 0 0 0 0 85 272 0 20 0 
187 181 35 1706 977 220 5 4 0 0 
5276 0 0 0 0 1 0 0 0 0 
0 0 0 2574 216 0 0 0 0 0 
0 0 1013 514 0 156 0 0 2 0 
0 247 0 1 0 327 0 1 0 0 
118 77 96 826 254 46 109 0 49 0 
0 895 0 0 1 0 0 0 0 0 
0 0 0 0 0 0 236 0 0 0 
92 0 0 0 0 1424 0 0 0 0 
0 0 0 0 0 204 476 0 0 0 
13 0 0 0 198 1149 0 1 0 0 
1 0 0 0 0 0 424 0 1 0 
0 0 0 0 0 0 0 0 946 0 
0 0 359 334 303 0 0 0 0 0 
0 0 0 3 0 342 418 0 0 2 
0 0 0 0 0 213 0 0 0 0 
305 111 184 125 0 256 0 106 42 9 
0 0 0 0 0 64 288 0 1 0 
0 0 0 0 0 0 760 0 0 0 
18 0 0 165 1201 360 1 0 0 0 
0 0 0 0 0 388 0 0 0 0 
0 0 0 0 0 369 10 0 0 0 
0 0 0 2272 2 0 0 0 0 0 
5 0 89 289 183 47 0 3 0 140 
0 0 0 0 121 561 272 0 0 0 
0 0 0 0 10 343 111 0 0 0 
