12471 240 0 1 0 1 27 3 0 0 
793 2 0 8 7132 3501 5 0 0 0 
20 1 0 0 0 347 3458 382 0 0 
0 5543 0 1 0 0 0 0 0 0 
3968 3 0 1003 0 308 26 0 4 0 
1 45 0 0 0 0 266 344 2370 0 
4035 0 0 0 0 0 15 0 0 754 
5025 0 0 0 0 0 0 0 0 0 
0 0 0 0 695 0 0 0 0 0 
0 0 0 0 0 0 2501 0 0 0 
5042 2 3 1 19 84 216 0 14 0 
152 1789 5 6 742 0 0 0 0 0 
5114 0 0 0 0 2 0 3 0 0 
0 0 0 2494 8 0 0 0 0 0 
0 0 1307 13 0 281 0 0 0 45 
0 257 0 0 0 323 0 0 0 0 
330 42 2 1171 0 27 2 0 0 0 
0 930 0 0 1 0 0 0 0 0 
0 0 0 0 0 0 236 0 0 0 
66 0 0 0 0 1558 0 0 0 8 
0 0 0 1 0 189 493 0 0 0 
14 0 0 0 225 1091 0 0 0 1 
1 0 0 0 0 0 427 0 0 0 
0 0 0 1 0 0 0 0 188 0 
0 0 18 528 344 0 0 0 0 0 
0 0 0 11 0 349 387 0 0 0 
0 0 0 0 0 214 0 0 0 0 
3 0 71 0 0 937 0 0 119 0 
0 0 0 0 0 30 299 0 0 0 
0 0 0 0 0 0 777 0 0 0 
0 0 0 24 1614 46 0 2 0 0 
0 0 0 0 0 352 0 0 0 0 
0 0 0 0 0 417 9 0 0 0 
0 0 0 2306 1 0 0 0 0 0 
0 0 0 0 0 704 277 0 0 0 
0 0 0 0 9 361 132 0 0 0 
4114 0 0 0 0 1 0 0 1 0 
0 0 16 592 497 0 0 2 2 80 
13 294 0 11 93 0 0 8 1 0 
0 0 16 595 0 0 0 0 0 0 
2 0 0 0 0 0 0 0 388 0 
0 0 191 0 0 0 0 0 0 0 
241 0 95 0 0 0 3 0 0 102 
0 0 0 1 0 0 0 0 370 0 
195 0 0 0 42 0 0 0 0 8 
