6750 0 109 22 555 1122 5125 0 0 5 
11296 200 0 0 3 0 0 28 0 0 
104 38 0 24 155 100 3283 410 0 84 
3 3618 114 1 502 1343 35 0 1 0 
0 0 0 5 0 5239 1 0 0 2 
0 0 0 3 0 22 2786 131 87 0 
842 0 1 2 0 0 1 0 2137 1864 
4860 0 2 0 3 11 0 505 0 0 
9 162 1 515 0 0 0 2 4 0 
150 0 0 0 0 0 62 0 360 1918 
5675 0 2 6 0 0 2 0 2 0 
0 0 0 44 1961 1049 0 1 223 1 
0 0 0 0 0 0 5268 0 0 0 
0 0 0 86 1960 646 0 0 0 0 
0 0 0 0 9 1681 0 0 0 0 
10 565 0 0 0 0 0 0 0 1 
0 2 0 1577 0 0 4 0 0 0 
0 0 0 4 10 882 12 1 0 0 
0 0 0 0 0 0 0 0 236 0 
1544 0 0 0 0 0 0 0 0 0 
36 203 72 156 168 0 36 0 10 0 
1237 0 0 1 0 108 0 0 8 0 
0 2 0 0 0 410 15 0 0 0 
0 0 3 0 0 0 0 0 943 0 
0 0 884 32 25 0 0 48 0 0 
1 0 0 604 77 0 76 0 0 1 
12 1 115 9 66 4 0 0 0 7 
1103 0 0 0 0 0 4 0 26 4 
0 0 0 0 2 36 302 0 0 0 
769 0 1 0 0 0 1 0 0 0 
1 0 0 1033 808 13 1 2 0 0 
0 0 0 0 2 385 0 0 0 1 
0 0 0 0 0 390 0 0 0 0 
0 0 0 149 2042 6 0 0 0 0 
7 0 2 510 105 220 83 1 8 0 
0 0 0 0 0 129 344 0 5 0 
1621 0 272 145 121 360 623 34 0 0 
1 0 69 226 602 9 0 0 0 0 
0 0 0 0 0 411 0 0 0 0 
