12814 328 0 0 48 15 37 0 0 245 
690 0 361 17 6771 3715 5 0 0 0 
11 1 0 0 0 317 3498 356 2 0 
0 5548 0 0 0 0 0 0 0 2 
3680 0 4 1208 0 314 24 0 5 0 
4 0 0 0 1 0 460 493 2083 0 
4161 0 0 1 0 0 2 0 0 666 
4966 0 0 0 0 0 0 0 0 0 
0 0 0 0 698 0 0 0 0 0 
0 0 0 0 0 0 2498 0 0 0 
5187 0 0 0 0 106 290 1 10 3 
129 1965 0 115 471 0 0 0 0 0 
5162 3 1 0 0 5 6 0 0 0 
0 0 1 2545 14 0 0 0 0 0 
0 3 1269 30 35 283 0 0 22 3 
0 274 0 0 0 300 0 0 0 0 
68 0 5 1116 0 0 393 5 0 0 
0 916 0 0 2 0 0 0 0 0 
0 0 0 0 0 0 236 0 0 0 
38 0 1 0 0 1547 3 0 0 0 
0 0 0 0 0 178 509 0 0 0 
28 0 0 0 215 1099 0 0 0 0 
1 0 0 1 0 0 426 0 0 0 
0 0 0 0 0 0 0 0 946 0 
0 0 346 318 326 0 0 0 0 0 
0 4 0 8 0 346 386 0 0 0 
0 0 0 0 0 214 0 0 0 0 
523 0 19 11 1 487 9 0 86 1 
1 0 0 0 0 32 294 0 0 0 
0 0 0 0 0 0 774 0 0 0 
0 0 0 55 1698 21 0 0 0 1 
0 0 0 0 0 386 0 0 0 0 
0 0 0 0 1 381 10 0 0 0 
0 0 0 2254 1 0 0 1 0 0 
0 0 0 0 0 673 305 0 0 0 
0 0 0 0 9 347 134 0 0 0 
3942 0 0 0 0 0 0 0 0 0 
0 0 56 545 369 0 0 0 0 119 
216 64 0 0 0 0 124 0 0 16 
0 0 3 598 0 9 0 0 0 1 
