12882 243 0 7 119 11 135 0 0 249 
682 3 224 17 7163 3452 1 0 0 0 
8 0 0 0 0 366 3421 396 0 0 
0 5618 0 0 1 0 0 0 0 0 
3757 2 0 1298 0 179 4 2 0 0 
2 0 0 0 3 0 205 351 2469 2 
4144 0 11 0 2 6 5 0 2 666 
5328 0 0 0 0 0 0 0 0 0 
0 0 0 2 693 0 0 0 0 0 
0 2 0 0 0 0 2488 0 0 0 
5374 0 0 0 0 58 221 1 12 0 
314 152 0 1794 1008 0 0 0 2 0 
5211 0 0 16 0 5 0 1 0 1 
0 0 0 2646 56 0 0 0 0 0 
6 0 1056 437 0 159 0 0 0 33 
0 293 0 0 0 285 0 0 0 0 
21 32 99 1076 172 1 97 0 77 0 
0 902 0 0 5 1 0 0 0 0 
0 0 0 0 0 0 236 0 0 0 
76 1 0 0 0 1483 0 0 0 0 
0 0 0 0 0 208 473 0 0 0 
18 0 0 0 189 1145 0 0 0 0 
1 2 0 0 3 0 421 0 0 0 
0 0 1 0 0 0 0 0 945 0 
0 0 326 357 284 0 1 0 1 20 
0 0 0 8 0 320 435 0 0 0 
0 0 0 0 0 214 0 0 0 0 
423 30 235 45 0 338 7 35 22 0 
0 0 0 0 0 55 290 0 0 0 
0 0 0 0 0 0 773 0 0 0 
5 2 0 117 1452 290 1 0 0 0 
0 0 0 0 0 393 0 0 0 0 
0 0 0 0 0 371 11 0 0 0 
0 0 0 2156 1 0 0 2 2 0 
0 0 0 0 4 647 277 0 0 0 
0 0 0 0 8 342 133 0 0 0 
3306 0 0 0 4 0 0 0 0 0 
6 0 88 446 305 5 0 0 0 81 
298 0 0 32 26 61 0 2 0 0 
