7314 3 31 4 472 598 4409 0 0 0 
11172 217 0 0 0 0 26 17 0 0 
114 0 57 0 0 0 3612 433 0 0 
0 4019 2 0 1 1476 43 0 0 0 
0 0 0 0 0 5303 1 0 0 0 
0 0 0 0 0 18 2768 134 105 0 
493 0 1 1 0 0 1 19 2238 2061 
4696 0 0 0 0 6 0 349 2 0 
2 171 0 523 0 0 0 0 0 0 
223 0 0 2 4 0 18 0 339 1908 
5409 0 0 5 0 0 6 0 0 0 
0 0 0 28 1759 907 0 0 0 0 
0 0 0 0 0 0 5105 0 0 1 
0 0 0 34 1853 605 0 0 0 4 
0 0 0 0 7 1638 0 0 0 0 
0 574 0 0 0 0 3 1 0 0 
0 0 0 1574 0 0 3 0 0 2 
0 1 0 12 10 897 0 0 0 9 
0 0 0 0 0 0 0 0 236 0 
1609 0 0 0 0 0 0 0 0 0 
113 568 0 0 0 0 0 0 0 0 
1190 6 0 0 0 144 1 0 1 0 
0 0 0 0 0 401 27 0 0 0 
0 0 0 0 0 0 0 1 188 0 
0 11 838 30 16 8 0 4 1 0 
0 0 0 600 129 0 0 0 18 1 
0 0 0 85 0 0 127 1 0 0 
1049 0 0 5 0 4 0 73 0 0 
0 6 0 0 0 31 285 6 0 0 
770 0 0 0 0 0 0 0 0 0 
0 0 7 811 861 5 0 0 0 0 
0 0 7 3 0 332 0 15 0 0 
0 0 0 0 0 420 1 0 0 0 
4 0 0 93 2219 2 0 0 0 0 
0 0 0 437 296 206 39 0 0 0 
0 0 0 0 0 193 310 0 0 0 
3152 11 315 165 126 263 0 0 0 0 
0 0 71 512 614 5 0 0 0 0 
0 0 0 0 0 420 0 0 0 0 
0 0 1 0 0 0 0 2 608 0 
0 0 0 0 28 6 7 0 348 0 
47 0 70 14 0 22 22 0 0 0 
69 0 218 1 1 219 132 0 3 0 
0 0 0 0 0 0 0 0 371 0 
