7038 0 107 35 568 857 4868 5 0 0 
11297 214 0 0 0 1 0 44 0 0 
275 66 0 0 1 0 3479 368 0 0 
0 3921 100 0 0 1519 4 3 0 0 
3 0 0 0 0 5225 2 3 0 0 
0 0 1 0 0 23 2808 118 82 5 
762 0 0 0 0 1 21 0 2226 1824 
4365 1 8 0 0 30 0 576 0 0 
5 176 0 516 0 0 0 0 0 0 
228 0 0 0 1 0 40 3 275 1956 
5572 0 0 0 1 0 19 0 0 0 
0 0 0 31 1713 933 0 0 5 0 
0 0 0 1 0 0 5170 0 0 0 
0 0 0 29 1939 601 0 0 0 1 
0 0 0 0 10 1636 0 0 0 0 
0 575 0 0 0 0 0 0 0 0 
0 0 0 1587 0 1 0 1 0 0 
0 0 0 6 13 903 0 0 0 0 
0 0 0 0 0 0 0 0 236 0 
1589 0 0 0 0 0 0 0 0 0 
153 519 5 11 0 0 0 0 0 0 
1240 0 0 4 5 86 0 1 0 6 
2 0 1 0 0 407 18 0 0 0 
0 1 0 1 0 0 12 0 932 0 
0 0 839 28 123 0 0 0 0 0 
0 0 0 555 120 0 51 0 1 0 
0 0 149 60 0 0 0 0 1 4 
1138 0 0 0 2 0 0 2 0 1 
0 0 0 0 0 41 287 0 0 0 
771 0 1 0 0 0 0 0 0 0 
0 0 0 911 861 0 0 0 0 0 
0 0 0 0 0 389 0 1 0 0 
0 0 0 0 0 388 0 0 0 0 
1 0 0 84 2158 1 2 0 0 0 
0 0 0 357 374 126 139 0 0 0 
0 1 0 0 0 155 334 0 0 0 
2913 0 384 244 146 249 0 0 0 0 
0 0 82 474 529 1 0 0 1 0 
0 0 0 0 1 419 0 0 0 0 
0 4 0 0 0 0 0 0 607 0 
