12425 325 0 0 2 10 60 2 4 5 
621 0 0 17 7160 3619 10 0 0 4 
18 0 0 0 0 372 3417 396 0 0 
0 5544 0 0 1 0 0 0 0 0 
4035 1 2 958 0 300 9 7 0 0 
0 0 9 0 1 0 255 363 2398 0 
3997 0 0 1 0 0 12 0 0 785 
5059 0 0 0 0 0 0 0 0 0 
0 0 0 0 693 0 0 0 0 0 
0 0 0 0 0 0 2494 0 0 0 
4968 0 0 0 0 89 314 0 4 0 
158 1842 0 3 665 0 0 0 22 0 
5097 0 2 0 0 10 0 0 0 0 
0 0 0 2493 15 0 0 0 0 0 
0 0 1291 52 0 272 0 0 0 27 
0 287 0 0 0 290 0 0 0 0 
153 0 1 1397 0 28 0 0 0 0 
1 926 0 1 1 0 0 0 0 0 
0 0 0 0 0 0 236 0 0 0 
82 0 5 0 0 1532 0 0 0 0 
0 0 0 0 0 201 481 0 0 0 
18 0 0 0 205 1119 0 0 0 0 
2 0 0 1 1 0 425 0 0 0 
0 0 0 0 0 0 0 0 189 0 
0 0 14 464 414 0 0 0 0 0 
0 0 0 10 0 350 391 0 0 0 
0 0 0 0 0 213 0 0 0 0 
13 65 69 0 1 852 0 0 133 0 
0 0 0 0 0 33 296 0 0 0 
0 0 0 0 0 0 776 0 0 0 
0 0 0 45 1604 33 0 0 0 0 
0 0 0 0 0 351 0 0 0 0 
0 0 0 0 0 415 9 0 0 0 
0 0 0 2304 1 0 1 0 1 0 
0 0 0 4 0 689 284 0 0 0 
0 0 0 0 8 368 129 1 0 0 
4061 0 0 0 0 0 0 0 0 0 
0 0 16 528 555 0 0 2 0 97 
44 215 0 0 148 0 1 12 0 0 
0 0 2 607 0 0 0 0 2 0 
0 1 0 7 0 0 0 0 381 0 
0 0 190 0 1 0 0 0 0 0 
233 0 53 0 0 0 0 0 0 121 
0 0 1 0 0 0 0 0 370 0 
222 0 0 0 0 0 0 0 0 32 
