0 0 0 0 0 0 1069 1 
0 0 0 0 0 265 96 0 
0 1 0 1 4 0 0 798 
0 0 0 0 0 0 35 106 
0 0 0 0 0 12046 94 0 
0 0 0 0 0 0 824 0 
0 0 0 0 0 12807 0 0 
0 2459 0 1 0 0 0 0 
0 0 0 21 82 7487 0 0 
0 0 286 40 15 1 0 0 
917 3 0 0 0 4 0 1218 
1875 0 0 0 0 0 0 2 
23 0 0 0 0 0 0 1583 
0 3 0 0 23 768 545 2477 
53 0 0 0 0 0 0 5939 
0 1092 0 11 0 245 601 1449 
1 754 3 0 0 0 0 0 
1155 2 34 0 1 0 0 0 
2 0 0 0 1 0 2440 72 
0 0 0 0 0 0 117 93 
0 0 0 11 0 0 0 1700 
0 0 0 0 0 0 0 260 
184 13 61 0 217 203 0 187 
350 94 6 0 0 0 56 0 
4752 0 1 0 0 1 0 40 
19 0 0 0 0 0 425 0 
0 0 0 0 0 0 0 323 
0 0 0 0 0 158 0 1 
0 0 3 0 0 0 361 1 
0 4 0 0 0 10733 0 1 
0 2626 0 1 0 0 0 0 
0 3402 0 0 1 10 0 0 
0 3095 0 0 0 0 0 0 
0 3 0 0 0 37 353 55 
0 158 32 0 3 78 404 10 
2019 0 0 0 0 3 0 0 
1 667 492 0 0 0 0 26 
0 0 1829 0 0 2686 0 0 
471 0 0 0 1 0 0 0 
0 1 0 0 0 42 351 57 
0 0 0 22 3 3 0 629 
0 0 0 0 0 0 1 2201 
118 0 0 1 0 0 0 3549 
0 0 0 0 0 0 0 3570 
0 0 1 3 2 0 0 1502 
0 0 1 0 384 0 0 0 
1 0 0 2 0 0 209 0 
0 0 0 0 0 22 182 0 
0 0 0 0 0 0 191 151 
0 0 0 0 135 1117 51 0 
379 0 14 27 102 267 1 5 
0 0 4 0 0 2408 0 0 
0 0 0 0 16 0 0 655 
0 0 0 0 0 0 97 1754 
27 5279 2 0 0 0 0 0 
0 0 0 0 1449 5 0 18 
44 0 0 0 0 0 0 425 
0 0 0 0 0 0 91 530 
0 0 3 0 0 3209 0 0 
0 0 95 2 0 446 0 0 
35 0 0 1 8 2 68 1 
2 114 0 0 467 39 271 1 
0 0 0 0 0 60 644 24 
0 0 544 0 526 27 0 3 
0 0 0 0 1 0 5 318 
0 0 145 0 2 2 0 0 
0 12 0 0 0 86 7 299 
0 0 68 0 1 2 2 563 
1 213 0 0 137 6 581 32 
1 679 21 1 0 18 0 0 
178 159 0 0 1 0 0 1 
110 39 7 0 184 0 2 185 
0 0 0 0 0 302 0 0 
0 0 0 46 0 11 123 0 
0 35 0 0 0 0 0 188 
0 0 0 0 0 969 0 0 
531 0 127 263 0 160 0 0 
0 12 1 0 3 0 697 0 
0 0 0 0 312 7328 0 0 
0 5 0 0 0 3 530 0 
6 2 1058 0 0 594 4 0 
0 0 0 0 0 6299 0 0 
18 174 0 327 13 0 76 0 
0 0 0 0 210 4744 0 0 
28 0 0 86 155 4 144 0 
0 2 1 0 0 5697 48 0 
0 8 0 1 194 0 0 0 
283 88 64 0 11 0 184 956 
0 34 242 0 0 0 146 6 
0 2 293 0 4 0 0 0 
2032 0 0 0 0 0 0 0 
0 0 0 0 0 0 72 410 
0 0 0 0 0 0 0 230 
0 355 211 0 0 0 0 0 
0 0 0 0 0 0 636 0 
0 0 0 0 3 0 612 0 
0 0 0 0 0 0 226 2 
0 18 662 0 0 3 14 89 
3162 0 0 0 0 0 0 20 
0 2701 0 0 0 0 0 0 
9 0 0 0 36 0 358 0 
0 0 0 0 0 3511 1 0 
302 0 0 0 0 0 380 2016 
9 0 8 0 1 2 23 1384 
0 0 0 0 0 236 0 97 
0 0 0 0 307 154 0 0 
0 0 0 0 0 19 63 493 
1445 0 0 0 0 0 0 0 
0 0 0 2 0 0 1384 1 
0 5 0 6 41 728 0 461 
0 0 0 3 710 0 0 0 
0 1 0 0 0 0 0 201 
0 0 0 0 2 0 65 0 
0 0 0 1 0 0 0 992 
1 0 0 0 0 0 0 345 
0 111 0 60 0 48 87 883 
5 2 0 0 1 1147 0 8 
0 0 1870 0 0 1 24 0 
0 0 0 15 23 0 557 0 
108 0 0 0 0 21 3 8 
0 0 1 1 0 0 122 0 
0 0 0 0 0 0 0 199 
0 0 405 4 323 0 0 0 
0 0 0 0 0 8628 0 0 
1 7 9 0 0 27 30 12 
3 0 0 149 4 0 165 0 
0 975 7 1 0 5 0 0 
260 0 0 0 0 1 0 0 
0 0 0 0 0 2 1433 2 
0 1 258 0 0 0 0 0 
0 0 293 0 13 5 4 0 
0 452 15 9 16 0 0 0 
0 1 0 0 0 0 88 1044 
26 346 291 17 0 2 0 3 
9 10 87 2 54 153 72 0 
0 0 0 0 0 0 321 0 
0 0 99 115 0 0 211 40 
43 0 0 0 2 221 1 0 
0 56 30 0 276 4 19 117 
10 58 588 0 1 0 0 0 
45 228 0 66 7 0 6 0 
2 944 1 0 0 1 0 0 
0 0 0 0 5 0 496 0 
0 1 0 8 1655 0 102 0 
0 0 38 0 56 24 98 0 
0 0 618 0 0 0 0 0 
0 0 1 1 0 577 95 0 
0 718 59 73 14 687 82 209 
0 0 0 1 0 2 0 356 
134 0 0 0 4 232 0 0 
165 4 0 0 0 47 1 0 
0 28 0 0 171 4 0 0 
0 0 1 0 1 1314 0 0 
6 88 36 58 9 0 7 6 
0 0 0 0 0 9683 0 0 
0 0 0 0 1 63 103 251 
0 0 90 2 146 0 0 0 
0 137 0 0 0 0 57 0 
0 0 48 2 119 0 9 10 
0 1462 0 0 0 0 0 0 
0 0 4 3 853 52 1 0 
0 0 5 0 0 0 0 388 
35 14 0 0 0 604 742 0 
0 0 0 0 0 182 8 0 
0 0 833 2 0 0 0 0 
989 0 233 0 0 0 44 0 
0 36 13 0 1 0 0 519 
0 0 0 0 0 0 65 0 
0 0 1433 0 0 467 0 2 
0 0 275 1 0 0 0 1 
235 0 5 0 79 0 0 0 
2 0 49 0 3 117 26 7 
0 0 0 0 0 0 1 249 
0 1131 0 9 0 0 0 0 
0 0 4 0 1 138 0 0 
0 223 0 11 0 0 0 0 
0 494 0 0 2 0 0 0 
0 0 0 0 0 1097 0 0 
0 1 4 0 0 2 61 0 
0 0 0 0 0 0 22 129 
0 2 505 0 0 0 0 0 
217 0 0 0 0 55 175 7 
40 1 0 271 1 683 0 0 
438 1 0 0 0 0 0 0 
30 361 14 0 10 0 11 933 
0 0 529 0 1 3 0 0 
0 0 0 0 0 0 999 0 
0 70 0 0 323 188 9 0 
473 12 6 34 0 13 0 0 
0 0 1110 0 0 1 5 0 
39 0 0 0 278 0 0 6 
0 0 0 0 123 715 0 0 
0 2399 0 0 0 0 0 0 
3330 0 0 0 0 0 0 34 
0 45 2 17 0 0 563 11 
0 200 20 7 0 73 0 789 
0 0 0 0 1 0 25 182 
0 0 0 0 252 0 0 0 
0 0 9 3 0 0 26 111 
0 1 0 0 0 222 210 0 
0 129 126 177 0 0 0 0 
0 1012 0 0 0 0 3 0 
6 0 0 0 4 0 0 318 
0 0 17 3 15 188 1 7 
0 1 0 0 1 197 1 0 
0 0 0 0 17 252 0 0 
95 112 0 5 6 2 5 178 
124 0 38 0 17 0 1 602 
0 0 3 7 0 0 213 5 
0 0 708 0 1 0 1 0 
3 185 0 66 0 25 0 35 
1828 0 6 0 0 0 0 0 
0 0 0 0 2 0 108 127 
0 0 0 0 0 0 209 0 
18 0 628 5 22 140 0 21 
0 139 1 0 0 105 0 9 
1 2554 0 0 5 33 0 1 
376 0 0 0 0 0 0 0 
2 0 1 30 0 0 0 183 
0 0 0 0 0 108 0 0 
0 0 0 1 3 2213 0 0 
86 1 0 0 0 0 43 0 
0 0 3 2 0 546 0 1 
0 2 2 0 0 0 3 818 
0 0 0 0 0 0 7 65 
7 40 6 0 39 591 1 0 
5 0 0 0 4 0 0 163 
0 0 0 0 0 967 0 0 
0 0 0 0 0 0 1392 0 
0 0 0 0 0 0 2909 0 
0 0 174 201 0 41 0 13 
0 0 0 0 0 0 325 0 
0 0 0 0 0 0 751 0 
2 0 0 0 0 0 195 34 
0 552 0 4 0 0 0 1 
102 0 0 2 1 35 2 7 
3 0 0 0 0 0 213 0 
0 244 0 46 0 5 48 0 
3 2 3 0 187 0 6 0 
0 0 203 0 0 0 1 0 
117 5 163 170 0 34 0 0 
0 0 0 6 0 436 0 0 
0 3 0 0 0 0 33 101 
145 343 0 0 0 0 0 103 
0 0 0 0 0 259 0 0 
0 0 267 0 0 0 0 0 
0 0 40 0 0 69 0 0 
66 0 0 0 87 0 0 0 
0 1 0 0 0 2066 0 0 
0 7 44 0 4 1 0 24 
3 0 174 0 1 0 2 9 
0 0 0 0 0 252 2 0 
10 209 3 0 0 0 0 11 
29 27 0 0 0 0 5 53 
0 910 2 0 0 0 0 0 
0 0 0 124 0 0 0 14 
0 0 0 0 0 0 0 291 
0 1 0 0 0 5004 4 0 
1 0 0 0 0 1 0 105 
0 0 0 0 0 0 758 1 
0 0 0 0 0 0 163 1 
62 108 0 1 0 0 0 0 
0 0 0 0 0 27 0 1159 
0 0 0 0 0 50 249 0 
1 19 437 0 0 144 0 13 
1 0 0 0 1 0 444 373 
0 0 0 0 0 0 41 98 
1 0 0 0 1 398 0 0 
0 0 0 0 0 1361 0 1 
1 0 0 168 0 0 0 0 
0 0 0 1 0 0 131 0 
0 0 0 3 0 349 0 0 
5 0 0 273 0 4 0 0 
0 0 0 0 0 0 0 192 
9 2 0 17 216 0 2 3 
0 2 0 0 0 0 26 76 
6 0 279 0 0 0 0 4 
0 232 0 0 0 0 0 0 
3 0 3 73 47 26 143 6 
0 0 0 5 0 0 198 0 
1 0 5 7 205 0 164 0 
0 1 0 0 4 1 0 194 
0 0 0 0 0 1 0 225 
1 0 0 0 0 0 0 1734 
0 0 0 0 0 0 0 98 
179 2 0 5 0 8 0 0 
0 0 1 0 0 0 0 289 
20 0 0 1 259 209 0 0 
193 64 7 0 6 0 30 40 
0 0 0 0 0 0 0 327 
2 53 61 0 0 0 5 0 
0 0 0 0 0 194 0 0 
0 0 63 0 16 0 0 0 
0 2 1197 0 5 0 0 0 
2 0 0 0 0 464 0 0 
0 41 20 10 7 0 0 0 
0 0 0 1 0 0 0 492 
65 9 132 22 0 0 0 0 
61 0 0 0 0 0 0 130 
0 0 2 0 0 0 0 81 
0 8 275 1 0 0 0 0 
0 0 0 0 1 0 0 645 
0 0 98 1 1 16 9 0 
0 109 0 0 0 0 0 195 
0 0 0 1 0 222 1 0 
1 0 44 0 0 16 0 1 
141 0 3 0 0 1 1 28 
0 0 0 0 0 0 0 368 
2 0 32 0 0 325 52 0 
0 0 0 0 0 0 92 0 
4 0 0 0 2 0 0 201 
0 1 0 0 31 0 0 57 
0 0 0 0 1 0 0 192 
0 10 77 0 0 19 1 150 
198 82 2 0 0 0 0 218 
315 0 60 0 14 0 1 0 
5 53 5 0 22 0 0 4 
90 0 0 0 0 423 15 11 
9 0 0 0 0 32 0 0 
0 1 2 0 0 0 0 369 
1 14 15 0 1 44 0 0 
0 0 0 1 0 0 0 265 
0 0 1 1 0 0 0 154 
1 0 0 2 4 0 153 0 
0 0 0 0 2 21 415 0 
0 0 0 0 0 2 0 239 
0 1 0 0 4 2 1 1251 
0 0 0 0 0 0 0 227 
0 0 0 0 0 0 0 210 
0 0 0 118 3 0 0 0 
0 56 1 17 77 0 0 0 
1 0 0 0 0 0 0 110 
0 0 3 2 0 0 0 264 
108 38 2 0 0 0 0 0 
514 0 0 0 0 1 0 0 
0 52 0 110 68 147 223 0 
47 0 8 0 7 0 0 0 
0 251 0 0 0 140 109 37 
0 0 0 0 0 0 0 246 
0 0 4 0 79 1 39 1 
0 0 0 0 0 0 0 93 
0 114 0 0 0 0 0 1 
36 1 0 0 80 57 0 152 
0 0 47 0 0 0 0 0 
0 0 104 0 0 11 0 0 
0 147 0 0 0 0 0 0 
0 0 53 1 0 0 0 52 
0 1 0 0 4 6 2338 1 
0 0 0 0 0 2490 0 0 
0 657 0 0 0 0 0 0 
0 0 0 1 0 3975 0 0 
1 1 1 0 3 0 540 0 
426 0 1 0 0 0 0 41 
0 304 0 0 2 0 0 0 
3 154 3 294 0 0 0 0 
0 0 0 0 0 0 90 251 
0 3 40 0 0 104 19 11 
0 15 0 0 0 0 335 0 
0 0 0 0 0 0 0 1105 
6 0 0 0 0 61 0 32 
0 47 0 195 0 0 0 0 
0 109 0 0 0 0 0 0 
14 0 194 0 181 139 0 1 
0 50 10 0 171 0 30 93 
31 14 22 0 0 67 37 96 
0 0 17 0 19 309 15 0 
0 1 0 14 51 21 2 2 
0 0 27 55 1 0 0 167 
0 0 201 2 0 0 0 9 
0 0 3 0 0 0 413 0 
122 0 3 0 176 1 6 0 
9 28 0 0 11 0 114 30 
0 0 0 10 18 0 62 38 
0 241 4 0 1 0 101 0 
17 0 42 34 146 0 18 15 
0 0 0 0 0 0 0 472 
0 0 0 0 0 0 159 0 
0 2 464 0 1 0 0 0 
0 53 14 0 40 0 1 0 
3 0 0 0 0 0 16 118 
0 0 0 0 0 0 190 0 
388 1 41 0 1 0 0 8 
0 0 73 7 11 4 1 0 
0 1 1 36 0 27 0 36 
292 0 0 0 0 0 0 0 
0 167 10 0 4 48 0 1 
1 0 294 0 0 0 0 0 
0 0 0 1 0 0 566 70 
0 0 2 0 1 0 157 0 
1 0 2 0 0 0 145 0 
0 33 0 2 0 1 175 3 
4 0 36 3 0 0 0 109 
0 2 0 0 6 0 431 0 
3 0 0 0 110 0 32 0 
0 29 134 25 2 7 0 40 
8 0 0 42 0 0 18 0 
0 98 0 1 0 0 0 0 
0 0 0 0 2 0 102 0 
143 0 0 0 0 0 0 6565 
0 0 2292 0 1 0 0 0 
0 0 0 0 2 0 0 218 
0 0 0 0 0 0 35 1422 
0 0 946 0 0 0 0 0 
132 185 76 17 188 34 1 0 
0 0 0 0 0 0 121 0 
0 8 0 9 0 6 438 0 
0 0 0 0 0 0 2486 327 
3 0 60 0 34 0 117 1 
0 0 23 9 214 0 0 0 
0 0 0 0 0 0 1939 0 
0 0 6 3 0 907 1 0 
0 0 0 0 0 0 99 70 
0 16 1 0 1 816 1 47 
255 0 0 0 1 3 0 117 
0 0 0 18 0 64 1 35 
0 39 10 9 0 0 0 58 
0 169 0 25 0 0 0 0 
3 0 38 17 0 1 7 0 
0 0 0 0 0 183 0 0 
0 0 1 0 0 78 60 5 
0 1 0 0 0 2177 58 0 
0 0 0 42 1 0 79 0 
0 0 1 0 0 0 0 380 
0 1 0 0 0 0 495 0 
0 0 0 0 0 0 142 0 
0 0 0 0 0 0 220 0 
0 0 0 0 0 2 13 144 
0 0 0 0 0 0 2 107 
0 0 4 0 0 0 678 223 
0 0 0 0 0 0 55 174 
0 1074 0 62 0 135 51 93 
130 0 0 0 0 0 0 0 
0 0 0 2 342 0 0 0 
0 0 234 0 0 0 0 0 
67 0 9 0 2 2 0 0 
112 0 26 20 0 18 0 15 
0 1 0 0 0 0 0 2169 
0 0 0 0 0 104 27 2 
0 0 111 1 2 0 0 85 
0 0 0 0 0 1315 31 0 
1 0 232 3 0 2 0 0 
34 9 8 57 63 0 69 5 
0 0 0 0 3 0 7 417 
0 0 34 0 16 31 0 9 
77 0 0 0 0 3 0 99 
0 0 0 0 0 1579 1 0 
0 0 0 0 5 0 167 35 
101 0 28 0 4 0 17 67 
427 0 0 0 0 1 0 0 
0 0 0 31 33 564 944 1 
90 78 1 0 1 0 194 81 
1 973 0 11 0 124 15 3 
0 32 518 0 0 0 2 1 
0 0 2 16 139 1 0 0 
8 202 1 5 0 0 10 0 
0 0 0 0 6 342 0 1 
12 1 0 0 26 0 270 1 
0 0 2 0 0 0 0 917 
0 0 0 0 0 0 384 0 
173 0 83 0 0 17 0 0 
0 0 4 0 69 0 1 4 
0 3 0 0 0 0 1 181 
1 2671 0 0 0 0 11 0 
0 21 244 188 0 977 0 1 
0 29 1 1 0 14 293 0 
0 105 78 7 0 0 0 0 
0 0 1083 0 0 0 0 0 
2 6 0 31 93 0 88 48 
0 2229 0 20 0 0 3 9 
0 0 0 0 0 1 128 191 
0 21 0 0 0 565 0 0 
103 0 0 0 31 0 0 0 
0 1 0 0 0 15 0 158 
0 0 0 22 309 0 0 24 
0 0 14 0 4 1230 21 86 
0 0 1 0 0 0 0 1055 
0 0 193 0 0 0 3371 1436 
126 50 40 0 0 1 13 0 
120 0 1 0 0 0 0 1 
0 0 0 0 190 2 1 0 
39 2 0 0 0 0 0 215 
0 20 395 0 121 117 0 12 
23 21 652 0 0 2 0 8 
0 612 21 1 0 10 0 241 
0 0 3 164 6 75 1 0 
0 0 0 0 0 86 80 0 
64 0 1 0 0 20 0 0 
1069 167 0 0 0 0 0 18 
0 0 1 5 0 0 0 72 
178 7 0 0 0 0 0 4 
0 0 0 0 0 497 15 0 
1 26 0 0 0 931 0 0 
1623 0 0 0 0 0 0 0 
7 0 73 0 80 12 11 0 
0 0 0 0 0 112 0 0 
0 177 0 0 18 70 0 0 
0 0 0 0 0 0 0 559 
0 0 0 2 0 4 0 154 
0 1 0 0 0 0 0 432 
31 36 0 0 0 0 0 0 
13 11 155 70 2 0 1 0 
3 0 0 3 1 0 0 121 
0 0 0 0 0 0 1 205 
0 0 0 9 0 0 0 91 
41 39 0 58 121 0 0 1 
0 4 0 0 0 0 289 0 
1886 190 1 0 0 1 0 131 
0 0 427 0 0 0 1 0 
0 0 13 0 1 151 0 0 
1 2 72 4 0 31 2 0 
0 0 652 6 3 0 0 0 
0 946 0 0 0 0 5 0 
0 0 281 0 0 1 2 0 
5 0 0 132 0 0 53 167 
20 0 0 2 0 28 0 51 
0 9 0 0 11 167 0 0 
0 0 0 0 0 42 79 0 
0 2 0 0 0 0 7 231 
0 120 0 0 1 42 0 0 
0 0 105 464 118 3 293 0 
0 0 0 0 0 0 97 0 
721 15 223 0 62 2 0 19 
0 0 0 0 0 59 0 87 
25 0 40 0 4 74 0 9 
1346 1 0 0 0 243 93 0 
0 0 5 0 67 0 0 594 
0 0 0 0 0 473 0 0 
1 0 0 0 0 188 0 0 
6 0 1 7 0 0 0 777 
2 0 0 242 0 3 0 0 
0 0 1 0 0 0 221 0 
0 0 3 0 0 658 67 0 
269 13 0 330 0 94 206 0 
71 0 29 4 2 3559 370 0 
0 0 0 0 0 0 1 226 
375 39 0 0 0 1 0 0 
0 0 1 0 0 7461 0 0 
1 0 0 0 0 974 2125 0 
3 0 1 0 183 4 0 0 
0 2 0 0 0 12123 0 0 
1 0 0 0 49 5 88 0 
0 1 1 1 0 122 346 0 
0 0 0 0 0 0 102 0 
0 131 541 134 12 0 29 0 
0 0 0 1 1 0 0 712 
613 0 0 0 0 0 0 0 
0 15 1 169 0 1 0 6 
7 51 0 0 927 2 1 16 
3 17 0 1 111 0 21 1 
0 1 0 0 0 0 1 315 
0 0 2 0 0 0 72 934 
0 0 0 0 0 0 0 139 
0 0 0 2 0 0 0 413 
19 0 1 0 124 8578 2236 0 
60 1 4 0 7 2 20 175 
170 0 0 164 0 0 0 11 
0 0 981 3 0 0 1 0 
0 394 104 1 2 0 1 209 
0 6455 1 0 0 0 0 0 
0 102 29 0 1 16 30 3 
0 29 0 0 0 0 531 25 
0 0 265 1 3 0 44 38 
0 61 0 0 0 252 57 0 
0 6 0 0 425 1428 0 65 
5 0 0 0 0 0 0 111 
2 0 23 0 0 2 150 0 
2041 9 0 9 0 0 0 0 
3 0 0 0 499 226 0 0 
570 2 0 124 14 3 2 3 
0 0 0 0 0 0 159 63 
0 0 35 0 0 0 69 0 
0 0 4 1 9 284 0 0 
1 40 0 1 0 115 0 79 
37 47 0 0 3 10 0 6 
0 0 0 0 0 0 38 583 
0 209 12 0 0 3 0 0 
0 0 0 1 0 0 13 322 
0 617 0 0 168 15 0 0 
0 0 0 0 2 0 1 43 
2 52 1 0 38 0 42 3 
0 0 0 0 0 0 96 0 
0 0 0 0 31 137 0 0 
76 9 1 0 0 0 1 0 
10 10 0 0 0 50 39 0 
