0 0 0 0 0 0 1077 0 
0 0 1 5 0 292 56 5 
10 1 594 2 36 148 0 0 
0 0 0 0 0 0 6 135 
0 0 0 0 0 0 123 12038 
0 0 0 0 0 0 0 822 
0 0 0 0 0 0 12916 0 
0 0 0 0 0 0 0 2479 
0 0 7575 0 0 4 0 0 
1 0 0 2 309 0 3 27 
0 0 0 0 0 0 2162 1 
2 7 1871 0 0 0 0 0 
0 1598 0 0 0 1 0 0 
13 0 3811 1 0 0 0 0 
1 5 5954 0 0 0 6 0 
0 0 0 0 0 0 3411 1 
1 1 750 1 0 0 0 6 
0 3 1 1 4 0 1186 0 
0 0 2476 0 0 0 0 0 
0 0 209 0 0 0 0 3 
0 0 0 0 0 0 1708 0 
0 0 0 0 0 0 256 0 
0 0 0 0 0 0 0 855 
0 0 0 0 0 0 510 0 
0 0 0 0 0 0 4764 2 
1 441 0 0 0 0 0 0 
0 0 317 0 0 1 0 0 
3 0 0 0 0 0 156 0 
0 0 370 0 0 0 0 0 
0 0 0 0 0 0 10849 0 
0 0 0 0 0 1 0 2644 
0 0 0 0 0 0 0 3343 
0 1 0 0 0 1 3132 0 
4 0 2 2 0 0 0 439 
1 0 0 0 0 0 673 0 
1 1 0 0 0 0 2050 0 
0 0 0 0 0 0 0 1189 
0 0 0 1 0 0 4529 1 
0 0 0 0 0 0 0 485 
0 46 400 0 4 0 0 0 
0 0 0 0 0 0 654 0 
0 5 2080 3 0 0 0 126 
0 3654 0 0 0 0 0 0 
0 0 3033 538 0 0 12 0 
1 0 1485 0 1 0 0 0 
0 0 382 0 0 0 0 0 
0 2 0 0 0 1 3 205 
0 0 1 0 203 0 0 0 
0 16 0 0 329 0 0 0 
0 0 0 0 0 0 9 1298 
0 0 0 0 0 0 799 0 
0 1 0 0 0 0 61 2352 
1 95 541 0 34 0 0 15 
0 1767 0 0 0 0 55 0 
0 0 0 1 0 4 0 5292 
0 0 0 0 0 0 1319 0 
0 1 0 0 5 2 1 464 
1 0 0 2 0 613 0 0 
0 0 0 0 0 0 3199 0 
0 0 0 0 0 0 537 0 
1 0 130 5 0 0 0 0 
899 0 0 0 0 0 0 0 
0 5 738 0 0 0 3 0 
0 1 0 0 0 0 1095 0 
0 45 0 0 70 0 212 0 
0 0 0 0 0 0 0 148 
0 0 0 3 0 0 393 0 
0 1 0 0 0 0 640 0 
0 0 0 0 0 0 962 0 
0 0 0 0 0 0 703 0 
9 0 0 10 0 0 318 2 
0 0 0 0 0 0 528 0 
1 0 0 86 215 0 0 0 
1 0 177 0 0 0 0 0 
0 0 0 0 232 0 0 0 
0 0 0 0 0 0 985 0 
0 0 0 0 0 0 0 1075 
0 1 0 0 0 0 0 710 
30 7071 0 0 315 125 2 0 
0 0 0 0 0 1 0 541 
0 0 3 0 0 0 0 1672 
0 0 0 0 0 0 5999 0 
0 0 0 0 0 0 605 0 
2 0 0 3 0 0 0 4823 
1 0 0 0 0 0 414 1 
0 0 0 0 0 0 31 5735 
0 0 5 0 0 0 197 0 
0 0 0 0 0 0 0 1595 
0 0 0 0 0 0 422 0 
0 0 0 161 126 0 2 0 
0 2029 4 0 0 0 0 0 
0 417 0 61 5 0 0 0 
0 0 0 0 0 1 229 0 
0 5 0 0 64 13 472 12 
0 0 638 0 0 0 1 0 
7 0 616 0 0 1 1 0 
3 0 1 0 0 224 0 0 
0 0 0 0 0 0 799 0 
0 0 0 0 0 0 20 3207 
0 0 0 0 0 0 0 2692 
0 1 399 0 1 0 0 1 
0 0 0 0 0 0 3541 0 
0 2711 0 0 0 0 0 1 
0 0 0 0 0 0 1397 39 
2 0 327 0 3 0 0 0 
0 0 1 0 0 0 459 0 
0 0 0 0 0 1 573 0 
0 2 0 0 0 0 1427 0 
0 1442 0 0 0 0 0 0 
0 0 0 0 0 0 0 1238 
1 0 0 0 0 0 46 655 
0 0 2 0 0 0 200 0 
0 0 0 65 0 0 0 2 
0 0 1017 0 0 0 0 0 
0 0 0 0 0 0 338 0 
0 0 0 0 0 0 1179 0 
0 0 0 0 0 1 1171 1 
0 0 0 0 0 0 0 1894 
0 1 0 0 0 0 0 593 
0 0 0 0 0 0 141 0 
0 0 0 1 0 0 0 122 
0 29 0 0 0 0 0 169 
1 0 236 0 34 0 1 458 
1121 0 56 0 0 5 0 7458 
0 2 0 0 6 5 72 0 
0 0 0 0 0 0 321 0 
0 0 0 0 986 0 0 1 
1 0 0 1 254 2 0 2 
3 0 1439 0 0 0 0 1 
0 0 0 0 0 0 259 0 
0 0 0 315 3 0 0 0 
0 0 0 0 0 0 495 0 
10 0 6 0 1142 0 6 0 
0 0 0 0 0 0 685 0 
1 0 0 0 0 0 2 392 
8 0 2 1 303 3 5 5 
0 0 0 0 0 1 0 463 
0 0 0 0 0 3 1 265 
0 0 0 0 0 0 500 0 
0 1 0 0 664 1 0 0 
339 2 3 0 2 0 3 2 
944 2 0 0 0 0 0 3 
0 0 0 0 0 0 500 0 
0 0 1 0 0 0 0 1776 
0 0 1 0 216 0 0 0 
0 0 1 0 616 0 0 0 
0 0 0 0 0 0 510 162 
0 0 0 0 0 0 0 1734 
0 27 0 1 55 6 208 51 
0 0 0 0 0 0 371 0 
0 0 0 0 0 0 217 0 
0 0 0 0 0 0 200 0 
3 1274 2 0 0 0 0 0 
0 0 0 0 0 0 210 0 
0 0 0 0 0 0 9651 0 
0 0 0 0 377 0 35 0 
1 0 0 241 0 0 0 0 
0 6 0 3 181 0 0 1 
0 0 0 0 180 0 0 0 
0 0 35 0 0 1 1299 109 
1 900 0 0 0 5 5 0 
0 418 0 0 0 0 0 1 
0 0 0 0 0 1 0 1398 
2 0 1 0 0 6 0 178 
0 0 0 0 0 0 820 0 
0 0 0 0 0 0 0 1252 
0 0 0 1 0 0 562 0 
0 0 3 0 59 0 0 3 
0 0 0 0 0 0 1917 0 
0 0 0 0 1 1 0 278 
0 0 0 0 0 0 0 320 
0 2 7 0 194 0 0 1 
0 105 3 2 0 0 0 140 
0 0 0 0 0 0 0 1139 
0 0 0 0 6 2 136 0 
0 0 0 0 7 0 0 224 
0 0 0 0 1 0 0 495 
0 0 0 0 0 0 0 1095 
0 5 0 0 51 0 6 7 
0 0 0 0 135 12 0 0 
0 0 0 0 0 0 0 504 
0 4 0 0 0 0 0 446 
0 0 0 0 0 0 0 995 
0 0 0 0 0 0 0 440 
0 0 0 0 0 0 1353 0 
0 0 0 0 0 0 526 0 
0 0 977 1 2 0 0 0 
0 0 0 0 0 0 0 592 
0 0 0 0 0 2 0 537 
3 1114 0 1 0 0 0 0 
1 0 0 1 0 0 330 0 
0 0 860 0 0 0 0 0 
0 0 0 0 0 0 2415 0 
0 0 0 0 0 0 3299 30 
0 0 0 0 0 0 1 643 
0 0 0 0 0 0 0 1103 
0 0 0 0 0 0 0 218 
0 0 0 0 0 0 0 255 
0 0 0 0 21 0 126 0 
0 0 186 0 0 0 245 0 
1 0 0 0 1 0 425 0 
0 0 0 0 0 0 1019 0 
0 326 0 0 0 0 0 0 
0 0 0 0 0 0 210 23 
0 0 0 0 0 0 200 0 
3 0 2 0 3 0 258 3 
0 0 0 0 0 0 0 403 
0 0 0 0 0 0 5 777 
0 1 0 1 0 0 180 50 
0 0 0 0 0 0 709 0 
0 0 316 0 0 0 0 0 
0 0 0 0 0 0 0 1822 
45 0 0 0 0 0 191 0 
0 1 0 0 0 0 208 0 
0 0 830 0 0 0 0 4 
0 0 0 0 0 0 0 255 
0 0 0 0 0 0 0 2613 
4 0 0 1 0 10 300 63 
178 0 0 0 0 0 38 0 
0 0 0 0 0 1 0 107 
0 0 2204 0 1 0 0 0 
2 0 0 0 0 0 128 0 
0 0 0 0 0 0 0 554 
0 815 0 0 0 0 0 0 
0 0 0 0 0 0 0 71 
9 0 0 0 0 0 0 672 
0 0 0 5 0 0 165 0 
0 0 0 0 15 0 0 970 
0 6 1203 110 0 0 79 0 
5 2918 0 0 0 0 1 1 
0 429 0 1 0 0 0 0 
0 1 0 0 0 0 3 322 
0 352 0 0 0 0 0 401 
0 0 0 0 2 0 231 0 
0 10 0 0 0 0 136 405 
0 0 0 0 2 0 0 146 
0 0 0 0 1 1 3 209 
0 0 0 0 0 1 342 0 
0 0 0 0 0 1 1 201 
2 0 0 0 1 0 194 4 
0 1 1 0 0 0 0 486 
437 0 0 6 0 0 0 0 
136 0 0 0 0 0 0 0 
0 1 1 16 0 2 559 2 
54 159 3 1 0 43 0 0 
0 0 0 0 0 2 263 1 
2 3 0 0 0 4 100 0 
4 147 0 0 0 0 0 0 
3 0 0 0 0 0 2251 0 
0 25 2 0 52 0 1 1 
1 0 0 0 0 0 0 188 
241 2 0 0 1 9 0 0 
0 0 0 0 0 0 0 239 
0 99 0 0 2 0 6 5 
0 0 0 0 1 0 0 930 
0 0 0 3 4 0 131 0 
0 0 0 0 0 0 0 299 
20 0 13 0 19 0 4957 0 
1 0 0 0 2 0 0 104 
4 756 0 0 0 1 0 0 
0 0 0 0 0 0 0 164 
0 0 0 0 0 0 0 171 
0 0 0 0 15 0 1188 0 
0 6 11 6 0 4 0 273 
0 0 1 0 0 0 474 140 
0 758 0 2 0 0 65 0 
2 12 0 0 0 0 122 3 
0 189 0 6 9 0 212 0 
509 422 0 0 0 0 0 429 
0 15 0 0 0 0 151 3 
0 0 1 0 0 0 0 132 
0 0 0 0 0 0 347 0 
0 2 0 0 5 0 278 0 
16 163 1 0 0 0 0 5 
0 0 1 0 0 0 251 2 
0 0 0 0 0 0 103 1 
0 0 0 0 0 0 288 0 
0 2 228 0 0 0 0 0 
0 3 0 0 0 2 297 0 
1 0 4 22 0 0 176 0 
0 412 0 0 0 0 0 3 
0 0 201 0 0 0 0 0 
0 0 225 0 0 0 1 0 
1 1 1699 1 0 1 1 1 
0 0 12 0 0 0 0 86 
0 0 0 0 0 0 1 193 
71 0 0 2 0 0 0 216 
0 0 0 0 0 0 0 498 
0 0 0 2 0 0 340 0 
0 330 0 0 0 0 0 0 
0 0 0 0 0 0 120 0 
0 0 0 0 0 0 0 194 
0 0 0 11 0 0 91 0 
0 0 1 0 0 0 1191 0 
0 134 0 0 0 0 332 0 
1 0 0 0 1 2 74 0 
0 0 0 0 0 3 484 0 
0 0 0 0 0 1 230 0 
0 188 0 0 0 0 0 3 
0 0 0 4 0 0 78 0 
0 0 9 0 0 0 0 271 
4 291 0 0 0 2 350 0 
0 86 0 0 0 2 0 0 
2 3 5 0 0 1 0 293 
0 0 0 0 0 0 0 227 
0 0 0 0 0 0 0 64 
1 0 1 0 0 0 0 172 
0 5 322 0 0 0 0 41 
0 10 1 0 0 0 399 0 
0 0 0 0 0 0 92 1 
0 9 0 0 0 0 0 196 
0 0 0 1 0 88 0 0 
0 0 4 0 0 0 193 0 
0 0 0 0 0 0 0 259 
0 0 0 0 0 0 506 4 
0 0 6 0 1 0 388 0 
1 0 0 0 0 0 0 87 
1 0 0 0 538 1 0 0 
0 0 0 0 0 41 0 0 
353 1 2 0 0 0 1 18 
0 6 0 0 1 3 66 0 
259 5 0 0 0 0 0 5 
155 0 0 0 0 0 0 1 
0 0 0 1 0 0 10 148 
1 3 432 0 0 0 2 0 
0 0 0 0 0 0 239 0 
0 0 1259 0 0 0 0 0 
2 4 0 0 0 0 0 218 
0 0 0 0 0 0 218 0 
0 99 0 0 0 23 0 0 
1 2 0 0 1 10 132 0 
0 1 0 3 0 0 0 106 
0 0 260 0 1 0 0 0 
0 1 3 0 0 0 144 0 
0 0 2 1 0 7 238 269 
0 0 0 0 0 0 601 0 
1 0 61 0 0 0 0 0 
5 0 0 0 0 0 533 0 
0 0 144 98 1 0 0 0 
20 3 0 0 2 0 7 93 
76 0 0 1 8 7 1 0 
1 0 8 0 0 26 83 1 
3 164 0 0 0 1 0 159 
0 0 0 0 0 47 0 0 
0 0 114 0 0 0 0 0 
77 0 0 0 33 16 19 0 
14 0 0 0 0 34 0 57 
0 2342 0 1 0 2 0 6 
0 0 0 0 0 1 2476 0 
0 0 0 0 0 0 646 0 
0 0 0 0 0 0 3986 0 
0 1 553 0 0 0 0 0 
0 0 0 0 1 0 467 0 
0 1 0 302 0 3 0 0 
0 0 0 0 0 0 456 0 
0 0 0 0 3 337 0 0 
0 0 0 176 0 0 0 0 
11 339 0 0 2 0 0 0 
0 0 0 0 1088 0 0 0 
7 0 95 0 0 0 0 0 
0 0 0 0 0 0 0 244 
0 0 0 0 0 0 111 0 
0 0 0 0 0 0 0 526 
10 16 1 260 0 0 2 67 
0 0 0 0 0 0 55 205 
1 0 0 0 0 0 349 0 
0 0 0 0 1 0 0 91 
0 0 0 0 0 0 247 0 
0 0 0 0 0 210 0 2 
15 374 0 6 0 1 1 0 
38 5 0 0 0 1 0 273 
13 0 0 0 0 0 0 184 
126 0 0 2 0 0 0 0 
0 8 0 0 0 0 330 6 
0 0 0 0 0 0 286 0 
0 4 0 2 0 102 361 0 
0 6 0 0 0 0 153 0 
0 0 0 0 0 0 471 0 
0 2 0 0 0 0 102 0 
0 3 0 0 0 0 34 93 
0 0 0 0 1 0 0 187 
0 0 0 0 0 0 433 0 
0 0 0 0 0 0 96 0 
0 0 95 0 1 0 3 0 
0 0 0 0 0 0 0 288 
0 2 173 52 2 0 0 0 
0 0 0 0 0 5 56 236 
0 3 620 0 0 0 0 0 
0 0 0 0 0 0 0 160 
0 147 2 0 0 0 2 0 
0 0 216 0 0 0 0 0 
0 1 0 1 0 0 153 0 
2 0 411 0 0 21 4 0 
0 0 0 0 0 0 0 146 
0 210 24 0 0 0 0 1 
0 0 0 0 0 0 1 67 
1 2 0 0 0 5 0 81 
0 3 91 0 8 0 0 2 
0 0 2966 860 1082 0 1786 0 
0 0 1 34 0 12 2193 0 
0 138 0 19 0 55 7 1 
0 0 1448 0 0 0 0 0 
0 0 0 0 1 2 959 0 
0 0 0 0 0 0 627 0 
0 0 1 56 0 64 0 0 
0 0 0 0 0 0 4 454 
30 2191 0 52 0 0 0 547 
0 0 0 0 0 0 211 3 
0 0 0 0 1 7 0 236 
3 1858 0 0 1 12 1 0 
0 892 0 0 0 0 0 0 
0 1 167 2 2 0 0 0 
0 0 0 0 0 0 0 885 
8 1 3 0 7 0 352 8 
1 0 0 0 0 0 117 0 
0 0 0 0 0 0 0 116 
2 0 0 0 0 0 189 0 
2 55 1 0 0 0 0 9 
0 13 50 22 0 0 96 0 
0 0 0 0 0 0 142 1 
0 2028 0 77 0 0 128 0 
4 0 1 0 1 6 107 4 
4 0 357 4 0 14 0 0 
3 0 0 0 0 0 0 489 
0 0 4 0 0 137 0 0 
214 1 0 3 1 0 1 0 
0 1 57 2 0 6 6 88 
0 0 25 1 0 0 81 2 
0 901 0 0 0 0 0 0 
0 0 0 1 0 0 226 2 
0 0 0 0 0 0 0 1529 
8 1 4 0 0 0 115 0 
0 0 0 0 0 0 338 1 
0 0 0 0 2 1 228 1 
0 0 80 0 0 0 0 0 
0 0 0 0 0 0 125 62 
0 2176 0 0 1 3 0 0 
0 1 0 0 0 2 130 0 
0 0 2 0 0 0 200 0 
1 0 0 0 0 28 155 1165 
6 1 4 0 0 0 96 134 
0 0 0 0 2 7 236 0 
0 0 0 0 3 0 0 421 
0 1 0 1 0 0 68 19 
1 92 28 55 3 0 0 0 
10 1323 0 0 249 0 22 0 
1 0 171 27 0 0 0 5 
0 0 0 2 1 3 199 0 
2 5 0 0 0 0 419 0 
0 0 1570 1 0 0 0 0 
0 0 441 0 0 0 0 0 
0 0 0 0 0 0 0 1109 
0 0 0 2 0 0 546 7 
0 0 1 0 0 1 0 155 
0 0 0 0 0 0 0 227 
0 345 0 0 1 0 0 0 
0 0 0 0 0 0 1 310 
0 0 927 0 0 0 0 0 
0 0 188 172 0 3 7 14 
8 0 0 0 271 0 0 0 
0 0 0 0 5 0 73 0 
0 0 2 0 170 16 0 0 
0 0 0 0 0 1 2691 0 
0 0 0 0 0 0 1442 0 
0 0 0 0 0 0 329 3 
0 0 0 0 0 191 0 0 
0 0 25 0 17 0 1061 0 
0 0 0 0 0 0 267 0 
0 14 3 17 0 0 2212 0 
0 321 0 0 0 0 1 0 
0 0 2 0 0 4 0 577 
0 0 0 1 0 12 1 119 
0 0 170 0 0 3 0 0 
0 0 0 0 0 0 362 0 
0 0 0 0 0 0 1358 0 
0 1016 8 0 2 20 5 5 
0 4911 0 12 0 40 40 1 
0 0 0 0 0 0 230 0 
1 0 0 0 0 0 122 0 
0 1 0 1 188 0 0 2 
1 0 0 0 0 0 255 0 
0 0 1 0 0 0 669 0 
0 0 1 0 0 0 697 0 
0 0 0 0 0 0 889 0 
250 0 0 0 0 0 0 0 
0 19 138 0 1 1 0 7 
0 0 0 0 0 0 0 89 
0 0 3 0 0 0 1293 0 
0 54 0 0 0 0 0 24 
0 0 0 6 0 182 0 0 
0 0 0 0 0 0 520 0 
0 0 0 0 0 0 0 942 
0 0 0 0 0 0 9 1571 
178 0 0 0 0 0 0 0 
6 0 0 0 0 0 109 0 
0 2 0 0 0 0 266 0 
0 0 0 0 0 0 560 0 
152 0 0 0 6 2 0 0 
0 0 1 0 0 0 432 0 
0 0 0 0 1 0 63 3 
0 0 0 0 0 0 258 0 
0 0 123 0 0 0 0 1 
46 0 2 0 0 19 139 0 
2 5 0 25 0 43 1 24 
0 0 0 0 7 6 255 0 
0 0 293 0 0 0 1 0 
0 0 2186 21 16 0 0 2 
0 0 0 428 0 0 0 0 
0 0 0 0 0 0 167 2 
0 0 0 0 0 0 108 1 
0 0 4 0 0 0 659 0 
0 0 166 132 0 0 635 0 
0 0 0 0 0 0 281 0 
0 0 0 0 350 0 0 0 
0 0 0 95 1 0 3 0 
0 0 0 0 0 0 197 0 
1 0 0 0 0 0 0 120 
0 0 0 0 0 0 242 0 
0 0 0 0 0 0 0 163 
0 0 0 0 0 0 0 984 
70 0 0 1 0 0 0 27 
0 1036 0 0 0 0 0 0 
0 0 0 18 0 0 129 0 
0 0 0 0 0 2 0 150 
0 0 0 0 0 0 1666 0 
0 0 0 0 0 0 692 0 
0 0 0 0 0 0 473 0 
0 180 0 0 0 0 6 4 
0 0 785 0 0 0 0 0 
5 0 243 0 0 0 0 0 
0 0 0 0 0 227 0 0 
0 0 1 0 0 0 0 728 
0 0 0 0 0 0 907 0 
0 0 0 0 0 0 4003 0 
0 0 0 0 0 0 228 0 
0 0 0 1 1 0 276 128 
0 2 0 0 6 0 7301 159 
1 0 3087 0 0 0 0 2 
0 0 190 0 0 0 0 0 
0 2 0 2 0 1 11806 196 
0 0 0 0 0 0 0 143 
0 0 0 0 469 0 0 0 
0 0 0 0 0 0 0 101 
0 0 0 0 0 0 834 0 
0 709 0 0 0 0 0 4 
0 1 5 0 563 0 3 38 
0 0 0 0 0 0 0 194 
0 0 0 0 0 13 1148 0 
2 15 0 0 0 137 0 0 
0 0 0 0 0 0 315 0 
0 0 1004 0 0 0 4 7 
0 126 0 0 11 0 0 3 
0 0 0 0 0 0 414 0 
6 10923 0 0 18 76 0 0 
0 0 0 0 0 0 260 0 
0 0 0 0 0 0 345 0 
0 2 0 0 1 0 0 979 
0 0 0 0 0 0 0 705 
0 0 0 0 0 0 6487 0 
0 0 0 0 0 0 0 181 
1 588 0 0 0 0 0 0 
0 0 0 0 0 0 0 357 
0 0 1 0 0 0 359 0 
0 1967 3 0 0 0 0 0 
0 114 0 1 0 0 1 2 
0 0 0 0 181 0 0 0 
1 0 0 0 0 0 0 2069 
0 0 717 0 6 0 0 0 
0 0 0 0 0 0 717 0 
2 220 0 0 0 0 0 0 
0 0 0 0 0 0 105 0 
0 0 0 0 0 0 302 0 
0 0 0 0 0 0 28 205 
0 0 1 0 0 0 65 39 
0 8 0 26 582 1 3 3 
0 0 0 0 0 2 221 0 
0 0 0 0 0 0 334 0 
0 0 0 0 0 0 812 0 
0 0 0 0 0 0 54 0 
0 0 0 0 0 0 137 0 
0 1 95 0 0 0 0 0 
0 0 0 0 0 0 169 0 
0 0 0 0 3 0 82 0 
0 0 0 0 0 0 109 0 
0 37 0 0 0 0 0 0 
1 0 0 0 0 0 0 70 
