0 0 16 0 102 1 665 278 
0 0 0 0 0 251 102 0 
0 0 0 0 0 0 0 792 
0 0 0 0 0 1 38 102 
0 0 0 0 0 12330 120 0 
0 0 0 0 0 0 804 0 
0 0 0 1 0 12564 0 0 
0 2583 0 0 1 0 0 0 
0 0 0 23 96 7511 0 0 
1 1 327 0 10 0 0 1 
821 103 0 0 0 0 0 1226 
1858 0 0 0 1 2 0 0 
16 0 0 0 0 0 0 1592 
0 0 0 0 45 659 582 2538 
55 0 0 0 0 0 0 5832 
0 1255 0 0 0 153 663 1361 
1 738 3 0 0 0 1 0 
1178 1 31 0 0 1 0 0 
7 0 0 0 0 0 2515 69 
0 0 0 0 0 0 111 105 
0 2 1 0 9 0 0 1748 
0 0 0 0 0 0 0 260 
268 0 0 0 35 29 0 470 
313 3 0 106 0 0 48 17 
4772 0 0 4 0 0 0 36 
21 0 0 0 1 0 419 0 
1 0 0 0 0 0 0 344 
1 0 0 0 0 238 0 0 
0 1 1 0 0 6 394 10 
0 0 0 0 0 10686 0 0 
0 2452 8 1 11 0 0 2 
0 3702 0 0 0 0 0 0 
2 3125 0 20 0 0 0 0 
0 0 0 0 0 46 370 45 
0 1 489 1 0 54 0 296 
1944 0 0 0 0 0 3 3 
0 800 245 145 0 17 59 7 
13 0 1834 0 0 2705 0 9 
454 1 0 0 1 0 0 0 
0 0 0 0 0 38 355 45 
1 0 7 0 0 0 0 635 
0 0 1 0 0 0 0 2201 
92 0 0 0 0 0 0 3512 
0 0 0 0 0 0 0 3647 
0 2 4 3 0 0 0 1490 
0 2 0 0 389 2 0 1 
0 0 3 0 0 0 207 2 
0 0 2 0 0 30 177 0 
0 0 0 0 1 0 130 209 
0 0 0 0 221 955 196 0 
608 0 5 0 0 143 5 0 
0 0 0 0 0 2436 0 0 
0 0 1 0 20 0 0 627 
0 1 0 0 5 0 127 1642 
64 5241 0 0 0 0 0 0 
0 0 0 0 1259 1 3 2 
32 0 0 0 0 0 0 436 
0 0 0 0 0 0 101 518 
1 0 0 0 0 3248 0 0 
4 0 115 0 0 412 0 3 
93 0 0 2 0 20 1 0 
0 0 62 107 183 0 320 0 
0 0 0 0 0 94 576 37 
0 1 576 0 558 0 17 0 
0 0 0 0 0 0 0 328 
0 16 129 0 0 0 0 0 
0 2 0 0 35 0 0 353 
0 0 111 170 12 5 5 305 
0 453 0 12 0 37 67 372 
8 398 0 0 0 93 197 2 
153 180 0 0 5 0 0 1 
296 128 2 0 36 33 0 16 
0 0 0 0 0 293 0 0 
18 30 2 0 107 0 10 0 
0 0 6 0 0 0 0 194 
2 0 0 0 0 950 0 0 
513 0 0 0 26 3 35 0 
61 55 0 0 0 15 574 0 
0 0 4 0 250 7120 0 0 
0 1 0 0 0 0 537 0 
0 4 874 0 0 762 0 0 
0 0 0 0 1 6276 0 0 
4 61 0 37 5 0 18 380 
0 0 0 0 200 4948 1 0 
0 0 8 0 0 77 345 0 
0 0 0 0 1 5619 49 0 
1 0 0 0 179 0 0 29 
0 0 79 0 0 447 977 69 
334 16 0 0 11 0 16 0 
0 0 297 0 0 0 1 2 
1978 0 0 0 0 1 0 0 
0 0 0 0 0 1 134 413 
0 0 0 0 5 0 0 125 
0 331 178 16 2 27 0 0 
0 0 0 0 0 0 624 0 
0 0 0 0 0 0 560 0 
0 0 0 0 0 0 231 0 
0 0 617 0 4 8 154 0 
3098 0 0 0 0 0 0 18 
1 2698 0 0 0 0 0 0 
0 0 4 0 33 0 367 0 
0 0 0 0 0 3658 0 0 
226 0 0 0 4 0 415 2102 
6 285 25 3 0 0 47 1067 
0 0 0 0 0 348 0 76 
0 0 0 0 286 132 0 0 
0 0 0 0 0 18 59 497 
1441 0 2 0 0 0 0 0 
0 150 2 0 18 0 50 0 
1 0 0 1 0 1 1501 0 
64 30 18 234 0 885 0 22 
0 0 0 0 699 1 0 0 
0 0 0 2 0 0 0 266 
0 0 1 0 4 0 63 0 
0 0 1 0 0 0 7 1039 
1 0 0 0 0 5 0 341 
8 881 0 0 0 0 0 359 
0 2 93 77 21 0 0 381 
11 0 0 7 0 1137 0 0 
0 9 1887 0 0 1 38 0 
0 5 0 8 4 0 602 0 
6 0 11 53 2 46 0 24 
0 0 0 0 0 0 126 0 
0 0 0 0 0 0 0 198 
0 0 417 0 287 0 0 0 
0 0 0 0 1 8736 0 0 
0 0 0 44 44 0 0 1 
0 153 29 30 0 0 24 0 
0 997 0 0 0 2 0 0 
258 1 0 0 0 0 0 0 
0 2 0 0 0 0 1438 0 
0 0 257 0 2 1 0 1 
0 0 291 0 12 15 6 0 
0 394 1 7 0 0 0 20 
1 0 0 0 0 0 87 1044 
1 4 311 0 0 178 189 0 
0 0 352 48 1 38 3 0 
0 1 0 0 0 0 319 0 
0 10 0 15 163 0 255 36 
0 0 0 17 0 98 169 0 
0 2 0 71 432 0 0 0 
0 107 556 0 0 0 2 0 
0 102 0 248 0 0 0 0 
4 942 7 0 6 0 0 0 
0 0 0 0 0 0 474 12 
0 1 0 0 1574 0 159 0 
1 5 182 12 34 0 0 0 
0 0 611 0 0 0 0 0 
0 7 0 0 0 632 61 0 
0 358 156 142 3 414 417 293 
0 0 0 0 0 0 0 339 
0 0 64 0 322 0 1 0 
0 27 182 0 0 0 2 0 
0 24 1 1 1 98 60 29 
1 0 0 3 0 1337 0 0 
0 0 37 0 37 132 0 0 
0 1 0 0 0 10081 0 0 
0 0 0 0 0 57 117 256 
1 30 164 0 0 0 2 45 
0 109 0 0 0 0 70 2 
0 0 0 29 52 61 2 0 
0 1538 0 0 0 2 1 0 
0 1 0 0 840 58 0 0 
0 4 1 0 26 0 0 392 
2 287 0 0 0 15 0 3 
0 0 0 0 0 168 11 0 
0 0 867 0 0 0 0 0 
904 60 0 172 2 72 0 0 
6 0 0 0 0 0 70 530 
0 0 0 2 1 0 74 0 
0 7 1477 0 0 389 0 1 
1 1 268 0 0 0 3 1 
0 21 5 1 1 13 91 131 
2 0 10 75 11 0 0 0 
0 0 65 0 0 71 13 84 
0 0 0 0 0 3 0 250 
0 1053 3 0 0 0 6 0 
4 0 0 9 6 119 2 5 
0 192 0 0 0 0 0 42 
10 496 0 6 4 0 1 0 
0 0 0 0 0 1129 0 0 
3 0 10 1 14 0 41 0 
0 0 0 0 0 0 25 117 
0 0 485 0 0 0 0 0 
436 1 0 19 5 0 0 0 
0 0 0 24 0 929 0 19 
457 0 0 0 1 0 0 1 
0 0 362 0 86 0 0 868 
0 0 541 0 0 0 0 0 
0 0 0 0 0 0 995 0 
27 426 0 0 71 0 3 0 
199 30 0 61 23 2 0 156 
0 0 40 307 3 15 716 0 
0 0 198 23 66 0 0 26 
0 0 0 0 98 733 0 9 
0 2167 0 0 0 0 0 0 
3440 0 0 1 0 0 0 39 
0 2 69 0 0 0 562 0 
0 126 18 7 0 1 12 666 
39 4 57 36 67 0 40 0 
0 0 0 10 260 0 0 0 
0 14 92 25 1 8 6 0 
0 0 0 1 0 270 150 2 
0 0 387 0 0 0 24 0 
0 1128 1 0 0 0 0 0 
13 51 0 0 1 0 0 262 
0 79 112 28 0 0 4 0 
8 0 10 0 0 180 7 0 
0 0 0 0 30 252 0 0 
24 0 0 100 2 219 2 22 
0 280 89 0 0 0 3 463 
3 3 0 0 0 5 230 0 
0 0 0 0 27 184 0 0 
1 0 715 0 0 1 0 0 
0 310 0 0 0 0 1 0 
1867 2 0 0 0 0 0 0 
0 0 0 0 1 0 125 112 
0 0 3 0 0 0 208 0 
4 0 120 2 0 425 0 283 
0 1 167 0 0 1 50 34 
0 2653 2 0 0 0 0 5 
386 0 0 0 0 0 0 0 
0 0 0 35 0 0 0 177 
0 0 0 0 0 117 0 0 
0 2 1 0 0 2244 0 0 
44 0 46 0 0 0 41 1 
0 0 0 0 10 555 1 0 
0 0 0 1 1 0 0 849 
0 0 0 0 20 0 35 20 
0 1 15 13 0 478 34 0 
0 0 1 0 0 0 0 170 
0 0 0 0 0 956 0 0 
1 0 0 0 0 0 1374 0 
0 0 0 0 0 0 2956 0 
18 0 27 376 11 0 5 0 
0 7 3 0 0 0 363 1 
0 0 0 79 0 0 0 0 
0 0 0 0 0 0 751 0 
0 0 0 2 0 0 195 36 
0 520 1 0 22 1 6 0 
1 62 0 3 0 0 97 0 
0 0 5 0 0 0 201 0 
0 0 0 0 1 356 0 3 
0 0 0 0 188 1 7 3 
0 0 210 0 0 0 0 0 
0 0 138 360 0 0 3 0 
0 0 0 0 0 448 1 0 
0 0 0 3 21 0 0 112 
6 0 39 10 22 0 0 0 
125 323 0 0 3 0 0 132 
0 0 0 0 0 271 0 0 
0 0 267 0 0 0 0 0 
0 0 57 0 0 111 0 0 
64 0 0 0 85 0 0 0 
0 0 0 0 0 2135 0 0 
0 0 19 0 50 0 10 0 
0 0 169 0 0 14 0 0 
0 0 0 0 0 250 1 0 
3 0 104 0 46 90 0 6 
0 0 0 0 107 0 0 0 
0 916 2 0 0 0 2 0 
0 0 7 0 0 0 5 130 
0 0 0 0 0 9 0 290 
0 0 1 0 4 5057 0 1 
0 0 0 0 0 0 0 109 
0 0 0 0 0 0 768 0 
0 0 0 0 1 0 163 0 
53 106 0 0 0 0 0 1 
0 0 0 0 0 36 0 1140 
0 2 0 0 0 53 247 0 
214 8 256 0 51 6 0 41 
5 0 0 0 0 0 460 373 
0 0 0 0 0 0 42 99 
0 0 3 0 0 388 0 6 
0 2 0 0 0 1406 0 0 
0 0 0 168 0 0 0 0 
0 0 0 0 0 0 143 0 
0 0 0 0 0 360 0 0 
2 14 14 185 1 0 86 0 
0 0 0 0 0 0 0 195 
3 0 0 229 0 0 0 0 
2 0 0 0 2 0 29 78 
2 1 228 0 0 0 32 24 
0 220 0 0 0 0 0 0 
0 0 0 31 170 98 0 0 
1 0 0 11 0 3 191 0 
393 0 10 0 0 0 13 0 
0 0 0 0 0 0 0 197 
0 1 0 0 0 0 0 220 
0 0 1 0 0 0 0 1742 
0 0 0 0 0 0 0 99 
170 2 8 11 0 0 0 0 
0 0 0 0 0 0 0 287 
0 120 4 8 383 0 3 0 
0 0 0 84 0 0 7 0 
1 6 0 0 1 0 0 317 
0 0 0 24 123 3 6 0 
0 0 0 0 0 194 2 0 
13 1 22 12 38 0 0 0 
0 5 1193 0 0 1 3 6 
0 0 0 0 0 513 0 0 
1 3 0 25 47 0 5 0 
0 0 0 0 0 0 0 487 
53 0 0 1 0 8 176 0 
60 0 0 0 0 0 0 130 
0 0 0 1 0 0 0 84 
7 0 88 4 42 0 0 0 
0 0 0 0 0 0 0 642 
24 48 0 0 0 0 0 16 
6 115 0 0 0 0 0 193 
0 0 0 2 0 257 0 0 
0 0 0 0 0 1 60 0 
0 0 0 161 0 0 76 7 
0 173 0 0 0 1 0 0 
0 0 0 1 0 0 0 374 
0 1 16 0 0 302 104 9 
0 0 0 0 0 1 92 0 
2 0 0 2 3 0 1 204 
0 0 0 0 28 1 0 60 
0 0 0 1 0 0 0 198 
80 0 162 7 0 11 0 0 
262 51 0 0 0 0 0 210 
0 0 0 0 0 391 0 0 
1 1 1 62 0 24 0 0 
0 90 134 0 0 320 12 2 
0 0 0 1 1 39 0 2 
0 2 0 0 9 161 0 191 
0 0 0 11 0 16 59 0 
0 0 0 0 0 0 1 283 
11 0 2 0 0 0 0 161 
7 3 0 0 0 0 147 0 
0 0 0 0 0 21 443 0 
0 0 0 0 0 0 0 243 
0 0 0 0 0 0 0 1254 
0 0 0 0 0 0 0 245 
0 0 0 0 0 0 0 214 
0 0 5 108 0 0 6 0 
2 105 0 31 0 0 0 2 
0 6 3 0 0 0 1 101 
0 1 0 0 0 0 0 258 
0 1 0 71 14 64 0 0 
506 0 0 17 0 0 0 0 
11 2 1 41 48 0 0 0 
0 0 23 150 59 378 0 0 
0 8 1 0 0 47 0 7 
0 0 46 24 9 9 389 83 
0 0 0 0 0 0 0 238 
34 1 72 2 10 0 0 0 
0 0 0 0 0 0 0 92 
0 0 64 0 0 0 0 0 
0 110 2 0 4 0 0 0 
0 2 0 0 0 0 323 0 
5 0 43 0 0 0 0 0 
2 0 120 0 0 0 0 1 
0 142 0 0 0 0 0 3 
6 3 50 0 0 0 0 61 
0 0 0 0 6 0 1938 1 
0 1 0 0 3 2393 1 1 
0 649 0 0 0 0 0 0 
0 0 0 0 1 3933 0 0 
0 0 0 0 0 0 537 0 
421 0 0 0 0 0 0 46 
0 290 1 0 0 0 0 0 
2 2 118 333 4 7 0 0 
0 0 0 1 0 1 88 257 
70 0 0 115 1 0 0 1 
18 0 0 48 0 0 281 0 
0 0 0 0 0 0 2 1098 
0 0 2 0 0 0 45 51 
4 46 0 3 1 14 0 171 
0 118 0 0 0 1 0 0 
1 385 1 0 0 26 36 0 
0 38 0 0 34 278 15 0 
0 0 0 0 0 194 0 75 
0 0 0 1 2 8 10 298 
27 2 7 0 51 0 0 6 
7 0 24 32 158 0 48 0 
1 0 218 0 0 0 3 0 
0 0 5 4 0 0 415 0 
15 0 22 0 132 0 0 137 
191 0 0 0 0 0 0 2 
16 0 92 3 6 0 17 0 
0 229 0 9 3 0 116 0 
0 0 25 0 137 100 0 0 
0 0 0 0 2 0 1 470 
0 0 0 0 0 0 157 0 
0 0 439 0 1 2 0 0 
0 0 1 0 140 1 0 176 
0 0 0 1 0 0 27 107 
73 27 2 61 0 0 0 31 
452 6 0 0 0 0 0 0 
56 0 0 37 0 0 0 7 
0 0 122 2 0 13 0 0 
0 0 20 2 0 0 51 25 
289 0 1 0 0 4 0 0 
84 24 0 6 31 41 38 0 
0 0 291 0 0 0 0 0 
0 1 1 0 0 0 582 65 
1 0 0 0 0 0 165 0 
0 0 0 0 0 3 136 0 
2 16 4 1 0 0 200 0 
24 1 0 8 0 0 2 125 
0 0 0 0 0 0 451 6 
0 0 0 0 146 0 0 0 
7 0 105 0 0 0 120 0 
0 0 0 0 0 57 12 0 
0 94 0 0 1 0 0 1 
1 0 6 0 0 0 96 0 
159 0 0 0 0 0 0 6605 
0 0 2305 0 0 0 0 0 
0 0 0 0 0 0 0 221 
4 0 0 0 0 0 0 1463 
0 0 946 0 0 0 0 0 
98 0 52 25 241 50 105 0 
0 0 0 0 0 0 121 0 
64 0 0 2 8 0 323 43 
0 0 0 0 0 0 2526 329 
1 6 0 4 32 0 0 198 
0 0 45 0 184 0 0 0 
0 0 0 0 0 0 1929 0 
0 10 11 0 0 892 0 0 
1 1 0 0 0 1 101 83 
0 82 11 42 0 737 0 0 
252 0 2 0 0 0 0 125 
0 0 0 0 12 0 68 40 
103 0 0 10 11 0 0 0 
0 153 22 0 0 0 0 1 
63 0 0 0 10 0 0 0 
0 0 0 0 0 174 0 0 
0 5 0 72 0 0 67 0 
0 0 0 0 0 2235 52 0 
73 18 1 15 0 0 14 0 
0 0 0 0 0 0 0 394 
0 0 4 0 0 0 501 0 
0 0 0 0 0 0 140 0 
0 0 1 0 0 0 231 0 
0 0 0 0 0 0 11 149 
0 0 0 1 0 13 26 64 
9 0 0 0 0 1 618 215 
0 2 5 0 0 6 36 169 
0 1457 3 0 0 46 111 0 
119 0 3 1 0 0 0 1 
0 0 0 0 355 1 1 0 
0 115 0 0 0 0 0 69 
0 0 60 0 2 0 15 0 
0 0 0 0 23 27 0 142 
1 0 0 0 0 0 0 2170 
0 0 0 0 0 99 36 0 
33 150 0 7 18 0 0 0 
0 0 0 0 0 1343 28 0 
0 0 248 0 0 1 1 0 
1 0 0 109 23 2 20 88 
0 0 203 1 9 141 0 66 
1 0 0 20 0 0 70 0 
82 0 0 0 0 1 0 98 
0 0 0 0 0 1562 0 0 
0 4 1 0 0 0 210 0 
0 0 50 42 0 20 0 90 
422 0 0 0 0 0 0 0 
0 0 0 18 21 528 1048 0 
0 0 0 267 0 0 59 62 
0 897 124 40 9 33 0 0 
0 1 553 5 0 0 0 0 
0 0 0 0 41 100 11 4 
1 220 11 1 4 0 2 0 
1 8 0 16 0 17 276 0 
0 0 0 0 0 1 318 2 
0 0 2 0 0 0 0 921 
0 0 0 0 0 0 375 0 
0 130 0 0 0 0 1 0 
0 28 0 1 0 2 227 11 
0 0 0 0 81 0 0 0 
0 0 0 0 0 1 0 204 
0 2685 0 0 0 0 0 0 
0 0 0 0 0 1185 15 0 
0 1 1 217 3 6 57 0 
0 140 0 0 1 1 0 42 
0 0 1088 0 0 0 0 0 
0 5 0 253 38 10 7 0 
1 2205 0 0 8 0 8 0 
0 0 0 8 0 0 150 139 
0 18 0 0 0 581 0 0 
0 0 0 21 0 1 36 74 
24 10 24 0 1 0 0 116 
15 1 64 0 246 0 0 25 
0 1 0 0 0 1384 0 0 
0 0 0 0 0 0 0 1020 
0 0 194 1 0 0 3435 1587 
0 1 1 0 6 412 498 0 
0 0 18 9 4 200 11 0 
114 0 0 0 0 2 9 1 
30 0 32 104 0 23 1 0 
49 0 0 1 0 0 0 210 
8 59 280 0 0 369 0 0 
5 0 620 4 0 0 47 0 
0 84 0 214 1 98 0 501 
15 0 0 90 82 53 10 0 
0 0 1 0 0 103 72 0 
3 10 0 0 1 0 74 0 
1115 138 0 1 0 0 0 15 
5 0 3 0 0 0 2 70 
185 0 0 0 0 0 0 3 
0 0 26 49 0 437 1 0 
0 0 0 0 0 241 0 665 
1674 0 0 2 0 2 0 0 
64 1 0 1 0 0 108 0 
0 0 0 0 0 96 53 0 
0 231 0 0 0 0 0 1 
0 0 0 2 0 1 0 565 
2 0 0 0 1 1 0 160 
0 2 0 0 4 2 0 398 
1 0 8 6 0 7 23 22 
92 1 79 69 0 21 0 0 
0 0 0 0 11 0 0 115 
0 2 0 0 0 0 0 205 
0 2 0 1 0 0 0 103 
15 0 93 0 0 0 0 164 
0 2 0 3 0 0 289 0 
1827 160 0 0 0 0 1 164 
0 0 427 0 0 0 0 0 
134 16 3 0 0 0 1 0 
17 23 46 8 0 6 0 0 
0 0 655 5 0 0 0 0 
0 917 0 0 0 0 0 0 
0 0 313 0 0 0 0 0 
31 10 1 154 159 0 0 7 
0 1 25 0 18 0 0 54 
0 7 0 27 23 0 96 0 
0 0 0 1 0 46 74 0 
0 0 0 0 0 0 0 246 
0 115 25 0 0 0 0 22 
9 710 0 209 1 27 1 26 
0 0 0 0 0 0 102 0 
724 0 0 283 0 0 0 2 
0 0 0 1 0 48 0 89 
11 0 2 2 0 116 0 23 
1487 0 0 1 7 147 44 0 
0 0 4 0 0 0 0 649 
0 0 0 2 1 407 0 4 
0 0 0 0 0 178 0 0 
0 249 0 0 383 31 0 69 
1 0 0 250 1 0 0 0 
0 0 0 0 0 0 223 1 
0 6 54 1 3 772 0 0 
611 4 0 347 0 0 4 37 
1 2 10 3 0 3104 840 52 
0 5 3 0 0 0 0 228 
399 0 0 0 0 0 0 0 
0 0 0 0 0 7470 0 0 
0 0 0 0 0 1040 2048 0 
0 0 0 4 188 3 0 0 
0 0 1 0 0 12159 0 0 
0 0 0 2 0 132 3 10 
0 0 1 0 0 100 371 0 
0 0 0 0 0 0 100 3 
15 0 316 0 38 1 504 0 
2 0 0 0 0 0 0 704 
626 0 0 0 0 7 0 0 
18 0 0 0 24 74 74 3 
0 2 8 56 896 45 0 18 
0 14 0 0 1 19 0 113 
0 1 0 0 0 0 1 306 
0 0 0 0 0 0 75 812 
4 27 0 0 0 0 0 21 
0 0 0 0 0 0 0 139 
0 2 2 0 0 0 0 360 
23 0 2 1 178 8390 2550 0 
0 0 24 72 0 1 0 0 
2 5 0 0 0 302 13 21 
0 0 968 0 0 0 0 5 
141 40 0 0 76 150 1 0 
0 6438 0 0 0 0 1 0 
12 0 86 21 3 2 27 30 
11 7 5 0 0 0 14 469 
0 1 222 2 19 1 0 13 
0 0 35 0 3 0 0 0 
5 0 0 0 0 331 14 0 
0 0 361 0 932 640 15 1 
1 0 0 0 0 1 0 118 
0 8 0 0 0 0 123 47 
2019 0 0 0 0 0 0 1 
0 0 0 0 442 153 0 0 
265 2 428 0 0 3 5 31 
1 0 1 0 0 0 200 37 
18 2 7 31 1 28 2 14 
14 0 0 0 0 0 0 131 
69 0 0 5 29 33 1 0 
1 2 54 2 4 44 0 0 
0 0 0 0 0 0 39 572 
4 209 0 0 10 0 0 0 
174 215 1 2 1 0 8 0 
43 85 19 0 531 139 0 0 
0 0 0 0 0 0 0 45 
