226 411 983 0 363 2204 4851 3415 
0 0 0 0 0 67124 62 0 
0 3566 3760 0 0 2 0 0 
944 0 0 0 0 0 1561 9646 
0 0 0 162 534 15358 3696 70 
2557 203 0 0 0 0 70 7617 
3 1252 0 21 0 794 198 9376 
0 0 4679 128 1 2 0 0 
102 0 0 0 0 205 889 10644 
613 13388 1 0 0 0 243 0 
0 0 0 0 0 505 1347 608 
0 0 108 0 1617 15316 5892 1755 
0 0 109 0 1785 33658 1681 0 
1205 15072 0 0 0 0 1 204 
3143 0 0 1 0 0 0 465 
0 0 11127 9 31 0 0 0 
0 0 0 0 0 0 92 3190 
0 0 96 0 30 604 12056 1739 
1242 42 0 0 0 0 526 19962 
0 1 0 0 17 0 270 2476 
0 9 3883 131 16 10153 0 0 
0 1593 0 2 0 813 2 195 
0 0 63 0 103 7654 1302 66 
0 0 0 0 0 0 4210 17 
3730 0 0 1 0 0 0 4700 
0 1 1325 0 0 7285 413 0 
309 12 0 0 11 1356 1543 1039 
0 0 23 0 0 10087 296 0 
0 445 0 0 0 0 0 0 
0 2705 2351 1 0 0 7 1095 
0 0 28 0 13 1404 119 5 
0 0 1 0 0 1004 140 105 
0 0 0 0 0 1725 0 0 
0 5 9 0 0 1 1510 1078 
2309 0 0 0 0 0 0 0 
0 1 0 0 0 0 180 1530 
13 0 0 0 1 4 1416 0 
0 12 0 0 5 0 0 1370 
0 11346 4947 0 0 0 0 4 
512 175 0 0 1 1 0 696 
204 0 0 0 1 0 0 7973 
0 0 0 0 0 0 2002 110 
1 1 0 0 4212 1877 0 1 
0 0 0 0 0 0 105 122 
1 14900 0 0 0 5 0 76 
0 0 374 0 77 23487 0 0 
0 0 150 17 1233 1027 0 2 
0 0 28 0 8 26 1696 1251 
1 0 85 0 0 0 447 0 
0 0 0 0 0 0 185 806 
0 0 0 0 0 0 587 233 
0 0 1087 48 161 322 0 0 
84 7380 0 0 0 0 0 0 
22302 0 0 3 1 0 0 224 
0 0 1 0 0 238 6181 0 
