216 502 880 0 329 2470 4849 3196 
0 0 0 0 0 67209 90 0 
0 3535 3752 0 0 0 0 0 
1071 0 0 0 0 0 1501 9539 
0 0 0 163 518 14313 7732 69 
1998 186 1 0 0 0 69 8050 
1 1176 0 1 37 1140 166 9083 
0 0 4666 99 0 0 0 5 
88 1 0 1 4 228 1086 10652 
665 16526 0 2 0 0 387 0 
0 1 0 0 3 544 1386 577 
0 1 131 0 1507 15104 6616 1783 
0 0 104 0 1611 33625 1964 0 
1170 14905 0 0 6 105 0 197 
3157 0 0 0 0 0 0 448 
0 0 11194 0 75 22 0 2 
1 0 0 0 0 0 87 3141 
0 0 131 0 28 667 11852 1578 
1550 29 0 0 0 0 521 19848 
0 0 0 0 14 0 240 2491 
182 262 2327 6 2 10445 1013 0 
0 1624 0 0 0 765 0 216 
0 0 88 0 89 7659 1233 86 
0 0 6 0 0 0 4218 0 
3886 0 0 0 0 0 0 4480 
3 0 970 17 0 7492 384 0 
358 0 2 0 0 1468 1434 1014 
0 0 17 0 0 10100 284 0 
0 445 0 0 0 0 0 0 
1 2360 2669 0 0 0 0 1137 
0 0 23 0 21 1422 132 6 
0 0 1 0 0 1054 106 80 
0 0 0 2 0 1694 0 0 
0 1 0 0 0 2 1453 969 
2278 15 2 0 1 1 0 0 
0 0 0 0 0 84 3125 0 
0 0 0 0 0 0 195 1508 
580 44 483 0 0 2 0 241 
0 19 1 0 0 0 13 1354 
0 11568 4665 7 0 0 28 0 
476 213 1 0 0 0 0 722 
188 0 0 0 0 0 0 7899 
0 0 0 0 1 0 1982 100 
0 24 0 0 4185 1782 0 4 
0 0 0 0 0 0 102 124 
0 11553 0 0 0 0 1 199 
1 0 471 0 70 23466 0 0 
0 0 202 13 1178 1187 0 0 
296 0 4 7 0 6 1476 1304 
0 0 59 6 0 0 498 0 
0 0 0 0 0 0 154 902 
0 0 0 0 0 0 463 287 
0 0 1134 36 154 238 0 1 
97 7378 0 1 0 0 0 0 
22399 0 0 0 0 0 0 232 
