104 397 237 0 2 1 5998 5772 
0 0 0 0 0 0 66576 660 
0 0 736 2976 3517 0 78 0 
0 12053 0 0 0 0 29 47 
0 0 19858 83 23 0 0 0 
0 0 10343 0 0 2 0 1 
0 0 0 6 0 0 11616 0 
0 0 1 0 0 1 525 4272 
0 0 11255 180 11 0 61 451 
0 0 0 0 0 0 0 15407 
0 0 0 0 2179 308 0 0 
0 24504 0 0 6 225 3 0 
0 0 0 0 0 0 328 36903 
0 0 0 0 0 0 16452 14 
0 1715 1055 0 2 0 0 833 
0 0 9 55 174 10 10993 0 
0 2 0 0 3117 0 123 14 
0 10920 800 0 4 1 577 2234 
56 120 10126 1383 2860 0 5888 1473 
0 0 0 0 33 1062 1646 0 
0 0 0 0 0 1 0 14185 
2561 4 3 0 0 0 0 31 
0 4148 903 0 0 318 3436 412 
5 2 0 0 0 0 0 4215 
0 0 0 0 0 0 8399 0 
3 0 0 0 0 140 8776 2 
11 0 0 0 1 0 0 4259 
205 525 0 0 0 0 0 9677 
0 1 283 0 6 155 0 0 
0 4 0 0 0 0 6161 0 
2 776 332 1 0 6 0 471 
1117 5 0 0 1 0 0 127 
3 1677 0 4 22 0 0 19 
1 0 2517 0 0 0 0 0 
0 0 0 0 0 0 2299 0 
0 3 1699 0 0 0 1 0 
0 0 0 0 0 0 366 1045 
1392 0 0 0 0 0 0 1 
0 0 0 0 0 0 16283 6 
1 0 194 0 69 0 865 256 
0 8180 0 0 0 2 0 2 
0 2093 0 0 0 0 0 0 
0 0 0 0 0 0 6065 0 
14 1 0 0 0 5 1 206 
0 18 0 0 0 0 184 13631 
0 5 0 0 0 0 23978 0 
53 0 1599 138 6 0 0 688 
0 2992 0 0 0 0 0 0 
0 0 0 2 0 557 0 0 
0 342 0 0 0 0 714 0 
0 4 756 0 12 34 3 0 
0 52 0 0 90 0 1134 326 
0 0 0 22 0 1 7304 129 
0 0 0 0 0 0 8587 13962 
0 0 6048 0 0 0 46 1 
