133 480 263 6 0 0 6261 5287 
0 0 0 0 0 0 66523 726 
0 1 626 3117 3504 0 80 0 
0 12093 0 0 0 0 24 50 
0 0 19676 87 29 0 2 0 
0 0 10402 0 0 0 0 0 
0 0 0 0 6 0 11633 0 
0 0 0 0 0 0 510 4300 
0 0 11297 121 0 0 88 371 
0 0 0 0 0 0 1 14616 
0 0 0 2 2144 320 0 0 
0 24466 4 2 0 208 11 1 
0 0 0 0 0 0 324 36909 
0 0 0 0 0 0 16468 9 
0 1840 809 0 0 2 0 951 
0 0 11 61 149 9 10919 0 
0 0 0 0 3068 0 178 28 
0 10908 810 0 0 0 411 2384 
0 0 11317 1311 2159 2 5609 1418 
0 0 12 0 59 1112 1579 2 
0 0 0 0 0 0 0 14164 
2573 0 0 0 2 3 0 21 
1 4444 797 0 0 562 2922 493 
5 0 1 0 1 0 0 4225 
0 0 0 0 0 0 8384 0 
0 2 0 3 0 151 8858 0 
14 0 0 0 0 0 0 4252 
276 1076 0 0 0 0 0 9055 
0 0 283 0 0 142 0 20 
0 0 0 0 8 0 6148 3 
0 395 571 0 1 1 1 606 
1013 0 0 0 0 0 0 237 
0 1685 3 0 0 0 36 0 
0 0 2575 0 0 0 0 0 
0 0 0 0 0 0 2302 0 
1 0 1695 0 0 0 0 0 
0 0 0 0 0 0 329 1105 
1388 5 0 0 0 0 0 0 
0 0 1 0 0 0 16284 6 
0 0 178 0 85 0 846 280 
0 8140 0 1 0 0 0 0 
0 2087 0 0 0 0 0 0 
0 0 0 0 0 0 6089 0 
0 11 0 0 0 1 2 212 
0 22 0 0 0 0 198 14394 
0 0 0 0 0 0 23942 0 
0 0 1526 0 0 0 0 903 
0 3057 0 0 0 0 2 0 
0 0 0 0 0 531 2 0 
0 266 0 0 0 0 767 0 
34 0 673 0 0 128 0 0 
0 43 2 0 143 1 1042 400 
1 6 0 1 0 0 7324 138 
0 0 0 0 0 0 8590 13953 
0 0 6361 1 0 0 55 0 
