99 1707 740 0 0 353 55 445 0 0 0 0 
0 0 0 7 230 268 30 0 0 0 0 0 
0 0 0 0 98 0 2 0 0 0 0 0 
0 273 2 0 0 6 0 0 0 0 0 0 
694 0 0 0 0 7 0 0 0 0 0 0 
0 0 107 0 0 0 0 0 0 0 0 0 
0 0 1 0 0 15 0 0 321 0 0 0 
0 0 0 1 0 0 86 280 0 0 0 0 
0 0 0 0 4 0 2 0 0 343 147 0 
0 150 0 0 0 0 0 0 0 0 0 0 
0 0 2 0 0 0 228 0 0 0 0 0 
0 0 0 0 0 0 53 0 0 0 0 0 
0 0 7 0 0 2 70 183 0 0 0 0 
0 0 0 0 0 0 127 0 0 0 0 0 
37 0 7 44 3 0 0 0 12 0 2 261 
0 0 160 0 0 0 0 0 0 0 0 0 
0 67 0 1 0 0 2 0 0 0 0 17 
0 0 0 0 0 45 644 0 0 0 0 0 
74 0 0 1 0 1 0 0 0 7 130 0 
0 0 0 0 0 86 0 0 0 0 0 0 
0 0 1 0 0 1 0 0 0 77 0 0 
0 0 0 0 14 0 0 6 89 0 0 0 
0 2 0 0 0 0 13 136 0 0 1 41 
0 0 0 1 0 0 0 326 0 0 0 0 
0 0 0 0 0 0 0 0 62 0 0 0 
0 0 0 0 0 97 0 0 8 0 0 0 
0 0 0 0 1 0 0 2 0 46 0 0 
0 46 308 269 25 0 0 0 0 0 0 4 
147 5 2 1 0 0 2 0 0 0 0 0 
