100 1925 568 0 0 167 44 394 0 0 0 0 
0 0 0 4 242 267 28 0 0 0 0 0 
0 0 0 0 106 1 0 0 0 0 0 1 
0 273 0 0 0 19 3 0 0 0 0 0 
701 0 0 0 0 0 0 0 0 0 0 0 
0 0 109 0 0 0 0 0 0 0 0 0 
0 2 0 2 0 0 0 0 324 0 0 0 
0 0 0 0 0 0 91 274 0 0 0 0 
0 0 0 0 0 0 0 0 0 338 154 0 
0 150 0 0 0 0 0 0 0 0 0 0 
0 0 1 0 0 14 216 0 0 0 2 0 
0 0 0 0 0 0 53 0 0 0 0 0 
0 0 4 0 0 0 62 194 0 0 0 0 
0 0 0 0 2 0 125 0 0 0 0 0 
0 0 0 9 0 0 0 0 0 0 0 356 
0 0 158 0 0 0 0 0 0 0 0 0 
0 49 1 0 1 0 0 0 0 0 0 22 
0 0 0 0 0 42 647 0 0 0 0 0 
87 35 0 0 0 0 0 3 0 0 60 0 
0 0 0 0 0 82 0 0 0 0 0 0 
1 0 0 0 0 0 0 0 0 78 0 0 
0 0 0 0 19 0 0 10 108 0 0 0 
0 1 0 0 0 2 2 180 0 0 0 28 
0 2 0 0 0 0 0 298 0 0 0 0 
0 0 0 0 0 0 0 0 62 0 0 0 
0 0 0 0 1 202 0 0 0 0 0 0 
0 53 0 0 0 43 0 0 0 24 15 0 
0 45 328 252 26 0 0 0 0 0 0 0 
0 0 0 0 0 7 0 92 41 1 1 2 
0 0 2 0 0 0 0 0 0 0 41 0 
