0 0 0 0 0 1010 1989 10 0 0 4 0 
0 0 0 118 268 109 0 0 0 0 0 0 
0 0 0 0 28 61 22 0 0 0 0 0 
0 0 0 0 0 274 0 5 0 0 0 2 
0 0 0 0 0 0 453 29 216 0 2 0 
0 12 0 0 0 0 110 0 0 0 0 0 
0 0 0 313 13 0 0 0 0 4 0 1 
0 0 0 0 0 0 0 282 48 0 0 15 
0 0 0 0 196 0 0 0 296 0 0 0 
40 0 0 0 0 0 38 68 0 0 3 0 
0 0 0 0 0 0 211 0 0 0 0 0 
0 0 0 0 0 0 0 0 0 0 0 53 
2 0 236 0 0 4 0 22 2 0 0 0 
64 9 0 0 6 23 0 19 0 1 0 1 
3 0 0 22 17 0 0 116 193 0 0 4 
29 2 102 3 0 0 8 1 0 0 0 0 
0 0 0 0 0 0 0 0 0 0 0 81 
0 0 62 0 0 13 604 0 1 0 0 0 
0 130 0 0 0 0 0 0 0 1 51 0 
0 0 0 0 50 58 0 0 0 0 2 0 
0 2 0 0 1 0 0 0 0 0 75 1 
1 0 0 27 0 0 0 0 101 0 0 0 
0 0 0 0 0 0 0 0 0 0 36 0 
0 32 1 2 0 0 0 160 101 7 0 0 
0 1 0 0 0 1 0 0 0 0 60 0 
0 0 0 0 0 222 0 0 0 0 0 0 
0 0 18 164 462 1 0 0 0 0 0 5 
127 9 0 1 20 0 0 0 0 0 2 0 
1 0 0 0 0 0 0 208 0 0 0 0 
3 0 0 0 0 0 119 0 0 0 0 0 
0 0 0 0 0 1 9 185 0 1 0 0 
0 0 0 0 0 0 67 0 0 0 0 0 
