0 0 0 0 0 1075 1959 4 0 0 0 0 
0 0 0 105 284 102 0 0 0 0 0 0 
1 0 0 0 30 56 24 0 0 0 0 0 
0 0 0 0 1 276 0 0 0 0 0 0 
0 0 0 0 0 0 461 27 211 0 0 0 
0 10 0 0 0 0 95 0 0 0 0 0 
0 0 0 316 15 0 0 0 0 0 1 0 
7 0 0 0 0 0 0 263 85 0 0 0 
0 0 0 1 202 0 0 0 286 3 0 0 
129 0 0 1 17 0 0 0 0 0 3 0 
0 0 0 0 0 0 211 0 0 0 0 0 
2 0 0 0 0 0 0 0 0 0 0 51 
0 0 255 0 0 0 0 3 0 0 2 0 
1 0 14 0 0 15 95 0 0 0 0 0 
0 1 0 0 0 0 0 352 0 0 2 0 
0 2 160 0 0 0 0 0 0 0 0 0 
0 0 0 0 0 0 0 0 0 0 0 81 
0 0 127 0 0 7 540 4 0 1 3 2 
0 124 1 0 0 0 0 0 0 0 56 0 
0 0 0 0 66 45 0 0 0 0 0 2 
0 1 0 0 0 0 0 0 2 0 76 0 
0 0 0 17 0 0 0 2 109 0 0 0 
0 0 0 1 0 0 0 0 2 0 33 0 
0 0 5 0 14 0 0 120 155 0 0 1 
0 0 1 4 1 0 0 0 0 0 56 0 
0 0 0 0 0 211 0 0 0 0 0 0 
0 0 25 172 447 5 0 0 0 0 1 0 
159 0 0 0 0 0 0 0 0 0 0 0 
1 0 0 0 0 0 0 209 0 0 0 0 
0 0 0 0 2 11 91 1 0 7 0 0 
0 0 0 0 0 0 11 184 0 0 0 0 
0 0 0 0 0 0 67 0 0 0 0 0 
