4 0 0 0 0 990 1992 207 0 0 10 0 
0 0 0 149 285 97 0 0 5 1 0 0 
0 0 0 0 32 56 20 0 0 0 0 0 
0 0 0 0 0 294 0 0 0 0 0 0 
0 4 0 0 0 0 421 56 209 1 10 0 
0 13 0 0 0 0 96 0 0 0 0 0 
0 0 0 305 21 0 0 0 2 0 0 0 
0 0 0 1 0 0 0 347 14 0 0 0 
0 0 0 0 211 0 0 0 281 0 0 0 
0 7 30 0 1 0 1 0 0 0 0 111 
0 0 0 0 0 0 233 0 0 0 0 0 
0 0 0 0 0 0 1 0 0 0 0 52 
0 0 263 0 0 0 0 3 0 0 0 0 
0 0 0 1 1 80 0 2 0 0 41 0 
0 0 0 0 17 0 0 322 26 0 0 0 
0 0 146 4 0 0 3 0 3 2 0 0 
0 0 0 0 0 0 0 0 0 0 0 73 
0 0 47 0 0 10 629 0 0 0 0 0 
0 118 0 0 0 0 1 0 1 0 66 0 
0 0 0 0 44 42 0 0 0 0 0 0 
1 0 0 0 0 0 0 0 0 0 78 0 
0 0 0 30 0 0 0 0 103 0 0 0 
0 0 0 0 0 0 10 197 0 0 8 0 
0 28 2 0 5 0 0 80 188 0 0 0 
0 0 0 0 0 0 0 4 0 0 52 6 
0 0 0 0 0 200 0 0 0 0 0 0 
12 0 0 0 0 0 0 123 0 0 0 0 
0 0 15 183 450 2 1 0 0 0 0 0 
2 0 0 141 0 0 0 0 0 0 0 0 
0 0 0 0 0 0 0 43 0 0 0 0 
