0 0 0 0 0 1245 1723 427 0 0 0 0 
0 0 0 113 276 139 0 0 8 0 0 2 
0 1 0 0 34 46 22 0 0 0 0 0 
0 0 0 0 0 285 0 0 0 0 0 0 
0 0 0 0 0 4 456 22 212 0 3 0 
0 11 0 0 0 0 97 0 0 0 0 0 
0 0 0 325 11 0 1 0 0 0 0 0 
4 0 2 0 1 0 4 340 20 0 0 0 
0 0 0 0 179 0 0 0 313 0 0 0 
15 0 0 12 0 0 16 72 35 0 0 0 
0 0 0 0 0 0 230 0 0 0 0 0 
0 0 0 0 0 0 0 0 0 0 0 53 
0 0 256 0 2 0 0 8 0 0 0 0 
19 0 51 0 54 0 0 0 0 0 0 0 
0 0 0 0 0 0 1 364 0 0 0 1 
4 0 147 0 2 0 0 1 0 0 5 0 
0 0 0 0 0 0 0 0 0 0 0 73 
0 1 55 5 0 14 612 0 1 0 0 0 
2 133 0 0 0 0 0 0 0 0 52 0 
0 0 0 0 42 40 0 0 0 0 0 0 
0 0 4 0 0 0 0 0 0 0 75 0 
0 0 0 37 0 0 0 0 71 1 0 0 
0 0 0 0 0 0 5 182 0 0 5 0 
0 0 0 0 4 27 40 54 198 0 0 0 
0 0 0 0 0 0 1 0 0 0 61 0 
0 0 0 0 0 107 0 0 0 0 0 0 
15 0 0 0 0 0 0 34 0 0 0 0 
0 0 22 185 442 2 1 0 0 0 0 0 
0 0 0 0 0 0 0 0 159 0 0 0 
0 0 0 0 0 0 0 43 0 0 0 0 
