0 0 0 0 0 1057 1987 173 0 0 0 0 
1 0 0 107 314 119 0 0 0 0 0 0 
0 0 0 0 29 57 22 0 0 0 0 0 
0 0 0 0 0 283 0 0 0 0 0 0 
0 1 0 0 0 0 436 39 220 0 5 0 
0 10 0 0 0 0 99 0 0 0 0 0 
0 0 1 308 19 0 0 0 0 0 0 0 
0 0 4 0 0 0 0 357 2 0 0 0 
0 0 3 0 183 1 0 0 305 0 0 0 
0 2 11 0 0 0 0 1 0 0 0 136 
0 0 0 0 0 0 230 0 0 0 0 0 
0 0 0 0 0 0 0 0 0 0 0 53 
0 0 259 0 0 0 0 7 0 0 0 0 
0 0 2 4 0 85 0 0 0 0 34 0 
0 0 1 0 20 0 0 343 1 0 0 0 
0 5 150 3 0 0 0 0 0 0 0 0 
0 0 0 0 0 0 0 0 0 0 0 73 
0 0 45 0 0 8 633 0 0 0 0 0 
0 118 0 0 0 0 0 1 1 0 66 0 
0 0 1 0 38 42 0 0 0 1 0 0 
0 0 0 0 0 0 0 0 0 0 79 0 
0 0 0 23 0 0 0 0 105 0 0 2 
0 0 0 0 0 0 10 197 0 0 7 0 
0 13 20 0 0 0 0 124 140 9 0 0 
8 1 0 0 0 0 0 2 0 0 51 0 
0 0 0 0 0 200 0 0 0 0 0 0 
15 0 0 0 0 0 0 120 0 0 0 0 
0 0 30 175 443 1 0 0 1 0 0 1 
12 0 0 120 0 0 0 0 11 0 0 0 
0 0 0 0 0 0 0 43 0 0 0 0 
