0 0 0 0 0 1132 1892 7 0 0 3 0 
0 0 0 121 259 110 0 0 0 3 1 0 
0 0 0 0 36 57 18 0 0 0 0 0 
0 0 1 0 0 277 0 0 0 0 0 0 
0 0 0 0 0 0 413 25 258 0 0 0 
0 10 0 0 0 0 102 0 0 0 0 0 
0 0 0 309 19 0 0 0 0 0 0 0 
1 0 2 0 0 0 0 336 9 0 0 1 
1 2 0 0 218 0 1 0 270 0 0 0 
64 2 0 10 0 0 34 0 0 0 0 41 
0 0 0 0 0 0 232 0 0 0 0 0 
0 0 0 0 0 0 0 0 1 0 0 53 
0 4 250 0 0 0 0 9 0 0 0 0 
2 0 0 0 0 12 108 0 3 0 0 0 
0 5 27 2 0 29 4 0 142 93 0 55 
1 0 113 0 5 0 6 28 0 0 5 0 
0 0 0 0 0 0 0 0 0 0 0 81 
1 13 78 4 0 11 571 0 0 0 0 0 
0 135 0 0 0 0 0 0 1 0 44 0 
0 0 0 0 61 49 0 0 0 0 0 0 
0 0 0 0 0 0 0 0 0 2 77 0 
0 0 0 25 0 0 0 0 112 0 0 0 
0 0 0 0 0 0 0 1 0 0 34 1 
0 0 0 0 0 0 0 188 113 0 0 2 
0 4 0 4 2 0 0 0 0 0 52 0 
0 0 0 0 0 211 0 0 0 0 0 0 
0 0 27 152 467 3 0 0 0 1 0 0 
148 0 0 1 0 0 0 1 0 3 0 0 
5 0 0 0 0 0 0 210 0 0 0 0 
1 0 1 0 0 0 106 2 0 0 0 0 
0 0 0 0 0 0 10 185 0 0 0 0 
0 0 0 0 0 0 45 0 0 0 0 0 
