78 2239 602 3 0 96 12 2 0 0 2 0 
0 0 0 5 229 260 0 0 0 0 0 0 
0 0 0 0 111 0 0 0 0 0 0 0 
0 274 0 0 0 6 0 0 0 0 0 0 
666 4 10 20 0 0 0 0 0 0 0 0 
0 0 104 0 0 0 0 0 0 0 0 0 
0 3 0 0 0 0 1 0 326 0 0 2 
0 0 0 0 0 0 60 292 0 0 0 0 
0 0 0 0 0 0 0 0 0 337 154 1 
0 150 0 0 0 0 0 0 0 0 0 0 
0 0 0 0 0 0 210 0 0 0 1 0 
0 0 0 0 0 0 53 0 0 0 0 0 
0 0 6 0 0 2 59 192 1 0 0 0 
0 0 0 0 0 0 125 0 0 0 0 0 
1 0 28 0 0 0 316 9 0 0 0 1 
0 0 163 0 0 0 0 0 0 0 0 0 
0 40 0 0 0 0 0 0 0 0 0 41 
0 0 0 0 0 51 633 0 0 0 0 0 
116 56 0 1 0 0 0 7 0 0 0 1 
0 0 0 0 0 110 0 0 0 0 0 0 
0 0 0 0 0 0 0 3 0 76 0 0 
0 0 0 0 18 0 0 0 110 0 0 0 
0 0 0 0 0 0 2 0 0 0 14 20 
0 1 0 0 0 0 0 296 0 1 0 0 
0 0 0 0 0 0 0 0 62 0 0 0 
0 2 0 0 0 209 0 0 0 0 0 0 
0 44 344 231 31 0 0 0 0 0 0 0 
0 0 0 0 0 3 31 0 5 120 0 0 
0 0 0 0 0 0 0 0 0 1 209 0 
0 0 0 0 1 0 53 58 0 0 0 0 
0 0 0 0 0 6 12 177 0 0 0 0 
1 1 0 0 0 0 65 0 0 0 0 0 
