0 0 0 0 0 1262 1806 463 0 0 0 0 
0 0 0 127 272 123 0 0 0 7 2 0 
0 1 23 167 444 93 26 0 0 1 0 0 
0 0 0 0 0 376 0 0 0 0 0 0 
0 44 0 0 0 0 439 15 345 0 12 0 
0 11 0 0 0 0 96 0 0 0 0 0 
0 0 0 297 15 0 0 0 0 0 36 0 
1 0 0 0 0 0 0 340 35 0 1 0 
34 0 0 0 204 1 0 72 229 0 0 0 
17 0 0 0 0 45 23 61 0 0 0 0 
0 0 0 0 0 0 226 0 0 0 0 0 
0 0 0 0 0 0 1 0 0 0 0 52 
0 2 240 0 0 0 0 28 0 0 0 0 
0 8 0 0 0 0 87 27 0 0 0 1 
0 5 0 1 0 169 0 20 9 0 7 156 
32 0 124 0 0 0 0 3 0 0 0 1 
0 14 0 0 0 0 0 0 0 0 0 73 
0 0 91 0 0 2 614 1 0 0 0 0 
0 77 0 0 0 0 0 84 0 0 54 0 
0 0 0 0 41 41 0 0 0 0 0 0 
0 1 0 0 0 0 0 0 0 0 78 0 
0 0 0 36 0 0 0 7 104 0 0 2 
0 0 0 0 0 0 0 170 0 0 6 0 
0 0 0 0 0 102 101 11 4 0 0 0 
