0 0 0 0 0 1313 1658 455 0 0 1 0 
0 2 0 125 288 123 0 0 0 0 0 0 
0 0 15 151 468 74 41 0 0 1 0 0 
0 0 1 0 0 278 0 0 0 0 0 0 
0 21 0 0 0 7 369 40 419 0 0 0 
0 11 0 0 0 0 97 0 0 0 0 0 
0 0 0 313 14 0 0 0 7 3 0 0 
1 1 1 0 2 0 0 333 23 10 0 0 
10 0 0 0 197 0 1 49 246 5 0 0 
21 0 0 0 56 9 1 49 3 0 2 9 
0 0 0 0 0 0 229 0 0 0 0 0 
0 0 0 0 0 0 0 0 0 1 0 52 
0 0 262 0 0 0 0 1 3 0 0 0 
12 0 42 18 19 0 30 3 0 0 0 0 
0 0 0 4 0 15 0 21 0 0 10 314 
0 3 156 0 0 0 0 0 0 0 0 0 
0 14 0 0 0 0 0 0 0 0 0 73 
0 0 118 0 0 24 545 0 0 1 0 0 
0 27 0 0 0 0 0 116 0 0 75 0 
0 0 0 0 40 42 0 0 0 0 0 0 
0 0 0 0 0 0 0 0 0 0 79 0 
0 0 0 41 0 0 0 0 73 0 0 1 
0 0 0 0 0 0 6 169 0 0 6 0 
6 0 0 0 0 128 103 55 32 0 0 0 
0 0 0 0 0 0 0 1 2 0 59 0 
0 0 0 0 0 92 0 0 0 0 0 0 
16 0 0 0 0 0 0 13 3 0 0 0 
