0 0 0 0 0 1203 1774 443 0 0 0 0 
1 0 0 102 322 112 0 0 0 1 0 0 
0 0 0 0 10 55 21 0 0 0 0 0 
0 0 0 0 0 286 2 0 0 0 0 0 
0 35 0 0 1 0 306 50 334 3 0 0 
0 11 0 0 0 0 97 0 0 0 0 0 
0 13 0 288 35 0 1 0 0 0 0 0 
0 0 0 0 0 5 0 334 29 0 0 0 
0 1 0 0 246 0 0 0 249 0 0 0 
7 0 0 3 75 0 5 41 16 2 0 0 
0 0 0 0 0 0 230 0 0 0 0 0 
0 0 0 0 0 0 0 0 0 0 0 53 
1 0 259 0 0 0 0 7 0 0 0 0 
0 0 54 26 6 0 35 1 0 0 0 0 
0 1 0 0 0 2 0 0 0 0 0 352 
0 0 152 0 1 0 4 0 0 0 2 0 
0 14 0 0 0 0 0 0 0 0 0 82 
0 0 80 4 0 16 588 0 0 0 0 0 
0 41 0 1 0 0 0 102 0 0 76 0 
0 0 0 0 41 41 0 0 0 0 0 0 
4 0 1 0 0 0 0 0 0 0 74 0 
0 0 0 25 0 0 0 0 90 0 0 0 
0 0 0 0 0 0 8 174 0 0 6 0 
0 0 0 0 0 103 44 131 33 9 0 0 
0 0 0 0 0 0 0 0 0 0 62 0 
0 0 0 0 0 91 0 0 0 0 0 0 
14 0 0 0 0 1 0 29 0 0 0 0 
0 0 15 148 497 4 0 0 0 0 1 0 
0 22 0 0 0 0 22 6 74 0 0 0 
