0 0 4 0 0 1052 1938 9 0 0 0 0 
1 0 0 89 303 97 0 4 0 0 0 0 
0 0 0 1 30 56 24 0 0 0 0 0 
0 0 3 0 0 275 0 0 0 0 0 0 
6 0 0 0 0 0 448 31 215 0 0 0 
0 12 0 2 0 0 108 0 0 0 0 0 
0 0 0 308 19 0 0 0 0 0 0 0 
0 0 20 20 6 0 0 280 0 0 0 0 
0 4 1 1 208 0 0 1 277 0 0 0 
1 0 0 0 0 103 0 0 6 34 0 14 
0 0 0 0 0 0 212 0 0 1 0 0 
0 0 0 0 0 0 0 0 0 0 0 54 
0 0 255 0 0 0 0 4 1 0 0 0 
0 98 0 0 0 10 0 15 0 4 0 0 
0 0 0 0 14 1 0 0 331 0 0 0 
0 0 144 10 0 0 0 0 0 1 0 0 
0 0 0 0 0 0 0 0 0 0 0 81 
0 1 114 0 0 9 547 0 3 0 0 1 
0 119 0 0 0 0 1 0 7 0 49 0 
0 0 0 0 46 70 0 1 0 0 0 0 
0 0 0 0 0 0 0 0 0 0 79 0 
0 0 0 23 2 1 0 0 106 0 0 0 
10 0 0 0 0 0 0 0 0 0 36 0 
0 0 0 0 4 1 5 221 86 0 0 5 
0 0 1 0 0 0 0 0 0 5 56 0 
0 0 0 0 0 224 0 0 0 0 0 0 
0 0 24 162 460 3 0 0 0 0 0 1 
138 0 0 0 15 0 0 0 0 6 0 0 
0 0 0 0 0 0 0 200 0 0 0 0 
0 1 0 0 0 0 126 0 0 0 0 1 
0 0 0 0 0 0 9 186 0 0 0 0 
0 0 0 0 0 0 67 0 0 0 0 0 
