0 1 0 0 0 1071 1940 22 0 0 0 0 
0 0 0 130 265 97 0 0 0 0 0 0 
0 0 0 0 37 58 16 0 0 0 0 0 
0 0 0 0 0 280 0 0 0 0 0 0 
1 0 0 1 0 1 451 15 231 0 0 0 
0 10 0 0 0 0 94 0 0 0 0 0 
0 0 0 305 22 0 1 0 0 0 0 4 
8 0 0 0 0 0 1 258 80 0 0 8 
0 0 0 4 208 0 0 0 280 0 0 0 
122 0 0 0 20 0 0 0 8 0 0 0 
0 0 0 0 0 0 211 0 0 0 0 0 
0 0 0 0 0 0 0 0 0 0 0 53 
0 0 258 1 0 0 0 3 0 0 0 0 
11 0 10 0 3 13 88 0 0 0 0 0 
1 1 0 0 0 0 1 347 0 1 4 0 
0 0 162 0 0 0 1 0 0 0 0 0 
0 0 0 0 0 0 0 0 0 0 0 81 
0 0 105 0 1 25 543 0 0 5 0 3 
0 127 0 0 0 0 0 8 0 0 46 0 
0 0 0 0 49 62 0 0 0 1 0 0 
0 0 0 1 0 0 0 0 2 0 76 0 
0 0 0 28 0 0 0 0 100 0 0 0 
0 0 0 0 0 0 0 0 0 0 36 0 
0 4 0 0 16 0 0 113 162 0 0 0 
0 0 0 0 12 0 1 0 4 0 45 0 
0 0 0 0 0 211 0 0 0 0 0 0 
0 0 16 163 465 2 2 1 0 0 1 0 
156 0 0 0 0 3 0 0 0 0 0 0 
1 0 0 0 0 0 0 209 0 0 0 0 
0 0 0 0 0 12 95 0 0 4 1 0 
0 0 0 0 0 0 11 184 0 0 0 0 
0 0 0 0 0 0 67 0 0 0 0 0 
