104 1639 597 17 0 621 115 308 0 0 0 0 
0 0 0 7 229 279 22 0 0 0 1 0 
0 0 0 0 103 0 0 0 0 0 0 0 
0 268 0 0 0 9 4 0 0 2 0 0 
698 0 0 0 0 0 0 0 0 0 0 0 
0 0 109 0 0 0 0 0 0 0 0 0 
0 0 0 0 0 0 6 0 317 14 0 0 
0 0 0 0 0 0 93 276 1 0 0 0 
0 0 0 0 0 0 0 0 0 359 133 0 
0 151 0 0 0 0 0 0 0 0 0 0 
0 0 1 0 0 0 223 0 0 0 5 0 
0 0 0 0 0 0 53 0 0 0 0 0 
0 0 17 0 0 0 57 189 0 0 0 0 
0 0 0 0 0 0 124 0 0 1 0 0 
0 0 6 0 12 0 2 0 23 0 0 323 
0 0 158 0 0 0 0 0 0 0 0 0 
0 50 0 0 0 0 0 0 0 0 0 23 
0 0 0 0 0 42 647 0 0 0 0 0 
71 57 0 0 0 0 0 1 0 6 52 0 
0 0 0 0 0 82 0 0 0 0 0 0 
0 0 0 0 3 0 0 2 1 73 0 0 
0 0 0 0 22 0 0 5 82 0 0 0 
0 0 0 0 0 1 8 170 1 0 0 32 
0 0 3 0 0 0 0 298 0 0 0 0 
0 0 0 0 0 0 0 0 62 0 0 0 
0 3 0 0 0 102 1 0 0 0 0 0 
0 0 0 0 13 19 0 0 17 0 0 0 
0 47 346 234 24 0 0 0 0 1 0 0 
44 0 86 0 0 13 0 10 6 0 0 0 
0 0 1 0 0 0 0 1 0 0 41 0 
