303 1696 692 0 0 90 37 324 0 11 0 2 
0 0 0 6 238 266 28 0 0 0 0 0 
0 0 0 0 111 0 0 0 0 0 0 0 
0 277 0 0 0 16 0 0 0 2 0 0 
695 0 3 0 0 0 0 0 1 0 0 0 
0 0 109 0 0 0 0 0 0 0 0 0 
0 0 0 1 0 0 23 0 304 0 0 0 
0 0 0 0 0 0 97 265 0 0 0 0 
0 0 0 0 0 0 0 2 0 329 161 0 
1 149 0 0 0 0 0 0 0 0 0 0 
0 2 0 0 0 0 230 0 0 0 0 0 
0 0 0 0 0 0 53 0 0 0 0 0 
0 0 7 0 0 0 62 192 0 0 4 0 
0 0 0 0 0 0 124 0 0 0 0 0 
1 0 0 0 0 0 0 4 0 0 0 360 
0 0 158 0 0 0 0 0 0 0 0 0 
3 58 0 0 0 0 0 0 0 0 0 12 
0 0 0 0 0 39 648 0 0 0 0 0 
18 48 0 0 2 0 0 0 0 0 104 14 
0 0 0 0 0 86 0 0 0 0 0 0 
0 0 0 0 0 0 0 0 0 79 0 0 
0 3 0 0 27 0 0 10 97 0 0 0 
0 3 0 0 0 0 5 184 1 0 0 20 
0 4 0 1 0 0 0 301 0 0 0 1 
0 0 0 0 0 0 0 0 62 0 0 0 
5 3 0 0 0 180 0 8 5 0 0 0 
0 69 0 0 67 0 0 0 0 0 0 0 
0 46 316 258 30 0 0 0 0 0 0 0 
0 0 0 0 56 0 0 76 0 0 7 5 
0 0 0 0 0 0 15 0 0 0 67 0 
