19 2043 847 0 0 93 0 19 0 2 0 0 
0 0 0 6 256 233 0 0 0 0 0 0 
0 0 0 0 111 0 0 0 0 0 0 0 
0 263 0 0 0 17 0 0 0 0 0 0 
694 0 0 0 6 0 0 1 0 0 1 0 
0 0 107 0 0 0 0 0 0 0 0 0 
1 0 0 0 0 0 0 0 331 0 0 0 
0 0 0 0 0 0 88 264 0 0 0 0 
0 0 1 0 0 0 0 0 0 342 149 0 
1 149 0 0 0 0 0 0 0 0 0 0 
0 0 0 0 0 0 211 0 0 0 0 0 
0 0 0 0 0 0 50 2 0 0 0 1 
0 0 6 0 0 0 58 199 0 0 0 0 
0 0 0 0 0 0 125 0 0 0 0 0 
0 0 30 0 0 0 321 2 2 0 0 0 
0 0 160 0 0 0 0 0 0 0 0 0 
0 44 1 0 0 0 0 0 0 0 0 36 
0 0 0 0 0 48 633 0 0 0 0 0 
146 24 0 0 0 0 0 0 0 0 11 0 
0 0 0 0 0 110 0 0 0 0 0 0 
0 0 1 0 0 0 0 0 0 77 1 0 
0 0 0 0 27 0 0 0 101 0 0 0 
0 0 0 1 0 0 0 0 0 2 15 18 
0 0 0 0 4 0 0 294 0 0 0 0 
0 0 0 0 0 0 0 0 62 0 0 0 
1 0 1 0 0 208 0 0 0 0 0 0 
0 44 333 250 23 0 0 0 0 0 0 0 
0 0 1 32 0 15 0 20 0 90 1 0 
0 0 0 4 0 0 0 0 0 0 204 0 
20 0 0 0 0 0 52 50 0 1 0 0 
1 0 3 0 0 0 17 174 0 0 0 0 
0 2 0 0 0 0 55 0 10 0 0 0 
