0 2166 776 0 0 61 0 8 0 5 0 0 
0 0 0 7 261 229 0 0 0 0 0 0 
0 0 0 0 110 1 0 0 0 0 0 0 
0 262 0 0 0 13 0 0 0 0 0 0 
697 1 0 0 0 0 0 0 0 0 2 0 
0 0 121 0 0 0 0 0 1 0 0 0 
0 0 0 0 0 4 0 0 326 0 2 0 
0 0 0 0 0 0 82 266 0 0 0 0 
0 0 0 0 0 0 0 0 0 332 160 0 
0 150 0 0 0 0 0 0 0 0 0 0 
0 0 0 0 0 0 210 0 2 0 0 0 
0 0 0 0 0 0 53 0 0 0 0 0 
0 2 7 0 0 0 64 188 0 0 0 0 
0 0 0 0 0 0 124 0 0 0 0 0 
0 0 0 0 0 0 334 0 20 0 1 0 
0 0 145 0 0 0 0 0 0 0 0 0 
0 41 1 0 0 0 2 2 0 1 1 33 
0 0 0 0 0 46 638 0 0 0 0 0 
121 22 0 4 15 3 0 12 0 0 4 0 
0 0 0 0 0 108 0 0 0 0 0 0 
0 0 0 0 0 0 0 0 0 79 0 0 
0 0 0 0 26 0 0 0 102 0 0 0 
0 0 0 0 2 0 0 0 0 0 26 8 
0 0 0 0 3 0 0 298 0 0 0 0 
0 0 0 0 0 0 0 0 62 0 0 0 
0 0 0 0 0 207 13 0 0 0 3 0 
0 44 344 235 27 0 0 0 0 0 0 0 
0 0 1 0 0 0 5 0 0 152 1 0 
0 0 0 0 5 0 1 0 0 0 204 0 
34 5 1 0 0 0 30 50 0 0 2 0 
0 0 0 0 0 0 18 177 0 0 0 0 
0 0 0 0 0 0 62 0 0 4 0 1 
