101 2224 588 0 10 84 2 26 0 0 0 1 
0 0 0 10 237 248 0 0 0 0 0 0 
0 0 0 0 106 0 0 2 0 0 0 0 
0 266 0 0 0 7 0 0 0 0 6 0 
688 0 0 0 0 0 0 0 2 0 0 5 
0 0 112 0 0 0 0 0 0 0 0 0 
0 0 0 0 0 0 0 0 328 0 0 0 
1 0 0 0 0 0 80 268 0 0 0 0 
0 0 0 0 0 0 1 0 0 341 150 0 
0 150 0 0 0 0 0 0 0 0 0 0 
0 1 1 0 0 0 231 0 0 0 0 0 
0 0 0 0 0 0 54 0 0 0 0 0 
0 0 3 0 0 0 58 198 1 0 1 0 
0 0 0 0 0 0 125 0 0 0 0 0 
0 0 2 0 3 0 191 1 0 0 0 160 
0 0 158 0 0 0 0 0 0 0 0 0 
0 40 0 1 0 0 0 0 0 0 2 38 
0 0 0 0 0 39 641 0 0 0 0 0 
107 71 1 0 0 1 0 0 0 0 0 0 
0 0 0 0 0 112 0 0 0 0 0 0 
0 3 0 0 0 0 0 0 0 75 1 0 
0 0 0 0 16 0 0 12 109 0 0 0 
0 0 0 0 0 0 0 0 0 3 15 18 
0 0 6 0 1 0 0 291 5 0 0 0 
0 0 0 0 0 0 0 0 62 0 0 0 
0 0 1 0 0 211 0 0 0 0 0 0 
0 55 331 240 22 1 0 0 1 0 0 0 
39 114 0 0 0 0 0 0 0 0 0 0 
0 0 0 6 0 0 0 0 0 1 208 0 
0 0 0 0 0 17 35 43 1 0 0 0 
0 0 0 0 0 0 32 164 0 0 0 0 
0 0 0 30 3 0 4 0 3 0 0 15 
