0 2240 653 1 0 69 0 43 0 0 0 0 
0 0 0 6 254 235 0 0 0 0 0 0 
0 0 0 0 110 0 1 0 0 0 0 0 
0 261 0 0 0 10 0 0 0 0 0 1 
685 0 0 0 0 1 0 0 0 15 0 0 
0 0 122 0 0 0 0 0 0 0 0 0 
0 0 3 0 0 0 0 0 324 0 1 0 
0 0 0 0 0 0 74 260 0 0 0 0 
0 0 0 0 0 0 0 0 0 344 148 0 
0 156 0 0 0 0 0 1 0 0 0 0 
0 3 0 1 2 0 207 0 0 0 0 0 
0 0 0 0 0 1 52 0 0 0 0 0 
0 0 11 0 0 0 56 198 0 0 0 0 
0 0 0 0 0 0 123 0 0 0 0 0 
0 0 89 6 0 0 260 0 2 0 0 0 
0 0 145 0 0 0 0 0 0 0 0 0 
0 49 0 0 0 0 0 0 1 0 0 31 
0 0 0 0 0 45 629 0 0 0 0 0 
78 80 0 0 0 0 9 0 0 0 4 10 
0 0 0 0 0 116 0 0 0 0 0 0 
0 0 0 0 0 0 0 0 0 79 0 0 
0 0 0 0 22 0 0 0 110 0 0 0 
0 0 0 0 0 0 0 0 0 0 16 20 
0 0 0 0 0 0 0 315 0 0 0 0 
0 2 0 0 0 0 0 0 60 0 0 0 
0 0 0 0 0 221 0 0 1 0 1 2 
0 42 303 273 32 0 0 0 0 0 0 0 
0 0 0 0 1 2 0 1 0 155 0 0 
0 3 0 0 0 0 2 0 0 0 202 1 
17 0 0 0 0 0 49 57 0 0 0 0 
0 0 0 0 0 0 23 173 0 0 0 0 
0 4 0 0 0 1 62 1 0 0 0 0 
