0 0 0 0 0 1108 1905 16 0 0 0 1 
0 0 0 108 289 97 0 0 0 0 0 0 
0 0 0 0 25 61 20 0 0 0 0 1 
0 0 1 0 0 279 0 0 0 0 0 0 
0 0 0 0 0 1 407 64 227 0 0 0 
0 12 0 0 0 0 100 0 0 0 0 0 
0 5 0 296 25 0 0 0 0 0 0 2 
0 0 0 0 0 0 0 334 16 0 0 0 
0 0 0 0 234 0 0 0 262 0 0 0 
95 0 0 0 0 5 33 0 0 0 0 16 
0 0 0 0 0 0 233 0 0 0 0 0 
1 0 0 0 0 0 0 0 0 0 0 53 
1 0 233 0 0 8 0 22 0 0 0 0 
0 0 2 0 0 29 93 0 0 0 0 0 
0 0 37 0 0 0 0 35 84 190 0 11 
0 0 125 0 0 16 0 11 4 0 2 0 
0 0 0 0 0 0 0 0 0 0 1 80 
0 0 105 2 0 2 563 0 0 0 0 0 
0 107 0 0 0 0 9 4 0 0 60 0 
0 0 0 0 56 54 0 0 0 0 0 0 
0 0 3 0 0 0 0 0 0 0 76 0 
0 0 0 25 0 0 0 0 112 0 0 0 
0 0 0 0 0 0 0 0 0 0 36 0 
6 0 0 0 7 0 0 105 184 0 0 0 
2 0 1 0 0 0 0 0 4 6 49 0 
0 0 0 0 0 211 0 0 0 0 0 0 
0 0 15 172 460 2 0 0 0 0 1 0 
130 0 4 0 0 10 0 3 1 4 0 1 
4 0 0 0 0 0 0 211 0 0 0 0 
10 0 0 0 0 3 75 0 0 0 0 22 
0 0 0 0 0 0 11 184 0 0 0 0 
0 0 0 0 0 0 51 0 0 0 0 0 
