128 1807 718 0 5 53 62 436 0 8 0 0 
0 0 0 5 246 269 21 0 0 0 0 0 
0 0 0 0 108 0 0 0 0 0 0 0 
0 270 1 0 0 17 0 0 0 0 0 0 
698 2 0 0 0 0 0 0 0 0 0 0 
0 0 109 0 0 0 0 0 0 0 0 0 
0 0 0 1 5 1 0 0 318 1 0 2 
0 0 0 0 0 0 90 274 0 0 0 1 
0 0 1 0 0 0 0 0 0 352 139 0 
0 150 0 0 0 0 0 0 0 0 0 0 
0 0 7 0 0 0 204 0 0 19 0 0 
0 0 0 0 0 0 53 0 0 0 0 0 
0 0 3 0 0 3 73 181 0 4 0 1 
0 0 0 0 0 0 123 0 0 0 0 0 
3 0 12 0 26 0 0 0 0 0 0 324 
0 0 158 0 0 0 0 0 0 0 0 0 
0 56 1 0 0 0 0 2 0 0 1 13 
0 0 0 0 0 42 647 0 0 0 0 0 
77 76 0 0 0 0 3 0 0 0 31 0 
0 0 0 0 0 82 0 0 0 0 0 0 
0 0 1 0 2 0 2 0 0 74 0 0 
0 0 0 0 22 0 2 8 98 0 0 0 
0 0 2 0 0 0 11 161 0 11 4 24 
0 0 0 0 0 0 0 305 0 0 0 0 
0 0 0 0 1 0 0 0 61 0 0 0 
0 0 0 0 0 194 0 0 0 0 0 0 
73 29 0 0 0 30 0 0 0 2 0 1 
0 38 310 262 41 0 1 0 0 0 0 0 
0 0 0 0 0 0 0 2 132 9 0 0 
0 0 0 0 0 0 0 0 0 0 43 0 
