0 0 0 0 0 1041 2068 18 0 3 0 0 
0 0 0 98 289 142 0 0 0 1 0 0 
0 0 0 0 35 56 20 0 0 0 0 0 
0 0 0 0 0 298 0 0 0 0 0 0 
0 0 0 0 0 1 380 10 297 0 3 9 
0 12 0 0 0 0 96 0 0 0 0 0 
0 0 0 299 18 0 0 0 0 0 11 0 
0 2 0 2 0 0 9 304 44 0 0 0 
0 0 0 0 198 0 0 0 294 0 0 0 
0 0 95 0 0 0 9 0 2 4 0 40 
0 0 0 0 0 0 233 0 0 0 0 0 
0 0 0 0 0 0 0 0 0 0 0 53 
0 0 262 0 0 1 0 1 0 0 0 2 
0 0 0 0 0 124 0 0 0 0 0 0 
18 68 0 6 39 0 9 0 178 46 0 1 
8 1 136 0 0 0 2 3 4 5 0 0 
0 0 0 0 0 0 0 0 0 0 0 73 
0 0 57 7 0 5 616 0 0 0 0 1 
0 105 0 0 0 0 0 0 0 0 81 0 
0 0 0 0 40 38 1 0 0 3 0 0 
0 0 0 1 0 0 0 0 0 1 77 0 
0 0 0 26 0 0 0 0 110 0 0 0 
0 0 0 0 0 0 10 194 0 0 9 0 
0 0 1 4 0 13 0 144 147 0 0 0 
0 5 0 0 0 0 0 0 0 0 57 0 
0 0 0 0 0 203 0 0 0 0 0 0 
17 0 0 0 0 0 0 119 0 0 0 0 
0 0 12 147 488 2 1 0 0 0 0 0 
0 18 0 98 16 0 1 0 9 0 2 0 
0 0 0 0 0 0 0 84 0 0 0 0 
0 0 0 0 15 6 6 0 0 1 0 0 
