0 0 0 0 0 1028 2052 12 0 0 0 0 
0 0 0 92 301 99 1 1 0 0 0 0 
0 0 0 0 36 51 23 0 0 1 0 0 
0 0 0 0 0 292 0 0 0 0 0 0 
0 2 4 0 0 0 400 21 269 0 0 0 
0 10 0 0 0 0 102 0 0 0 0 0 
0 0 0 293 30 1 0 0 4 0 0 0 
0 0 0 0 0 0 0 347 6 0 0 0 
0 0 0 0 202 0 0 1 289 0 0 0 
0 0 148 0 0 0 0 0 1 0 0 0 
0 0 0 0 0 0 233 0 0 0 0 0 
0 0 0 0 0 0 1 0 0 0 0 52 
0 0 253 1 0 0 7 2 0 0 0 0 
0 1 0 0 0 13 0 0 0 0 0 111 
0 0 38 2 54 0 0 0 109 3 0 151 
3 0 154 0 0 0 0 1 0 0 0 0 
0 0 0 0 0 0 0 0 0 0 0 81 
1 0 70 0 0 4 601 0 0 1 2 3 
0 123 0 0 0 2 0 0 0 0 61 0 
0 0 0 1 48 61 0 0 0 0 0 0 
0 0 0 5 0 0 0 0 1 0 73 0 
0 0 0 23 0 0 0 0 113 0 0 0 
0 0 0 0 0 0 18 200 0 0 7 0 
0 0 0 5 0 0 0 151 138 0 3 0 
0 0 2 0 0 0 1 0 0 0 59 0 
0 0 0 0 0 200 0 0 0 0 0 0 
14 0 0 0 0 0 0 121 0 0 0 0 
0 0 26 146 470 6 0 0 0 0 2 0 
0 0 12 132 0 0 0 0 0 0 0 1 
0 0 0 0 0 0 0 88 0 0 0 2 
0 0 19 0 33 0 41 0 0 0 0 0 
