0 1950 890 0 0 109 0 31 0 3 13 0 
0 0 1 7 252 236 0 0 0 0 0 0 
0 0 0 0 110 0 0 0 0 0 0 1 
0 264 0 0 0 17 0 0 0 0 0 0 
686 10 4 0 0 0 0 0 0 0 0 0 
0 0 121 0 0 0 0 0 0 0 0 0 
0 0 0 0 0 1 0 0 326 0 0 0 
0 0 0 0 0 0 104 222 0 0 0 0 
0 0 0 0 0 0 0 2 0 347 143 0 
0 157 0 0 0 0 0 0 0 0 1 0 
2 0 3 0 0 0 200 1 0 6 0 0 
0 0 0 0 0 0 53 0 0 0 0 0 
0 0 5 0 0 2 82 172 0 0 1 0 
0 0 0 0 0 0 125 0 0 0 0 0 
2 0 148 0 0 106 0 56 0 35 0 0 
0 0 155 0 0 0 0 0 0 0 0 0 
0 51 0 0 0 0 0 0 0 0 0 30 
0 0 0 2 0 38 635 0 0 0 0 0 
0 119 0 0 0 5 0 4 5 1 5 0 
0 0 0 0 0 116 0 0 0 0 0 0 
0 0 0 0 0 0 0 0 0 79 0 0 
0 0 0 0 17 1 0 0 113 1 0 0 
0 0 0 0 0 0 0 0 0 0 18 28 
0 0 0 0 0 0 0 322 0 0 0 0 
0 0 0 0 0 0 0 0 62 0 0 0 
0 0 0 0 0 172 0 0 0 0 0 0 
0 43 293 282 32 0 0 0 0 0 0 0 
0 0 13 0 0 0 0 0 0 145 1 0 
0 1 0 0 0 0 16 1 2 9 173 0 
38 0 0 0 0 0 50 40 1 0 0 0 
0 0 0 0 1 1 7 184 0 0 0 0 
0 1 0 0 3 0 63 0 0 0 0 1 
11 22 1 0 0 0 0 1 0 0 0 2 
0 0 0 0 0 0 0 0 0 0 55 0 
