0 0 0 0 1 963 2018 11 0 0 0 0 
0 0 0 112 275 101 0 6 0 0 0 0 
0 0 0 0 34 52 24 0 0 0 1 0 
5 0 0 0 0 270 0 0 0 0 0 1 
14 0 0 0 1 0 360 24 302 0 0 0 
0 11 0 0 0 0 110 0 0 0 0 0 
0 0 0 292 28 0 6 0 0 1 0 0 
0 0 0 0 0 0 2 311 0 7 6 0 
0 0 0 0 219 1 0 0 271 0 0 0 
9 0 0 0 0 11 0 8 0 67 57 7 
0 0 0 0 0 0 214 0 0 0 0 0 
0 0 0 0 0 0 0 0 0 0 0 54 
0 5 256 0 0 0 0 2 0 0 0 0 
0 31 2 0 0 91 0 0 0 0 0 0 
1 28 13 0 0 2 0 0 302 0 0 0 
0 6 130 1 0 0 4 0 4 3 1 7 
0 0 0 0 0 0 0 0 0 0 0 81 
9 0 73 0 0 13 564 0 0 0 16 0 
0 131 0 0 0 5 1 2 0 0 0 0 
0 0 0 0 52 65 0 0 0 0 0 0 
0 0 0 0 0 2 0 0 0 0 77 0 
0 0 0 24 0 0 0 0 107 0 0 0 
11 0 0 0 0 0 0 0 0 0 36 0 
0 0 0 0 1 0 0 223 98 0 0 0 
0 0 1 0 0 176 0 0 0 0 0 0 
0 0 22 163 463 3 0 0 0 0 0 0 
148 0 0 0 0 0 10 0 1 0 0 0 
0 0 0 0 0 0 0 199 0 0 0 0 
0 4 0 0 0 0 89 0 2 0 29 4 
0 0 0 0 0 0 9 186 0 1 0 0 
0 0 0 0 0 0 68 0 0 0 0 0 
0 0 0 0 0 0 0 0 0 0 99 0 
0 0 0 0 0 54 0 0 0 1 0 0 
