0 0 0 0 0 1117 1902 12 0 0 0 0 
0 0 0 113 285 74 0 2 1 16 0 3 
0 0 0 0 26 54 27 0 0 0 0 0 
0 0 0 0 0 279 1 0 0 0 0 0 
0 3 0 0 0 1 442 18 233 1 0 1 
0 10 0 0 0 0 101 0 0 0 0 0 
0 0 0 306 24 0 0 0 0 0 2 0 
1 0 0 0 0 0 0 238 92 5 19 0 
0 0 0 3 208 0 0 0 285 0 0 0 
68 0 0 1 0 0 78 0 0 0 0 3 
0 0 0 0 0 0 216 0 0 0 0 0 
0 0 0 0 0 0 0 0 1 0 0 53 
0 2 251 0 0 0 0 8 0 0 0 0 
0 15 7 0 0 0 98 1 0 6 0 0 
2 64 0 51 0 0 0 206 4 26 0 3 
0 0 136 0 22 0 0 0 1 0 0 0 
0 1 0 0 0 0 0 0 0 0 0 80 
0 0 87 1 0 2 587 0 0 0 0 0 
0 133 0 0 0 0 0 0 0 0 48 0 
0 0 0 0 47 61 2 0 0 0 0 0 
0 0 1 0 1 0 0 0 0 0 77 0 
0 0 0 28 0 0 2 0 98 0 0 0 
0 0 0 0 1 0 0 1 0 1 33 0 
0 0 0 0 0 0 4 52 231 0 1 0 
0 2 0 0 0 0 1 0 0 0 59 0 
0 0 0 0 0 211 0 0 0 0 0 0 
0 0 39 173 434 2 0 0 0 0 0 2 
143 1 0 1 0 10 0 0 0 0 3 0 
2 0 0 0 0 0 0 208 0 0 0 0 
0 17 4 0 0 0 51 30 2 1 2 4 
0 0 0 0 0 0 8 194 0 0 0 0 
0 0 0 0 0 0 67 0 0 0 0 0 
