105 2242 538 0 0 114 3 33 4 0 0 0 
0 0 0 5 237 255 0 0 0 0 0 0 
1 0 0 0 106 0 0 1 0 0 0 0 
0 268 0 1 0 9 0 0 0 1 0 0 
693 0 1 0 0 0 0 0 1 0 0 0 
0 0 112 0 0 0 0 0 0 0 0 0 
0 0 0 0 0 0 0 0 320 0 0 8 
0 0 1 0 0 4 78 262 2 0 0 0 
1 0 0 0 0 0 0 0 0 349 142 0 
0 149 0 0 0 0 0 0 1 0 0 0 
0 0 0 0 1 0 232 0 0 0 0 0 
0 0 0 0 0 0 53 0 0 0 0 0 
0 0 8 0 0 0 69 184 0 0 0 0 
0 0 0 0 0 0 125 0 0 0 0 0 
0 0 0 17 0 1 174 0 0 1 0 164 
0 0 158 0 0 0 0 0 0 0 0 0 
0 48 1 0 0 0 0 0 0 0 0 32 
0 0 0 0 0 40 640 0 0 0 0 0 
96 84 0 0 0 0 0 0 0 0 0 0 
0 0 0 0 0 109 0 0 0 0 0 1 
0 2 0 0 4 0 0 0 0 73 0 0 
0 0 0 0 26 0 0 10 98 0 0 3 
0 0 0 0 0 0 0 0 0 0 17 19 
0 0 0 0 0 1 0 302 0 0 0 0 
0 2 0 0 0 0 0 0 60 0 0 0 
0 0 3 0 0 206 0 0 0 2 0 0 
0 41 320 272 17 0 0 0 0 0 0 0 
15 124 0 0 0 0 1 0 13 0 0 0 
0 7 0 0 0 0 0 0 1 0 207 0 
0 1 0 0 0 14 49 33 0 0 0 0 
0 0 0 0 0 0 10 186 0 0 0 0 
8 0 0 22 0 9 15 0 0 1 0 0 
