0 0 0 0 0 1085 1906 21 0 0 1 0 
0 0 0 125 256 114 0 0 0 0 0 0 
0 0 0 0 38 50 23 0 0 0 0 0 
0 0 0 0 0 281 0 0 0 0 0 0 
0 1 0 0 0 0 441 32 226 0 0 0 
0 15 0 0 0 0 106 0 0 0 0 0 
0 0 0 316 15 0 0 0 0 0 0 0 
0 0 0 0 0 0 0 291 46 1 0 7 
0 0 0 0 208 0 0 0 284 0 0 0 
93 0 0 0 0 0 31 24 0 1 0 0 
0 0 0 0 0 0 211 0 0 0 0 0 
0 0 0 0 0 0 0 0 0 0 0 53 
0 0 253 0 0 0 1 10 0 0 1 0 
51 17 1 0 1 38 6 7 0 2 0 0 
0 0 2 11 1 1 0 79 261 0 0 0 
11 6 61 24 0 1 43 0 0 0 0 0 
0 0 0 0 0 0 0 0 0 0 0 81 
0 0 62 0 0 23 588 0 0 0 0 0 
0 151 0 0 0 0 0 0 0 0 31 0 
0 0 0 0 49 59 0 0 0 0 2 0 
3 0 0 0 0 0 0 0 0 0 76 0 
2 0 0 29 0 0 0 0 98 0 0 0 
0 0 0 0 0 0 0 1 0 0 35 0 
0 10 0 4 0 1 1 139 147 0 1 0 
2 0 0 0 0 0 0 0 0 0 60 0 
0 0 0 0 0 222 0 0 0 0 0 0 
0 0 21 168 459 1 0 0 0 0 1 0 
136 8 0 0 15 0 0 0 0 0 0 0 
1 0 0 0 0 0 0 208 0 0 0 0 
1 0 0 0 0 0 121 0 0 0 0 0 
0 0 0 0 0 0 10 186 0 0 0 0 
0 0 0 0 0 0 74 0 0 0 1 0 
