0 0 0 0 0 1127 2011 17 0 0 0 0 
1 0 0 113 308 120 0 0 0 0 0 0 
0 0 0 0 34 54 23 0 0 0 0 0 
0 0 0 1 0 291 0 0 0 0 0 0 
0 0 0 16 0 0 441 21 221 0 0 0 
0 10 0 0 0 0 99 0 0 0 0 0 
0 10 0 280 21 0 0 2 15 0 0 0 
1 0 0 0 0 0 12 334 14 0 0 0 
0 0 0 0 219 0 0 0 272 1 0 0 
0 0 72 0 1 0 2 0 0 0 0 75 
0 0 0 0 0 0 233 0 0 0 0 0 
0 0 0 0 0 0 0 0 0 0 0 53 
0 0 260 0 3 0 0 1 0 0 0 1 
5 0 0 0 0 109 0 3 6 1 0 0 
20 169 0 0 0 0 0 18 137 11 1 9 
0 0 119 5 1 1 0 0 3 0 0 29 
0 0 0 0 0 0 0 0 0 0 0 73 
0 2 116 3 0 8 558 0 0 0 0 0 
0 104 0 0 0 0 0 0 0 0 82 0 
0 0 0 0 47 35 0 0 0 0 0 0 
0 0 0 0 1 0 1 0 1 0 76 0 
0 0 0 19 0 0 0 0 117 0 1 0 
0 0 0 0 0 0 12 195 0 0 7 0 
2 0 0 0 0 0 0 179 124 0 3 0 
0 1 9 0 2 0 0 0 0 0 50 0 
0 0 0 0 0 201 0 0 0 0 0 0 
14 0 0 0 0 0 0 121 0 0 0 0 
0 0 18 183 440 1 0 2 0 2 4 0 
0 0 0 128 0 0 0 0 0 0 0 16 
1 0 0 0 0 0 2 81 0 0 0 0 
