121 1851 771 0 4 69 54 344 1 0 0 0 
0 0 0 5 242 270 24 0 0 0 0 0 
0 0 0 0 108 0 0 0 0 0 0 0 
1 255 0 0 0 21 0 5 1 0 0 2 
700 0 0 0 1 0 0 0 0 0 0 0 
0 0 109 0 0 0 0 0 0 0 0 0 
0 0 0 0 0 0 0 3 320 0 0 0 
0 1 1 0 0 6 77 274 0 2 0 0 
0 0 0 0 0 0 0 0 0 352 140 0 
0 151 0 0 0 0 0 0 0 0 0 0 
0 0 0 0 0 0 230 0 0 0 0 0 
0 0 0 0 0 0 51 0 1 0 0 1 
0 0 6 1 0 0 73 187 0 0 0 0 
0 0 0 0 0 0 125 0 0 0 0 0 
0 1 0 15 0 4 0 0 1 0 0 344 
0 0 158 0 0 0 0 0 0 0 0 0 
0 57 0 0 0 0 0 0 0 0 0 16 
0 0 0 0 0 45 641 0 0 0 0 0 
45 93 0 0 0 0 0 8 0 0 41 0 
0 0 0 0 0 82 0 0 0 0 0 0 
0 0 0 0 0 0 0 0 0 79 0 0 
0 0 0 1 18 0 0 8 103 0 0 0 
0 0 2 0 0 0 6 194 0 0 0 10 
0 0 0 2 1 0 0 305 1 0 0 0 
0 0 0 0 0 0 0 0 62 0 0 0 
0 0 0 0 0 196 0 0 0 2 0 0 
3 57 0 0 1 54 0 0 0 20 0 0 
0 52 302 269 28 0 0 0 0 0 0 0 
0 0 0 0 0 0 0 47 100 0 1 0 
0 0 0 0 0 0 0 0 0 0 43 0 
