0 0 0 0 0 1295 1752 405 0 0 0 0 
0 0 0 86 338 107 0 2 0 0 0 0 
0 0 22 145 456 98 34 0 0 0 0 0 
0 0 0 0 0 366 0 0 0 0 0 0 
0 75 0 2 0 2 424 26 313 0 10 0 
0 10 0 0 0 0 97 0 0 0 0 0 
0 0 0 313 14 0 4 1 0 0 5 0 
0 0 0 0 0 0 0 348 19 0 0 0 
21 0 0 0 182 0 0 61 276 0 0 0 
23 0 0 0 5 29 0 78 3 0 4 3 
0 0 0 0 0 0 226 0 0 0 0 0 
0 0 0 0 0 0 0 0 0 0 0 53 
1 0 240 0 0 0 0 28 0 0 0 0 
0 1 5 0 0 4 75 16 0 0 22 0 
0 0 0 0 0 196 1 7 14 1 4 144 
26 3 126 0 0 0 5 0 0 0 0 0 
0 14 0 0 0 0 0 0 0 0 0 73 
1 0 75 0 0 6 608 0 1 0 0 0 
0 44 0 1 0 0 0 114 0 0 59 0 
0 0 0 0 46 36 0 0 0 0 0 0 
0 0 0 0 0 0 2 0 0 0 77 0 
1 0 0 27 0 0 0 0 87 0 0 0 
0 0 0 0 0 0 0 170 0 0 7 0 
0 0 0 0 0 133 169 7 7 0 0 0 
1 0 0 13 0 0 0 0 22 0 26 0 
