0 0 0 0 1 1107 2000 50 0 0 0 0 
0 0 0 143 261 128 2 0 4 0 1 3 
0 0 0 0 31 61 19 0 0 0 0 0 
0 0 0 0 0 292 0 0 0 0 0 0 
3 1 1 2 0 3 442 38 209 0 0 0 
0 12 0 1 0 0 96 0 0 0 0 0 
0 7 0 287 33 0 0 0 1 0 0 0 
0 5 3 0 1 0 2 330 19 0 0 0 
0 0 0 0 210 0 0 0 282 0 0 0 
0 0 57 0 0 1 0 0 5 0 4 83 
1 0 0 0 0 0 233 0 0 0 0 0 
0 0 0 0 0 0 0 0 0 0 0 53 
0 0 261 0 0 0 0 4 0 0 0 0 
2 0 0 20 0 92 0 0 1 9 0 0 
38 105 0 0 0 0 0 25 197 0 0 0 
0 0 138 0 0 2 11 0 0 8 0 0 
0 0 0 0 0 0 0 0 0 0 0 73 
0 4 127 1 0 8 545 0 0 0 0 0 
0 111 0 0 1 0 0 0 0 0 74 0 
0 0 0 0 41 40 0 0 0 0 1 0 
0 0 0 0 0 1 0 0 1 0 77 0 
0 0 0 27 0 0 0 0 110 0 0 0 
0 0 0 0 0 0 11 195 0 0 6 1 
0 3 0 0 0 1 0 143 158 4 0 0 
0 0 0 3 0 0 0 0 0 0 59 0 
0 0 0 0 0 201 0 0 0 0 0 0 
13 0 0 0 0 0 0 122 0 0 0 0 
0 0 32 150 463 5 0 0 0 0 0 0 
0 0 0 127 0 1 0 0 0 0 0 16 
0 0 0 0 0 0 0 82 0 0 0 0 
