115 1848 488 0 0 249 67 393 0 0 2 1 
0 0 0 9 235 262 32 0 0 0 0 0 
0 0 0 0 111 0 0 0 0 0 0 0 
1 279 0 0 0 10 0 0 3 0 0 0 
698 0 2 0 0 0 0 0 0 0 0 0 
0 0 108 0 0 0 0 0 0 0 0 0 
13 0 0 0 0 0 20 0 295 0 0 0 
0 1 4 0 0 0 93 266 0 0 0 0 
0 0 0 0 0 0 0 0 0 355 137 0 
0 149 0 0 0 0 0 0 0 1 0 0 
0 0 0 0 4 0 225 3 1 0 0 0 
0 1 0 0 0 0 52 0 0 0 0 0 
0 0 11 0 0 0 65 189 0 0 0 0 
0 0 0 0 0 0 125 0 0 0 0 0 
0 0 12 0 0 1 0 0 0 0 4 348 
0 0 159 0 0 0 0 0 0 0 0 0 
0 57 0 0 0 0 0 0 0 0 0 16 
0 0 0 0 0 45 641 0 0 0 0 0 
58 46 0 0 1 0 0 7 0 2 72 0 
0 0 0 0 0 86 0 0 0 0 0 0 
0 0 1 0 0 0 0 0 0 78 0 0 
0 0 0 0 21 0 0 11 105 0 0 0 
0 0 0 3 0 2 1 190 0 0 0 17 
1 0 0 0 1 0 0 299 0 0 0 0 
0 0 0 0 0 0 0 0 62 0 0 0 
0 0 0 0 0 198 0 0 2 0 0 0 
0 98 0 0 31 0 1 0 0 4 0 2 
2 42 329 250 28 0 0 0 0 0 0 0 
0 0 0 0 25 0 0 83 0 0 36 0 
1 3 2 0 0 0 0 0 0 0 72 0 
