0 2164 699 1 4 72 0 47 1 0 0 0 
0 0 0 7 241 249 0 0 0 0 0 0 
0 0 0 0 110 0 0 0 0 1 0 0 
0 268 0 0 0 12 0 0 0 0 0 0 
685 0 0 0 0 0 9 2 1 0 0 3 
0 0 120 0 0 0 0 0 0 0 0 0 
0 0 0 0 0 0 0 0 327 0 0 0 
0 0 0 0 0 0 90 236 0 0 0 0 
0 0 0 0 0 0 0 0 0 359 132 0 
0 155 0 0 0 1 1 0 0 0 0 0 
0 0 0 0 0 0 214 0 0 0 0 0 
0 0 0 0 0 0 53 0 0 0 0 0 
0 0 3 0 0 0 58 202 0 0 0 0 
0 0 0 0 0 0 124 0 0 0 0 0 
0 9 57 0 1 194 0 37 0 49 0 0 
0 0 157 0 0 0 0 0 0 0 0 0 
0 43 0 0 0 0 0 0 0 0 2 36 
0 0 0 0 0 39 637 0 0 0 0 0 
11 126 0 0 0 0 0 0 2 0 0 0 
0 0 0 0 0 115 0 0 0 0 0 0 
0 0 1 0 0 0 0 0 1 77 0 0 
0 0 0 0 22 0 1 0 107 1 1 0 
0 0 0 0 0 0 0 0 1 0 30 15 
0 0 1 0 0 0 0 321 0 0 0 0 
0 0 0 0 0 179 0 0 0 0 0 0 
0 46 321 253 31 0 0 0 0 0 0 0 
0 1 24 0 0 0 0 0 0 107 27 0 
0 2 0 0 0 0 0 0 0 0 197 0 
47 0 0 0 0 0 39 39 0 0 0 0 
0 0 0 0 0 0 27 172 0 0 0 0 
0 0 0 0 0 0 68 0 0 0 0 0 
0 0 0 0 0 1 0 0 98 0 0 0 
0 0 0 0 0 0 3 4 0 8 40 0 
