0 0 0 0 2 1078 1907 10 0 0 0 0 
0 0 0 112 284 95 0 0 0 4 0 0 
0 0 0 0 35 50 26 0 0 0 0 0 
0 0 0 0 0 273 0 0 0 0 0 0 
7 2 0 0 0 0 388 27 276 0 0 0 
0 11 0 0 0 0 109 0 0 0 0 0 
0 0 0 298 29 0 0 0 0 0 0 0 
0 0 0 0 0 11 0 315 0 0 0 0 
0 0 0 0 205 0 0 0 286 0 0 0 
22 0 0 0 0 0 8 0 0 33 95 0 
0 0 0 1 0 1 211 1 0 0 0 0 
0 0 0 0 0 0 0 0 1 0 0 52 
0 0 259 0 1 0 0 3 0 0 0 0 
0 63 0 0 0 60 0 0 0 0 1 0 
0 12 22 0 0 11 0 0 296 0 4 0 
0 0 154 0 0 0 3 0 0 0 0 0 
0 0 0 0 0 0 0 0 0 0 0 81 
19 0 104 0 0 2 534 0 0 0 16 0 
0 139 0 0 0 0 0 0 0 0 0 0 
0 0 0 0 58 59 0 0 0 0 0 0 
0 0 0 0 0 0 0 5 0 0 74 0 
0 0 0 33 0 1 2 0 96 0 0 0 
2 0 0 0 0 0 0 0 0 0 43 1 
3 4 0 0 0 0 0 157 157 1 0 0 
0 0 0 0 1 177 0 0 0 0 0 0 
0 0 18 175 448 7 0 0 0 0 3 0 
153 0 0 3 0 3 0 0 0 0 0 0 
0 0 0 0 0 0 0 199 0 0 0 0 
0 0 4 0 0 0 104 12 0 1 0 8 
0 0 0 0 0 0 13 183 0 0 0 0 
0 0 0 0 0 0 68 0 0 0 0 0 
0 0 0 0 0 0 0 1 3 0 95 0 
0 0 0 0 0 55 0 0 0 0 0 0 
