0 0 0 0 0 971 2043 6 0 1 0 4 
0 0 0 107 287 101 0 0 0 0 0 0 
0 0 0 2 30 52 24 0 0 0 0 3 
0 0 0 0 0 280 0 0 0 0 0 0 
0 0 0 0 0 0 449 14 239 0 0 0 
0 10 0 0 0 0 96 0 0 0 0 0 
0 0 0 317 13 0 2 0 0 0 0 0 
0 0 0 0 0 0 0 204 138 8 2 0 
0 0 0 0 214 0 0 0 278 0 0 0 
147 0 0 0 3 0 0 0 0 0 0 0 
0 0 0 0 0 0 205 0 0 0 0 0 
0 0 0 0 0 0 0 0 0 0 0 53 
9 0 240 0 0 4 3 7 0 0 0 0 
0 21 0 0 0 1 58 0 0 0 0 44 
0 0 24 3 0 0 0 328 0 0 0 0 
11 21 81 4 0 44 0 0 0 0 0 0 
0 0 0 0 0 0 0 0 0 0 0 81 
0 0 61 0 0 11 610 0 0 0 0 0 
0 147 0 0 0 1 0 0 0 0 33 0 
0 0 0 0 46 64 0 0 0 0 0 0 
0 0 0 0 0 0 0 0 0 0 79 0 
0 0 0 27 0 0 0 0 101 0 0 0 
0 0 0 3 0 0 0 0 0 0 33 0 
0 0 0 0 0 0 15 143 136 1 0 3 
0 0 0 0 0 0 0 0 1 0 53 8 
0 0 0 0 0 210 0 0 0 0 0 0 
1 0 16 153 477 3 0 0 0 0 0 0 
144 0 0 0 0 1 0 12 0 0 2 0 
1 0 0 0 0 0 0 207 0 0 0 0 
0 0 3 0 0 8 99 0 0 0 11 0 
0 0 0 1 0 0 9 185 0 0 0 0 
0 0 0 0 0 0 73 0 0 0 0 0 
