78 0 0 0 0 241 3934 0 
1 2683 1385 1697 2188 331 9 0 
6615 274 0 0 0 0 49 0 
1087 705 0 0 0 8 4 3259 
0 0 0 0 0 0 4435 0 
0 1 0 0 0 0 521 0 
0 0 0 0 0 5683 0 0 
14 0 0 681 42 54 0 0 
4 0 0 0 0 62 2490 0 
0 0 0 0 0 5553 11 0 
0 0 0 0 0 4026 0 0 
0 0 0 1433 0 35 758 12 
0 0 0 0 0 2 5079 0 
0 0 0 0 0 20 1899 0 
0 0 0 0 0 1338 0 0 
79 2412 0 0 0 30 0 0 
66 0 19 1943 3 0 16 7 
0 0 0 0 0 113 4620 0 
1 223 2528 817 1 15 62 0 
1 0 0 1 0 0 1 619 
76 2 0 197 0 0 0 0 
2 0 684 3 85 53 335 14 
1 0 0 0 0 0 0 850 
2 0 0 0 0 50 1434 0 
1 0 0 2 0 672 3 0 
0 0 0 86 0 0 420 0 
0 0 0 0 0 1469 0 0 
0 0 0 0 0 0 1659 0 
247 0 471 259 0 1070 0 0 
0 0 2 670 0 0 0 0 
0 0 0 0 0 1322 129 1630 
0 396 1299 57 0 0 1 0 
0 1 0 0 0 1818 8 740 
0 912 0 1 10 0 0 0 
1 0 0 0 0 0 388 0 
1 0 0 0 0 0 291 0 
0 0 0 0 0 603 0 0 
459 0 0 1 0 0 0 1 
0 0 0 1469 2 0 0 0 
1 6 1917 878 30 240 2012 38 
0 0 0 0 0 0 696 0 
0 187 0 0 0 0 1 1 
0 0 0 0 2 818 0 0 
187 2 29 0 0 96 1 0 
0 0 0 0 0 0 1789 0 
0 0 0 19 0 38 1327 0 
