59 0 0 35 0 238 5285 0 
0 2850 1373 1518 2340 246 18 0 
6557 335 0 0 0 1 20 0 
963 789 7 1 0 0 15 3289 
0 0 0 0 0 0 4784 0 
0 35 0 0 127 6 171 75 
0 0 0 0 0 5661 0 0 
7 102 0 643 4 15 7 16 
18 0 24 0 1 0 2517 16 
0 0 0 0 0 5539 8 0 
0 0 0 0 0 4037 0 0 
0 3 0 1314 0 4 762 16 
0 0 1 0 1 1 5120 0 
1 0 5 1 1 37 1874 0 
0 0 0 0 0 1171 0 0 
86 2403 0 0 3 16 18 9 
12 0 6 2021 0 0 14 0 
0 0 0 0 0 105 4616 0 
1 355 2328 885 0 51 29 0 
0 0 0 3 0 2 55 612 
0 0 0 256 10 9 1 0 
0 173 351 0 0 0 633 4 
2 0 2 0 0 0 10 837 
0 0 0 0 0 56 1428 0 
0 0 0 0 0 679 2 0 
0 5 4 324 168 0 140 1 
0 0 0 0 0 1453 0 0 
0 0 0 0 0 0 1725 0 
280 12 397 91 69 1020 80 92 
0 0 0 654 1 0 17 0 
0 0 52 280 0 1537 15 1196 
0 473 1235 47 0 1 0 5 
0 0 0 0 0 1884 20 832 
0 902 2 0 0 15 0 2 
0 0 0 0 0 0 403 0 
0 0 0 0 0 0 279 1 
0 0 0 0 0 601 0 0 
452 0 0 0 0 0 0 0 
0 0 0 1456 0 0 0 0 
0 64 1701 769 261 539 1742 64 
0 0 0 0 0 0 669 0 
2 192 1 0 0 0 0 0 
0 3 0 4 0 809 1 4 
9 0 0 7 0 292 15 1 
0 0 0 0 0 0 1433 0 
