187 0 0 1313 159 2627 1 0 
0 2 39 566 7556 126 0 0 
6920 0 0 3 0 1 10 0 
0 0 0 0 0 0 4122 36 
0 2 4 0 2 137 5 4299 
0 12 2 10 1 19 303 0 
2 0 0 4 5676 5 0 0 
340 62 0 0 0 387 0 0 
0 1 0 0 0 0 2541 2 
0 0 0 0 5572 5 0 1 
1431 313 0 720 1056 17 490 0 
0 0 0 0 0 0 2239 0 
0 63 0 159 125 3273 1466 0 
1860 1 0 0 0 0 49 0 
116 6 13 21 5 112 555 515 
86 1313 0 1 384 157 586 0 
0 0 0 0 0 2057 0 0 
0 0 0 0 4698 0 2 0 
0 2733 0 305 36 143 412 10 
0 0 0 0 0 0 624 0 
42 0 0 7 4 0 217 0 
0 0 0 0 0 0 1208 0 
0 1 0 0 70 1383 12 0 
0 4 0 666 0 4 0 1 
0 2 0 0 0 0 552 0 
0 0 0 1 0 1470 1 0 
0 10 0 0 6 6 1571 0 
0 0 0 0 0 2035 0 0 
0 0 0 0 0 672 0 0 
0 0 671 0 0 1391 521 460 
2 1160 68 519 2 0 0 2 
0 0 0 0 1 563 0 2010 
4 137 75 6 26 514 162 0 
400 0 0 0 0 0 0 0 
0 547 2 0 0 0 54 0 
0 3 0 0 0 0 0 458 
0 0 357 1073 0 43 0 0 
0 1 0 0 0 0 5115 0 
0 0 0 0 0 0 504 185 
0 186 0 0 2 0 1 0 
0 0 0 0 0 826 0 0 
30 26 83 5 0 0 55 116 
0 0 1 0 0 0 2 1778 
17 0 0 1152 21 145 0 48 
0 0 0 0 0 0 9 1769 
0 0 0 0 0 0 485 0 
