18315 144 0 163 0 5 1 0 0 250 
606 0 309 105 8586 1965 2 0 1 0 
0 0 1 0 0 1 6176 236 263 0 
5 6484 0 0 0 0 0 0 0 0 
4964 0 1 0 1 1 21 0 0 773 
4624 0 0 0 32 2366 29 0 316 0 
7950 0 0 0 0 0 0 1 0 0 
0 0 216 699 0 0 0 5 0 0 
0 0 137 1571 585 0 0 0 0 0 
0 2849 0 32 0 5 0 0 0 0 
1 283 0 0 0 326 0 0 0 0 
847 0 0 0 6 11 0 1 10 0 
56 0 0 0 13 1344 0 0 0 0 
0 0 0 0 143 816 293 0 0 0 
0 0 0 0 0 0 413 0 0 0 
1077 0 6 0 0 228 318 0 1585 0 
1 471 0 4 0 0 0 1 2 0 
0 0 0 6 180 1025 683 0 0 0 
2007 0 0 0 0 0 1 0 0 0 
0 0 12 0 0 565 366 0 0 0 
3 0 0 0 0 0 713 0 0 0 
0 0 0 7 454 0 0 0 0 0 
0 0 0 4762 62 2 0 0 2 0 
0 0 0 0 0 752 1 0 0 0 
5 0 0 0 0 3 0 0 272 0 
0 0 0 0 0 0 0 0 244 0 
0 49 8 0 43 1992 52 0 0 20 
1662 0 0 0 0 0 2 0 0 0 
702 0 0 0 0 1 0 0 0 0 
77 0 0 1677 0 2 0 0 0 0 
0 0 0 0 0 0 278 0 0 0 
7 0 234 0 0 0 0 0 10 0 
0 0 0 0 508 34 0 0 3 0 
