6156 0 84 144 1234 4335 6940 0 44 0 
11810 141 11 0 28 59 0 2 0 0 
16 0 1 0 0 1 6530 114 22 0 
28 4400 213 0 0 1859 0 0 1 0 
435 0 0 0 0 0 0 23 1922 3360 
7393 0 0 0 0 0 0 0 0 0 
13 0 0 0 0 0 7952 2 1 0 
0 0 36 0 7 0 0 6 865 0 
0 0 0 539 1058 869 0 0 0 0 
0 0 0 0 7 2869 0 0 0 0 
0 654 0 0 0 0 0 0 0 0 
0 0 0 0 0 847 0 0 0 0 
1382 0 0 0 0 0 0 0 0 0 
38 93 0 5 183 894 12 0 12 0 
0 0 1 0 0 390 23 0 0 0 
3197 1 0 0 0 0 0 0 0 15 
0 0 0 0 480 0 0 0 0 0 
0 0 0 1404 254 286 50 0 0 0 
1928 0 88 0 0 0 26 0 0 0 
0 0 158 5 2 181 609 0 0 0 
717 0 0 0 0 0 0 0 0 0 
2 0 314 4 0 0 0 0 0 0 
1 0 0 131 4261 378 0 0 0 0 
1 0 2 83 57 597 8 6 0 0 
3 0 0 0 0 0 0 0 277 0 
0 0 0 0 0 0 0 3 240 0 
2 0 0 0 25 2128 8 0 0 0 
0 0 0 1637 0 0 0 3 0 21 
1 0 0 0 1 0 29 653 0 0 
0 0 0 1647 17 0 0 0 0 1 
0 0 0 0 0 0 0 0 278 0 
0 0 230 20 5 1 0 0 0 0 
