18207 215 0 105 2 0 1 0 0 337 
642 0 355 89 9026 1919 40 0 0 0 
1 0 2 0 2 0 6053 293 315 0 
3 6510 0 0 0 0 0 1 0 1 
4834 0 4 2 0 0 6 0 2 894 
4603 0 0 0 31 2317 51 0 358 5 
8051 0 0 0 0 0 0 1 0 0 
0 0 282 635 0 0 0 3 0 0 
0 0 141 1666 658 0 0 0 0 1 
0 2765 0 70 0 16 0 0 2 0 
0 229 0 0 140 287 0 0 0 0 
835 2 0 0 7 0 0 0 3 0 
53 3 0 1 1 1311 0 1 0 0 
0 0 0 0 134 792 307 0 0 0 
0 0 0 2 1 4 406 0 0 0 
1393 1 0 0 0 150 362 0 1355 0 
2 464 0 5 0 0 0 6 0 0 
0 0 0 9 315 994 661 0 0 0 
2058 0 0 0 0 0 0 0 0 0 
0 0 11 0 0 559 404 2 0 0 
3 0 0 0 0 0 714 0 0 0 
0 0 0 0 301 1 0 2 0 0 
0 0 0 4670 100 0 0 0 0 0 
0 0 0 0 0 773 0 0 0 0 
1 0 0 0 0 0 1 0 279 0 
0 0 0 0 0 0 0 0 243 0 
0 0 0 0 0 2082 81 0 0 0 
1655 0 0 0 0 0 0 0 0 0 
653 0 0 8 0 0 0 1 0 0 
61 0 7 1461 0 103 0 24 0 0 
0 0 0 0 0 0 278 0 0 0 
0 0 248 0 0 2 1 0 0 0 
