5947 0 70 139 1004 4230 7296 0 0 0 
11476 9 2 0 46 1 4 2 3 0 
20 1 0 0 0 3 4516 47 2 0 
42 4362 101 0 25 1963 0 0 0 0 
1220 4 0 0 6 0 0 46 2384 1693 
7337 0 0 0 0 0 0 0 0 0 
2 0 0 0 0 0 7794 0 1 4 
0 1 49 0 0 0 0 0 848 0 
0 0 0 89 1180 973 0 0 0 0 
1 0 0 0 8 2914 0 0 0 0 
0 615 0 0 0 0 0 0 0 0 
0 0 0 0 2 856 0 0 0 0 
1440 0 0 0 0 0 0 0 0 0 
5 0 0 8 0 1217 0 15 0 2 
0 0 0 0 1 365 36 0 6 0 
3231 0 0 0 0 0 0 0 1 5 
0 0 0 0 480 0 0 0 0 0 
2 3 0 1381 84 149 185 0 10 0 
1933 0 40 0 2 0 1 2 4 0 
0 1 116 3 0 227 629 0 0 1 
714 0 2 0 1 0 0 0 0 0 
0 0 0 690 88 1 0 3 0 0 
0 0 0 189 4143 318 0 0 0 0 
0 0 0 94 66 581 0 0 0 0 
0 0 2 0 79 0 9 0 189 0 
0 0 0 0 0 0 0 0 243 0 
5 0 0 0 26 2151 13 0 0 0 
0 0 0 1671 0 0 0 0 0 12 
0 0 0 0 0 3 2 699 39 0 
0 0 0 1809 3 1 0 0 0 0 
0 0 0 0 0 0 1 0 277 0 
0 0 254 7 0 0 0 2 0 0 
0 523 3 0 5 23 0 3 1 0 
0 119 111 0 0 1 17 0 0 0 
0 0 0 0 0 0 0 0 0 360 
0 0 12 0 0 2 1709 4 1 0 
102 5 0 44 51 0 123 11 0 0 
