19476 287 0 123 1 6 2 0 0 360 
707 0 381 138 8990 1844 66 0 0 0 
1 0 1 1 0 0 6019 274 352 0 
1 6525 0 0 0 0 0 1 3 0 
5159 0 0 0 1 0 3 0 0 680 
4678 3 0 0 21 2331 70 0 278 0 
8120 0 0 0 0 0 0 0 0 0 
4 0 128 791 0 0 0 0 0 0 
0 1 142 1661 703 0 0 0 1 1 
0 2746 4 27 0 34 1 2 12 2 
0 217 0 0 130 293 0 0 0 0 
825 0 0 9 0 0 0 0 7 0 
49 1 0 0 5 1318 0 0 0 0 
0 0 6 0 108 819 311 1 0 0 
0 1 0 0 0 0 407 0 0 0 
1330 0 0 0 0 239 438 0 1241 0 
0 484 0 0 0 0 0 0 0 1 
0 0 1 9 343 984 666 0 0 0 
2067 0 0 0 0 0 0 0 0 0 
0 0 0 0 0 579 383 1 0 0 
3 0 0 0 0 0 996 0 0 0 
0 0 119 0 438 0 0 0 0 0 
0 0 0 4711 100 0 0 0 0 0 
0 0 0 0 0 746 1 0 0 0 
1 0 0 0 0 0 0 0 280 0 
0 0 1 0 0 0 0 0 242 0 
0 123 0 0 2 1825 218 0 0 8 
1809 0 0 0 0 4 0 0 0 0 
31 0 0 0 0 0 370 0 57 19 
