18105 145 0 123 0 0 3 0 7 282 
599 0 372 89 8544 1948 15 0 1 0 
0 0 0 0 2 1 3786 423 464 0 
2 6495 0 0 0 0 0 0 0 0 
4584 1 0 0 0 0 27 0 0 742 
4506 0 0 0 19 2457 50 0 335 0 
7876 0 0 0 0 0 2 0 0 0 
0 2 163 745 0 0 0 0 0 0 
0 0 155 1797 265 0 0 6 0 0 
0 2927 0 6 1 6 0 0 0 0 
0 236 0 0 0 368 0 1 0 0 
850 7 2 0 5 1 0 0 0 0 
57 0 6 2 4 1372 0 0 0 0 
0 0 0 0 116 852 274 0 0 0 
0 0 0 0 0 0 417 0 0 0 
1090 0 0 0 0 280 445 0 1403 0 
0 476 0 0 1 0 0 0 3 0 
0 0 0 9 9 1088 714 0 0 0 
1962 1 0 0 0 0 0 0 0 0 
0 0 13 0 0 555 403 0 0 0 
3 0 0 0 0 0 717 0 0 0 
1 0 0 10 759 3 0 0 0 0 
0 0 0 4634 16 0 0 0 0 0 
0 0 0 0 0 737 1 0 0 2 
1 0 0 0 1 0 1 0 276 0 
0 0 0 0 0 0 0 0 244 0 
1 70 0 0 0 2059 37 0 0 9 
1659 4 0 0 0 0 0 1 0 0 
706 0 0 0 0 0 0 5 11 0 
25 0 0 1650 0 83 7 41 0 0 
0 0 0 0 0 0 278 0 0 0 
0 0 252 0 0 0 0 4 0 0 
0 1 0 0 543 11 0 0 0 0 
0 0 0 0 5 1 4 2 0 230 
0 7 0 0 0 3 16 0 0 332 
0 0 0 0 0 0 1654 0 0 0 
0 21 2 0 0 0 250 0 1 49 
