5857 0 45 233 946 4149 7596 2 31 3 
11498 11 2 29 28 1 0 8 8 0 
8 0 0 1 0 18 6551 86 5 3 
14 4403 160 0 0 1911 0 0 0 0 
498 0 0 0 0 0 0 30 2138 3091 
7349 4 1 0 1 0 0 0 0 0 
4 0 0 0 0 3 7941 0 0 0 
0 0 122 14 0 0 0 0 784 0 
0 0 0 189 1146 949 0 1 0 0 
0 0 0 0 6 2890 0 0 0 0 
0 602 0 1 0 0 0 0 5 2 
0 0 0 0 1 876 0 0 0 0 
1411 0 0 0 0 0 0 0 0 0 
61 0 0 0 4 1184 0 0 0 0 
0 0 0 0 0 381 32 0 0 0 
3229 0 0 5 0 0 0 0 0 3 
0 0 0 0 477 0 0 0 0 0 
0 0 1 1376 121 270 115 0 0 0 
1949 0 48 0 0 0 0 0 6 0 
0 0 79 4 0 54 808 0 0 0 
715 0 1 0 0 0 0 0 0 0 
0 0 0 454 26 0 1 9 0 0 
0 0 0 188 4285 333 0 0 0 0 
0 6 0 86 74 595 1 0 0 0 
0 0 33 0 20 0 0 6 221 0 
0 0 0 0 1 0 0 0 243 0 
1 1 0 0 30 2125 6 0 0 0 
0 0 0 1653 2 0 0 0 5 1 
0 4 0 0 0 0 9 695 0 0 
1 0 0 1759 1 3 0 0 0 0 
0 0 0 0 0 0 0 0 277 1 
0 0 217 34 0 0 0 0 0 0 
0 516 5 0 0 23 0 0 0 0 
