4948 2172 2217 2393 2281 2219 2213 2277 2205 2264 
1211 1028 1214 1090 2227 1355 1076 1032 1079 1058 
520 559 519 533 495 527 2287 633 740 523 
415 3079 411 426 426 393 388 397 404 382 
1182 527 475 490 519 500 510 485 457 681 
1263 649 625 680 669 1057 651 687 857 660 
3687 559 512 474 533 531 538 488 522 501 
76 79 113 210 69 79 74 66 76 75 
272 286 357 2632 610 315 255 280 287 296 
295 324 272 315 272 292 293 291 285 294 
54 108 40 55 94 122 38 43 47 46 
177 84 71 56 60 79 81 90 173 78 
166 73 98 87 89 367 90 94 97 69 
75 83 66 67 128 495 229 65 76 71 
24 22 23 14 23 26 234 24 21 21 
346 278 276 271 267 340 283 313 316 294 
44 84 59 50 51 42 52 40 50 52 
110 89 111 107 241 867 449 122 118 97 
1447 75 86 85 65 71 83 66 83 65 
82 74 92 259 82 345 66 77 87 95 
24 18 16 20 26 423 238 18 26 12 
4 1 3 2 2 1 855 1 4 4 
