19520 267 0 98 4 11 3 0 0 327 
854 0 458 127 8921 1815 26 0 0 0 
0 0 0 0 0 0 6470 272 313 0 
1 6537 0 0 0 0 0 0 0 0 
5031 0 0 0 0 0 32 0 0 806 
4549 0 1 0 8 2413 79 0 346 0 
8165 0 0 0 0 1 0 0 0 0 
0 0 245 675 2 0 0 0 3 0 
0 0 127 1761 686 0 0 0 0 0 
0 2294 0 66 0 493 0 0 0 0 
0 245 0 0 162 219 0 0 0 3 
834 0 0 4 0 2 0 1 0 0 
54 0 0 0 1 1308 0 0 0 0 
0 2 0 0 104 815 324 0 0 0 
0 0 2 0 0 0 422 0 0 0 
1259 3 0 1 0 50 395 8 1494 0 
0 478 2 0 0 0 0 0 0 1 
0 0 1 8 312 1069 596 0 0 0 
2051 0 1 1 0 0 0 0 0 0 
0 0 0 0 1 569 432 0 0 0 
3 0 0 0 0 0 996 0 0 0 
0 0 131 0 423 0 0 0 0 0 
0 0 0 4643 115 1 0 0 1 0 
0 0 0 0 0 747 2 0 0 0 
2 0 0 0 0 0 0 0 278 0 
0 0 0 0 0 0 0 0 243 0 
58 548 0 47 9 914 8 146 0 358 
1821 0 0 0 0 0 5 0 0 0 
