6026 0 41 127 1105 4289 6973 1 56 0 
11498 2 10 11 34 0 4 7 0 0 
19 0 0 0 1 13 6584 42 15 0 
15 4391 131 0 0 1949 5 0 3 13 
451 0 0 0 0 0 0 15 2123 3133 
7371 0 0 0 0 0 4 0 0 0 
3 0 0 0 0 4 7976 0 0 0 
0 0 0 0 0 0 0 0 915 0 
0 0 0 133 1260 846 0 0 0 0 
0 0 0 0 5 2898 1 0 0 0 
0 603 2 0 3 0 0 0 0 0 
0 0 0 0 2 866 0 0 0 0 
1418 0 0 0 0 0 0 0 0 0 
125 0 0 0 0 1054 59 5 3 0 
0 0 0 0 0 366 47 0 1 0 
3215 0 5 0 0 0 0 0 0 7 
0 0 0 0 478 0 1 0 0 0 
0 0 0 1447 34 271 89 0 11 0 
1949 3 53 0 0 0 0 0 1 6 
5 0 124 2 0 171 647 0 0 0 
716 0 0 0 0 2 1 0 0 0 
0 0 0 565 40 1 2 0 0 0 
0 1 0 195 4240 359 0 0 0 0 
0 0 0 65 72 598 0 0 0 0 
8 0 2 0 4 0 0 1 265 0 
0 0 0 1 0 0 0 0 243 0 
2 0 0 0 30 2109 3 0 0 1 
0 0 0 1658 0 0 0 0 0 0 
0 3 0 1 0 0 3 707 0 0 
0 0 0 1743 28 0 0 0 0 0 
0 0 0 0 1 0 0 0 277 0 
0 2 234 20 0 0 0 0 1 0 
0 525 0 0 3 22 0 0 0 0 
12 1 0 4 83 66 28 3 13 0 
