19619 222 0 133 12 21 2 1 0 286 
562 0 382 90 9113 2016 25 0 0 1 
1 0 0 0 0 0 6450 294 297 0 
2 6568 0 0 0 0 0 0 0 0 
5085 0 0 0 0 0 34 0 0 731 
4480 1 0 0 25 2470 55 0 379 0 
8137 0 0 0 2 4 0 0 0 0 
0 0 231 695 0 0 0 0 2 0 
0 0 130 1752 708 2 0 0 0 0 
1 1913 2 45 4 871 0 52 0 0 
0 241 0 0 133 255 0 0 0 0 
820 8 4 0 1 0 0 2 7 0 
66 0 0 0 12 1229 0 0 0 0 
0 0 0 0 153 824 273 0 0 0 
2 0 0 0 0 0 426 0 0 0 
1397 0 0 2 0 245 165 0 1421 0 
0 465 0 0 0 0 8 0 0 9 
0 0 0 7 334 995 663 0 0 0 
2087 0 0 0 0 0 0 0 0 0 
0 0 0 0 0 566 435 0 0 0 
3 0 0 0 0 0 997 0 0 0 
0 0 108 9 429 0 0 1 0 2 
1 0 0 4643 90 0 0 0 0 0 
0 0 0 0 0 739 2 0 0 0 
2 1 0 0 0 0 0 0 277 0 
0 0 0 0 0 0 0 0 243 0 
200 295 2 0 52 1006 22 70 1 357 
1812 0 8 0 4 0 1 0 0 0 
