18128 129 0 65 0 0 16 6 0 316 
612 3 354 90 8642 1819 22 4 6 11 
0 0 0 0 1 0 4165 463 465 0 
2 6489 1 0 0 0 0 0 0 0 
4585 2 0 0 0 1 19 0 0 782 
4454 0 0 0 19 2534 34 0 271 0 
7867 0 0 0 0 0 0 0 0 0 
0 1 156 760 0 0 0 0 0 1 
0 0 167 1748 284 0 0 0 0 0 
0 2854 3 11 16 26 0 15 0 4 
0 257 0 0 0 351 0 0 0 0 
829 0 0 6 3 17 0 1 11 1 
68 0 6 0 5 1350 0 0 4 1 
0 0 2 0 116 811 302 0 0 0 
0 0 0 0 0 0 411 1 0 0 
1243 0 0 0 56 286 387 0 1273 0 
13 466 0 0 0 1 0 0 0 0 
0 0 0 4 10 1108 721 0 0 0 
1991 0 0 0 1 0 0 0 0 0 
0 1 14 0 0 572 383 1 0 0 
3 0 0 0 0 0 718 0 0 0 
0 0 0 9 758 0 0 0 0 0 
0 0 0 4637 32 0 0 0 0 0 
0 0 0 0 0 732 3 0 0 0 
1 0 0 0 0 0 0 0 278 0 
0 0 0 0 1 0 0 0 242 0 
45 8 0 0 0 2091 30 0 0 0 
1657 0 0 0 0 0 0 0 0 0 
706 0 0 0 8 0 0 0 0 9 
24 4 0 1764 0 15 0 0 0 0 
0 0 0 0 0 0 278 0 0 0 
0 1 256 0 0 0 0 0 0 0 
0 0 0 0 526 27 0 0 0 0 
81 16 0 0 122 0 29 0 0 0 
0 1 0 16 0 48 0 3 0 287 
0 0 0 0 0 0 1567 0 0 0 
