19570 229 2 101 7 2 2 0 0 349 
755 0 428 130 8818 1948 45 0 0 4 
0 0 0 0 0 0 6083 219 346 1 
4 6520 0 0 0 0 0 0 1 0 
5105 0 0 0 0 0 24 0 0 713 
4502 0 0 0 15 2568 69 0 262 2 
8118 0 0 0 0 0 0 0 0 0 
3 0 228 687 3 0 0 0 2 0 
0 0 165 1672 664 0 0 0 8 0 
0 2706 8 58 0 53 1 0 0 0 
0 177 0 0 175 288 0 0 0 0 
837 0 0 2 0 0 0 0 0 0 
51 1 0 0 5 1315 3 1 0 0 
1 0 0 0 108 833 303 0 0 0 
0 1 0 0 0 0 420 0 0 0 
1417 2 18 0 0 164 360 0 1253 0 
0 483 0 2 0 0 0 0 0 0 
0 0 0 20 321 1025 631 0 0 0 
2070 0 0 0 1 0 0 0 0 0 
0 0 0 0 0 565 401 0 0 0 
3 0 0 0 0 0 994 0 0 0 
0 0 160 0 399 0 0 0 0 0 
0 0 2 4713 95 0 0 0 1 0 
0 0 0 0 4 749 1 0 0 0 
2 0 0 0 0 0 0 0 278 0 
0 0 0 0 0 0 0 0 243 0 
0 132 0 0 0 1915 106 0 0 5 
1801 0 0 0 0 9 0 0 0 0 
6 0 0 0 0 1 320 1 67 79 
