5850 38 68 3508 1803 4986 5888 0 23 0 
11876 180 45 11 29 42 0 34 0 0 
31 14 11 0 0 14 6871 103 1 0 
16 4102 241 0 0 2241 0 0 0 0 
485 4 0 0 0 0 1 538 1758 3028 
7452 0 0 0 0 0 0 0 1 0 
84 0 0 0 0 3 8105 0 0 0 
0 0 69 54 0 0 0 0 802 0 
0 0 0 758 1057 744 0 0 0 0 
0 0 0 0 4 3030 0 0 1 0 
0 629 0 0 0 0 0 0 0 0 
0 0 0 0 0 739 0 0 0 0 
1320 0 0 0 0 0 0 0 0 0 
58 0 6 0 139 541 13 231 0 272 
0 0 0 0 0 383 48 0 0 0 
3186 0 0 0 0 0 0 4 0 4 
0 0 2 0 480 0 0 0 0 0 
0 0 2 1460 317 189 33 0 0 0 
2012 0 89 1 1 3 3 0 0 0 
0 0 0 0 0 184 807 0 0 2 
616 0 0 0 0 0 5 1 374 2 
0 0 522 26 0 0 0 0 0 0 
0 1 0 111 4251 393 0 0 0 0 
0 0 0 73 82 575 4 0 0 0 
0 0 0 0 0 0 0 0 284 0 
0 0 0 0 0 0 0 0 243 0 
1 1 2 0 50 1735 26 0 0 0 
