19642 163 0 120 1 13 9 0 0 289 
735 0 513 94 8899 1841 57 0 0 0 
0 0 0 0 0 0 6144 229 266 0 
2 6517 0 0 1 0 0 0 0 0 
5017 1 0 0 0 1 2 0 0 820 
4528 2 0 0 35 2425 79 0 354 0 
8125 0 1 0 0 2 0 0 0 0 
0 2 207 709 0 0 0 0 5 0 
0 0 139 1675 736 1 0 0 0 0 
0 2659 0 61 3 105 0 0 0 0 
0 204 3 0 188 245 0 0 0 0 
816 0 0 0 0 0 2 0 21 0 
54 0 0 0 4 1316 0 2 0 0 
0 0 0 0 99 850 296 0 0 0 
0 0 0 0 0 0 424 0 0 0 
1332 0 0 1 0 188 415 2 1287 0 
0 484 0 0 0 0 0 1 0 0 
0 0 0 11 320 1014 641 0 0 0 
2071 0 0 0 0 0 0 3 0 0 
0 0 0 0 0 554 405 0 0 0 
3 0 0 0 0 0 995 0 0 0 
1 0 139 0 416 0 0 2 0 0 
0 0 1 4696 79 0 0 0 0 0 
0 0 0 0 0 755 2 0 0 0 
1 0 0 0 1 0 0 6 272 0 
0 0 0 0 0 0 0 0 243 0 
1 143 0 0 0 1968 37 0 0 12 
1802 1 1 0 0 1 0 0 0 0 
4 0 1 0 0 3 293 0 167 12 
