19500 226 0 182 24 3 2 0 0 295 
652 0 514 83 8820 2041 89 0 4 0 
0 0 0 1 0 0 6480 306 282 0 
3 6558 0 0 0 0 0 1 0 0 
5066 0 0 0 0 0 10 1 7 775 
4595 0 0 0 27 2419 82 0 277 0 
8174 0 0 0 2 0 0 0 0 0 
0 0 209 718 0 0 0 0 0 2 
0 0 130 1762 681 0 0 0 0 0 
0 2346 0 47 0 475 0 0 0 0 
0 219 0 0 151 256 0 0 0 1 
832 1 0 0 1 3 5 0 0 0 
71 0 0 3 1 1268 0 9 0 0 
0 0 0 0 136 808 302 0 0 0 
0 0 0 0 0 0 424 0 0 0 
1198 1 0 0 0 162 448 23 1363 1 
0 478 0 0 0 2 0 0 0 0 
0 1 0 15 300 1014 655 0 1 0 
2054 0 0 0 0 0 0 0 2 0 
0 0 0 0 0 583 407 0 0 0 
4 0 0 0 0 0 995 0 0 0 
0 1 128 0 424 0 0 0 0 0 
1 0 0 4674 87 0 0 0 0 0 
0 0 0 0 0 746 2 0 0 0 
1 0 0 0 0 3 0 0 276 0 
0 0 0 0 0 0 0 0 243 0 
185 387 0 1 0 899 39 88 0 442 
1844 0 0 0 0 0 0 0 0 0 
