5857 0 52 182 866 4778 6981 0 1 0 
11495 14 1 2 29 0 0 3 1 0 
14 0 0 0 0 8 4548 34 1 2 
36 4533 123 0 0 1806 0 0 0 0 
1109 0 0 1 1 0 3 40 2421 1778 
7332 1 0 0 0 1 0 0 0 0 
13 2 1 1 1 0 7769 0 0 0 
4 0 0 0 12 0 3 0 876 3 
0 2 0 78 1243 951 0 0 0 0 
0 0 0 0 12 2903 0 0 3 0 
0 610 0 0 2 0 0 0 0 0 
0 0 0 0 4 855 0 0 0 0 
1455 0 0 0 0 0 0 0 0 0 
25 0 33 2 0 1172 1 13 0 1 
0 0 0 0 0 382 26 0 0 0 
3207 3 0 2 0 0 0 0 0 3 
0 0 0 0 480 0 0 0 0 0 
0 0 0 1588 72 46 78 10 0 21 
1885 0 93 0 0 0 0 0 0 0 
0 0 91 18 0 257 624 0 0 0 
710 0 0 0 0 0 0 0 0 0 
0 0 0 664 119 0 0 0 0 0 
0 0 0 215 4115 286 0 0 0 0 
0 0 6 122 91 518 0 0 0 0 
4 0 0 0 0 0 4 2 269 0 
0 0 0 0 0 0 0 0 243 0 
1 0 0 1 25 2145 4 0 0 1 
0 2 1 1680 0 0 1 0 0 1 
0 5 1 4 0 0 7 678 45 9 
0 3 0 1807 3 0 0 0 0 1 
0 0 0 0 0 0 0 0 278 0 
0 0 258 5 0 0 0 0 0 0 
0 486 0 0 0 62 0 0 0 9 
0 229 0 16 0 1 2 0 0 0 
1 0 0 0 0 0 0 0 0 360 
0 41 4 63 1 43 1555 0 0 0 
44 7 0 0 171 1 34 83 0 3 
