6260 1 68 138 1215 4115 7122 0 28 0 
11797 202 4 0 32 22 0 7 0 0 
45 0 0 0 0 23 6569 35 12 4 
41 4403 171 0 0 1894 0 2 0 0 
428 0 0 0 1 7 1 36 1943 3335 
7369 0 0 1 0 0 0 4 0 0 
5 0 8 0 0 0 7957 2 1 0 
0 1 85 2 1 3 0 0 827 0 
0 0 0 617 1052 809 0 0 0 0 
0 0 1 1 12 2862 0 0 0 1 
0 640 0 0 0 0 0 2 0 0 
0 0 0 0 1 843 0 0 0 0 
1373 0 0 0 0 0 0 0 0 0 
27 0 0 0 101 1033 3 0 50 28 
0 0 0 0 0 385 29 0 0 0 
3184 1 0 0 0 0 0 2 4 20 
0 0 1 0 478 0 0 0 0 0 
1 0 0 1524 257 135 54 0 0 1 
1942 30 59 0 0 0 1 0 10 0 
0 0 147 0 3 196 608 0 0 0 
718 0 0 0 0 0 0 0 0 0 
30 0 273 3 0 5 0 8 0 0 
0 0 0 83 4342 338 0 0 0 0 
0 0 0 78 115 564 0 0 0 0 
2 9 0 4 0 0 0 0 265 0 
0 0 0 2 1 0 0 0 240 0 
3 0 0 0 31 2122 11 1 0 0 
0 0 8 1654 0 0 0 0 0 1 
0 2 0 0 0 0 1 679 0 0 
0 0 0 1654 6 4 0 0 0 0 
1 0 0 0 0 0 2 0 274 0 
0 0 240 10 0 1 0 0 0 0 
