5656 25 95 3323 1572 5657 5805 0 57 0 
11866 204 69 9 44 7 0 13 0 0 
34 0 0 0 0 3 6905 84 19 0 
33 4588 99 0 0 1879 2 6 0 0 
514 0 0 0 0 0 3 680 1564 3064 
7433 0 1 2 0 0 0 0 0 0 
116 0 2 0 0 0 8089 0 0 0 
14 0 38 76 0 0 33 5 760 0 
0 0 0 794 1080 690 0 0 0 0 
0 0 0 0 11 3027 0 0 0 0 
0 623 0 0 0 0 0 0 5 0 
0 0 0 0 0 736 0 0 0 0 
1313 0 0 0 0 0 0 0 0 0 
147 0 0 0 145 546 6 111 2 303 
2 0 1 0 0 404 24 0 0 0 
3157 0 0 2 0 0 0 0 18 32 
0 0 0 0 461 48 0 0 0 0 
9 0 0 1265 230 435 75 0 14 2 
2008 0 52 0 0 0 24 0 1 15 
0 4 0 0 0 122 864 0 0 0 
635 0 0 0 0 0 0 0 363 0 
0 0 513 35 0 0 0 0 0 0 
0 0 0 127 4148 469 0 0 0 0 
0 0 0 89 108 517 0 0 0 0 
0 0 0 0 2 0 0 3 277 2 
0 0 0 0 0 0 0 0 243 0 
4 0 1 0 44 1668 31 0 0 5 
