18200 134 0 90 0 0 3 1 0 269 
614 0 375 70 8503 1956 37 0 0 5 
0 4 0 0 0 0 3711 359 518 0 
1 6485 0 0 0 0 0 0 0 2 
4641 0 0 1 0 0 4 0 3 712 
4434 0 0 0 12 2493 81 0 345 0 
7779 0 0 0 0 0 0 0 0 0 
0 0 92 804 0 0 0 0 0 2 
0 0 178 1797 290 0 0 0 0 0 
0 2800 0 78 0 42 3 0 1 0 
0 260 0 0 0 357 0 0 0 0 
829 0 0 4 17 9 0 0 0 0 
50 0 0 0 5 1390 0 2 1 0 
0 0 0 0 124 799 319 1 0 0 
0 0 0 0 0 0 412 0 0 0 
1241 0 9 0 29 178 641 0 1106 0 
0 465 0 0 0 15 0 0 0 0 
1 0 0 6 12 1074 721 0 0 0 
1970 0 0 0 1 0 0 0 0 0 
0 0 11 0 0 551 429 0 0 0 
3 0 0 0 0 0 715 0 0 0 
0 0 0 15 765 0 0 0 0 0 
0 0 1 4573 53 0 1 0 0 0 
0 0 0 0 0 738 0 0 0 0 
2 1 0 0 0 0 0 0 276 0 
0 0 0 0 0 0 0 0 243 0 
0 4 0 0 0 2171 17 0 0 0 
1680 0 0 0 0 0 0 0 0 0 
743 0 0 0 0 0 0 0 0 0 
30 0 1 1773 2 8 1 0 0 0 
0 0 0 0 0 0 278 0 0 0 
0 0 255 0 8 0 0 0 0 0 
0 0 0 4 525 28 0 0 0 0 
4 14 27 0 0 0 18 0 0 184 
0 0 1 0 0 0 0 0 0 359 
0 0 0 0 0 0 1720 0 0 0 
0 0 0 0 7 0 324 0 0 0 
