6219 1 60 253 937 4174 6974 0 41 0 
11456 3 15 0 64 0 0 10 1 0 
12 0 0 0 0 11 4910 50 2 0 
15 4580 91 0 0 1807 5 0 0 0 
1087 1 1 0 0 0 5 13 2262 2006 
7322 0 0 0 0 0 0 0 0 0 
1 0 0 0 0 0 7863 0 0 0 
0 0 0 1 0 32 0 8 867 4 
1 0 0 88 1242 927 0 0 0 0 
0 0 0 0 7 2927 0 0 0 0 
0 607 0 1 0 0 0 0 0 0 
0 0 0 0 2 857 0 0 0 0 
1429 0 0 0 0 0 0 0 1 0 
137 0 5 0 61 955 0 29 50 5 
0 0 0 1 1 384 26 1 0 0 
3257 0 0 0 0 0 0 0 0 3 
0 0 1 0 480 0 0 0 0 0 
0 0 0 1565 73 85 87 0 0 0 
1896 0 70 0 0 0 0 0 0 31 
0 0 114 0 0 262 593 0 1 1 
719 0 0 1 0 0 0 0 0 0 
1 0 0 675 92 0 0 0 2 0 
0 0 0 182 4131 303 0 0 0 0 
0 0 0 140 46 562 0 0 0 0 
0 0 0 39 0 1 34 1 205 0 
0 0 0 0 0 0 1 0 240 3 
1 0 0 0 37 2130 10 0 0 0 
0 0 0 1640 0 10 0 6 0 0 
0 0 0 0 0 0 15 708 0 0 
0 0 0 1792 1 0 0 0 15 1 
0 0 0 0 1 1 0 0 276 0 
1 0 237 15 1 3 0 0 0 0 
0 529 0 0 7 17 0 0 0 0 
3 0 234 0 0 0 0 0 6 2 
0 0 0 0 0 0 0 2 1 354 
1 1 1 0 1 0 1656 2 17 0 
