18291 191 0 152 0 4 4 0 0 234 
617 4 316 93 8496 2044 2 0 0 0 
0 0 0 0 0 1 6161 257 258 0 
2 6487 0 0 0 0 0 0 0 0 
4954 0 0 1 1 2 19 0 0 789 
4538 0 0 0 25 2438 52 0 306 0 
7951 0 0 0 0 0 1 0 0 0 
0 0 213 707 0 0 0 0 0 0 
0 0 124 1581 598 0 0 0 0 0 
0 2832 0 48 1 6 0 0 0 0 
0 286 0 0 0 323 0 0 0 0 
863 0 0 0 5 7 0 0 2 0 
59 0 0 0 18 1337 0 0 0 0 
0 0 0 0 138 811 304 0 0 0 
0 0 0 1 0 0 412 0 0 0 
1086 0 1 1 0 206 369 1 1549 0 
0 467 0 6 0 1 0 3 2 0 
0 0 0 9 156 1077 656 0 0 0 
2006 0 0 0 0 0 2 0 0 0 
0 0 11 0 0 558 374 0 0 0 
3 0 0 0 0 0 712 0 0 0 
0 1 0 7 448 0 0 0 0 0 
0 0 0 4752 66 0 0 0 2 0 
0 0 0 0 0 751 3 0 0 0 
1 0 0 0 0 3 1 0 275 0 
0 0 0 0 0 0 0 0 244 0 
0 45 18 0 44 1987 45 0 0 27 
1663 0 0 0 0 0 1 0 0 0 
692 0 7 1 0 0 0 0 0 3 
52 0 0 1701 0 3 0 0 0 0 
0 0 0 0 0 0 278 0 0 0 
13 0 212 0 0 3 0 0 23 0 
0 1 1 0 518 24 0 0 1 0 
