5684 0 53 168 1190 4399 7413 0 52 0 
11444 15 4 1 63 17 0 3 1 0 
8 0 8 0 0 8 6612 45 4 0 
17 4472 117 0 0 1909 0 1 0 0 
399 0 0 0 0 0 0 19 2063 3278 
7398 0 0 0 0 1 0 0 0 2 
2 0 0 0 0 0 7939 0 0 0 
0 0 91 0 0 0 1 0 827 0 
0 0 0 438 1113 888 0 0 0 0 
0 0 0 0 5 2858 0 0 0 0 
0 604 1 0 0 0 0 0 1 1 
0 0 0 0 0 852 0 0 0 0 
1413 0 0 0 0 0 0 0 0 0 
73 39 1 1 0 1124 3 0 0 0 
0 1 1 0 0 385 25 0 0 0 
3179 0 6 0 0 0 1 0 0 1 
0 0 0 0 477 0 0 0 0 0 
0 0 16 1274 223 305 159 0 0 0 
1921 0 80 0 0 0 0 2 0 0 
2 0 128 1 0 140 672 2 0 4 
713 0 3 0 0 0 2 0 0 0 
0 0 298 0 0 3 0 0 19 0 
0 0 0 130 4301 330 0 0 0 0 
0 0 0 85 108 579 0 1 0 0 
1 1 0 0 0 0 18 0 260 0 
0 0 0 0 0 0 0 0 243 0 
2 0 0 7 36 2115 9 0 0 0 
1 0 0 1658 0 0 3 0 0 0 
0 0 0 0 0 0 20 674 0 0 
0 0 0 1696 7 0 0 1 0 0 
0 1 0 0 0 0 0 1 276 0 
0 0 229 16 2 0 0 0 4 0 
99 361 0 0 0 46 28 0 0 5 
