18128 218 0 141 16 1 12 0 0 319 
823 0 448 64 8838 1890 21 0 0 1 
1 0 0 0 0 1 6139 232 287 0 
9 6508 1 2 0 0 0 0 0 0 
4859 0 0 0 0 0 53 0 0 839 
4608 0 0 9 29 2402 46 0 282 0 
8117 0 0 0 0 0 0 0 0 0 
0 0 226 690 0 6 0 0 0 0 
0 0 166 1636 666 0 0 0 0 0 
10 2672 2 41 0 89 12 0 22 0 
0 239 0 0 143 271 1 0 0 0 
844 0 0 0 0 0 0 0 0 0 
57 0 0 0 1 1327 0 1 0 4 
0 0 0 0 127 817 305 0 0 0 
0 0 0 0 0 0 412 0 1 0 
1291 31 0 21 0 215 384 4 1288 0 
6 454 3 0 0 0 0 1 2 17 
0 0 0 11 332 1019 625 0 0 0 
2049 0 0 0 0 0 0 0 0 0 
0 0 0 0 0 546 422 0 0 0 
3 0 0 0 0 0 714 0 0 0 
0 0 113 0 447 0 0 0 0 0 
0 3 1 4704 87 0 0 0 0 0 
0 0 0 0 4 750 0 0 0 0 
1 0 0 0 0 0 0 0 280 0 
0 0 0 0 0 0 0 0 243 0 
0 25 0 3 0 2043 90 0 0 0 
1616 11 2 1 0 9 7 0 0 7 
616 0 0 0 0 0 0 0 0 4 
606 0 3 963 0 49 0 0 2 0 
0 0 0 0 0 0 280 0 0 0 
