4459 37 139 3282 1523 9183 5155 10 52 15 
11723 218 181 16 49 29 18 12 1 0 
27 0 0 10 0 2 6867 143 132 0 
10 4165 349 19 8 2092 4 11 0 0 
902 1 12 2 0 0 22 547 1729 2649 
7489 0 0 0 0 0 0 1 0 0 
168 0 0 1 0 0 8093 0 0 0 
0 1 322 68 6 1 0 0 553 0 
0 0 1 966 2072 536 0 0 0 0 
0 0 0 0 4 2977 0 0 0 0 
0 637 0 0 0 0 0 0 0 0 
0 0 0 0 0 708 0 0 129 0 
1244 0 0 0 0 0 0 0 0 0 
131 129 69 24 180 314 37 161 27 201 
0 1 0 1 0 393 32 1 0 0 
3214 0 4 1 0 0 0 2 0 12 
0 1 0 0 460 48 0 0 0 0 
0 3 0 799 161 1445 24 0 4 13 
1940 0 67 0 20 11 42 0 0 19 
0 0 0 2 0 309 663 13 8 3 
630 0 0 0 0 0 0 0 369 0 
12 0 286 172 0 2 0 7 0 0 
0 0 0 57 3034 639 0 0 0 0 
0 0 0 130 106 41 2 0 1 0 
146 0 0 0 3 0 7 0 124 1 
