18213 161 3 179 15 0 13 0 0 267 
632 1 429 73 8521 1928 14 0 1 0 
0 0 0 0 0 0 6124 310 245 1 
3 6497 1 0 0 0 0 0 0 0 
4806 1 0 0 0 2 36 0 0 897 
4494 6 0 0 17 2475 61 0 303 19 
7983 0 0 0 0 0 0 3 0 0 
0 0 241 657 0 0 0 21 0 0 
0 0 145 1523 680 0 0 0 5 0 
0 2808 0 4 0 62 1 0 0 0 
2 271 0 0 0 335 0 0 0 0 
844 7 0 0 0 10 0 0 0 0 
64 0 0 0 4 1339 0 0 2 0 
0 0 1 0 108 812 319 0 2 0 
0 0 0 0 0 0 414 0 0 0 
1305 7 0 3 30 125 352 19 1383 7 
6 466 1 1 1 2 0 0 0 2 
0 0 0 18 331 967 663 0 0 1 
2002 0 0 0 0 0 0 0 0 0 
0 0 13 0 0 568 369 0 0 0 
3 0 0 0 0 0 715 0 0 0 
3 8 0 1 300 0 1 1 0 0 
0 0 0 4761 71 0 0 0 0 0 
0 0 0 0 0 759 1 0 0 0 
1 0 0 0 0 3 0 0 276 0 
0 0 0 0 0 0 0 0 243 0 
0 35 26 0 48 1999 42 0 0 15 
1663 0 0 0 0 0 2 0 0 0 
681 5 23 0 0 0 0 0 0 0 
198 0 0 1481 0 53 0 0 0 0 
0 0 0 0 0 0 278 0 0 0 
0 1 247 0 0 1 0 1 1 0 
0 4 0 0 496 36 0 0 0 0 
