5623 0 64 154 888 4384 7482 0 47 0 
11482 4 3 0 63 1 0 8 11 0 
23 0 0 0 0 21 4873 51 1 0 
17 4453 142 1 0 1889 0 0 0 2 
1304 0 0 0 0 0 0 44 2359 1685 
7332 0 0 0 0 0 0 0 1 0 
2 0 0 3 0 1 7861 0 0 0 
0 0 0 0 0 0 0 0 911 0 
0 0 0 89 1217 910 0 0 0 0 
0 0 1 0 6 2920 0 0 0 0 
0 606 0 0 0 0 0 0 0 0 
0 0 0 0 1 860 0 0 0 0 
1440 0 0 0 0 0 0 0 0 0 
78 4 16 0 102 956 11 64 7 0 
0 0 0 0 0 389 24 0 0 0 
3216 0 0 0 0 0 0 0 0 7 
0 0 0 0 482 0 0 0 0 0 
0 0 0 1660 14 46 94 11 2 0 
1884 0 97 0 1 0 2 0 0 10 
0 3 89 0 0 245 625 1 0 6 
716 3 0 1 0 0 0 1 0 0 
0 6 0 678 88 0 1 0 0 0 
0 0 0 187 4143 322 0 0 2 0 
0 0 0 82 85 574 0 0 0 0 
1 0 0 0 1 0 35 0 243 0 
0 0 0 0 0 0 0 0 244 0 
1 0 0 0 33 2136 4 0 4 0 
0 0 10 1653 0 0 0 0 0 0 
0 1 6 0 1 0 31 681 0 0 
0 0 0 1800 4 0 0 0 0 0 
0 1 0 0 0 0 0 0 276 0 
0 0 239 16 0 1 0 0 0 0 
0 539 0 0 0 8 0 0 0 4 
0 0 225 1 1 17 0 0 0 0 
0 1 0 0 1 0 0 0 0 355 
0 0 1 0 0 3 1677 1 8 1 
