18264 138 1 142 0 0 18 0 3 244 
498 0 387 91 8559 2064 1 0 0 0 
0 0 0 1 0 0 6091 280 296 0 
3 6492 0 1 0 0 0 0 0 0 
4862 0 0 14 0 0 15 0 0 869 
4391 0 0 0 11 2511 73 0 376 0 
7974 0 0 0 0 0 1 1 0 0 
0 0 195 725 0 0 1 0 0 0 
0 0 167 1548 488 0 0 6 4 0 
0 2802 0 34 0 62 0 0 1 0 
0 277 0 1 1 331 0 0 0 0 
827 0 0 0 33 24 0 0 0 0 
51 1 0 3 1 1363 0 0 0 0 
1 0 0 0 124 805 321 0 0 0 
0 0 0 0 0 0 413 0 0 0 
1201 4 0 2 0 146 450 0 1415 0 
9 464 0 1 0 0 0 0 3 0 
1 0 0 9 33 1102 687 0 0 0 
1999 0 0 0 0 0 0 0 0 0 
0 0 13 0 0 558 373 0 0 0 
3 0 0 0 0 0 714 0 0 0 
0 0 0 6 592 0 0 0 0 0 
0 0 0 4810 16 0 0 0 0 0 
0 0 1 0 0 757 1 0 0 0 
2 0 0 0 0 1 0 0 277 0 
0 0 0 0 0 0 0 0 244 0 
0 110 1 0 0 1985 61 0 0 0 
1657 0 0 3 0 0 0 1 0 0 
700 1 0 0 0 0 0 8 0 0 
57 1 0 1581 69 21 0 30 0 7 
0 0 0 0 0 0 278 0 0 0 
7 0 234 0 0 10 0 0 0 0 
0 0 0 0 496 46 0 0 0 0 
