6530 0 77 251 1349 4243 6348 15 65 0 
11787 166 79 10 42 14 0 7 0 0 
20 0 0 0 1 7 6583 51 3 0 
23 4572 143 0 0 1784 2 0 2 0 
607 0 0 9 0 0 0 47 1977 3141 
7388 0 0 0 0 0 0 0 0 0 
6 0 0 0 0 0 8102 0 0 0 
0 0 104 0 0 0 0 0 810 10 
0 0 0 661 980 824 0 0 0 0 
0 0 0 1 8 2831 0 0 0 0 
1 651 0 0 0 0 0 0 0 1 
0 0 0 0 0 844 3 0 0 0 
1397 0 0 0 0 0 0 0 0 0 
44 195 0 0 0 999 8 0 0 0 
0 0 0 0 0 358 44 0 9 0 
3150 3 0 0 0 0 0 0 0 32 
0 2 1 0 478 0 0 0 0 0 
0 0 0 1596 230 135 28 9 2 0 
1983 1 58 0 2 0 0 2 2 0 
0 0 0 0 2 284 675 0 2 0 
659 0 0 0 2 0 0 0 335 1 
0 0 511 46 0 0 2 0 0 0 
0 0 0 160 4337 316 0 0 0 0 
0 1 0 53 68 625 0 0 0 0 
0 0 0 0 0 0 1 1 279 0 
0 0 1 0 0 0 0 0 242 0 
3 0 0 1 26 2139 5 0 0 0 
0 0 0 1673 0 0 0 0 0 0 
0 0 0 6 0 0 12 568 0 0 
0 0 0 1333 223 0 0 0 0 0 
