21517 184 0 94 15 2 13 0 0 357 
682 0 517 115 8843 1993 52 0 0 0 
0 0 1 2 0 0 6473 279 291 0 
4 6582 0 0 0 0 0 3 0 0 
4960 9 0 0 0 0 33 0 0 837 
4505 0 0 0 14 2587 36 0 296 0 
8219 1 0 0 0 0 0 0 0 0 
0 0 238 686 0 0 0 0 0 0 
0 0 136 1829 668 0 0 0 0 0 
10 1869 125 24 27 916 0 82 0 2 
0 233 0 0 157 242 0 0 0 0 
52 23 0 0 0 4 2 0 659 0 
60 0 0 0 2 1239 0 0 0 8 
0 0 0 0 119 812 332 0 0 0 
2 0 0 0 0 0 423 0 0 5 
1298 0 51 11 0 375 226 0 1264 0 
0 500 0 0 0 6 2 0 0 0 
0 0 0 10 327 1039 659 0 0 1 
2102 0 0 0 0 0 0 0 0 0 
0 0 0 0 0 562 422 0 0 0 
4 0 0 0 0 0 994 0 0 0 
0 1 148 0 396 0 0 0 0 0 
0 0 0 4600 67 0 0 2 0 0 
0 0 0 0 18 691 2 0 0 0 
7 0 0 0 0 0 0 3 274 0 
0 0 0 0 0 0 0 0 239 0 
1174 43 0 1 20 420 38 0 4 37 
