6118 0 56 168 1010 4127 7111 0 45 0 
11428 10 27 0 79 0 0 4 16 0 
13 0 0 4 1 11 4889 61 3 0 
5 4681 108 0 0 1696 0 0 0 0 
1187 4 0 0 1 0 0 27 2241 1909 
7332 0 1 1 0 0 0 0 0 0 
4 1 0 0 0 0 7896 1 0 1 
1 0 0 0 12 0 0 0 899 0 
0 0 0 73 1178 970 0 0 0 0 
0 0 0 0 5 2930 0 0 0 0 
0 608 0 0 0 0 0 0 1 0 
0 0 0 0 2 858 0 0 0 0 
1418 0 0 0 0 0 0 0 0 0 
99 0 7 0 57 978 12 18 68 3 
0 0 0 0 0 382 34 0 0 0 
3244 0 2 0 0 0 0 0 0 2 
0 0 3 0 475 0 0 0 4 0 
0 2 0 1576 82 95 57 5 0 0 
1883 0 85 2 0 6 2 0 0 12 
0 0 125 0 0 272 572 0 0 2 
720 0 0 0 0 0 0 0 1 0 
1 0 0 643 124 1 0 0 0 1 
0 0 0 189 4169 297 0 0 0 0 
0 0 1 101 80 563 0 0 0 0 
0 0 1 6 4 2 57 0 210 0 
0 0 0 0 0 0 0 0 244 0 
1 0 0 1 26 2146 4 0 0 0 
0 0 0 1655 0 4 0 0 0 0 
0 0 4 0 0 0 49 666 0 1 
0 0 0 1803 1 1 0 0 0 0 
0 0 0 0 0 0 0 0 278 0 
0 0 245 10 1 0 0 0 0 1 
0 521 0 0 0 31 0 0 0 0 
0 0 212 0 0 4 0 11 18 0 
0 0 0 0 0 1 0 0 0 356 
0 0 5 0 0 0 1644 0 19 8 
