18079 200 0 91 0 0 1 0 0 264 
627 0 441 117 8371 2004 9 0 0 0 
0 0 0 0 0 0 4008 433 531 0 
2 6496 1 0 0 0 0 0 0 1 
4670 2 0 0 0 1 7 0 4 703 
4677 0 0 1 18 2251 62 19 295 14 
7878 0 0 3 0 0 0 0 0 2 
0 0 199 711 0 0 1 0 0 0 
0 0 182 1773 261 0 0 0 0 1 
0 2895 1 17 1 2 0 10 4 0 
0 274 1 0 0 331 0 0 0 0 
838 0 0 0 21 0 0 1 0 0 
41 0 0 0 1 1394 0 0 0 0 
0 0 0 0 130 809 300 0 0 0 
0 0 0 0 0 0 413 0 0 0 
1277 0 30 0 0 148 404 0 1368 0 
0 465 0 0 0 0 13 0 2 2 
0 0 1 5 16 1082 721 0 0 1 
1989 0 1 0 1 0 0 0 0 0 
0 0 13 0 0 556 398 0 0 0 
3 0 0 0 0 0 717 0 0 0 
0 0 0 17 755 0 0 0 0 0 
0 0 0 4622 30 0 0 0 0 0 
0 1 0 0 0 740 1 0 0 0 
1 0 0 0 0 0 0 0 279 0 
0 0 0 0 0 0 0 0 244 0 
0 21 35 15 0 2025 74 0 0 7 
1653 0 0 0 9 0 0 0 0 0 
701 0 0 0 0 19 0 0 0 0 
17 0 0 1746 0 19 21 0 5 0 
0 0 0 0 0 0 277 0 0 0 
0 0 256 0 0 0 0 0 0 0 
0 0 0 0 540 11 0 0 0 0 
0 0 0 0 43 0 0 0 7 194 
0 0 1 1 4 6 0 0 0 344 
0 0 0 0 0 0 1691 0 0 0 
