5515 0 59 184 973 4471 7445 0 0 0 
11452 2 15 0 61 0 6 6 5 0 
13 1 0 0 0 11 4516 67 7 0 
6 4568 165 3 0 1756 0 0 0 0 
1355 1 9 0 3 0 0 23 2149 1837 
7348 0 1 0 0 0 0 0 0 1 
11 0 0 0 1 0 7810 0 1 0 
15 0 0 0 0 0 0 0 883 0 
3 0 0 84 1259 906 0 0 0 0 
0 0 0 0 6 2921 0 0 0 0 
0 607 0 0 0 0 0 0 6 0 
0 0 0 0 1 857 0 0 0 0 
1450 0 0 0 0 0 0 0 1 0 
1 1 0 0 0 1237 0 2 0 3 
0 0 0 3 0 377 31 0 1 0 
3208 1 0 0 0 1 0 0 0 5 
0 0 3 0 477 0 0 0 0 0 
4 0 0 1520 113 88 89 1 0 0 
1847 0 99 2 21 0 0 1 0 0 
0 0 146 0 0 272 571 3 0 0 
719 0 0 0 0 0 0 0 0 0 
0 0 0 687 84 0 1 0 0 0 
0 0 0 178 4156 299 0 0 0 0 
0 0 0 117 110 510 0 0 0 0 
3 0 0 2 19 4 36 0 215 0 
0 0 0 1 0 0 3 0 239 0 
3 0 0 0 31 2146 5 0 0 0 
0 0 1 1667 0 0 0 0 6 3 
0 0 0 0 0 0 10 682 57 0 
0 0 0 1813 10 0 0 0 0 0 
0 0 0 2 0 0 0 0 276 0 
0 0 248 11 1 4 0 0 0 0 
0 526 0 0 0 31 0 0 0 0 
0 3 244 0 0 0 0 0 0 0 
0 0 0 0 0 0 0 0 0 360 
3 0 10 0 6 0 1674 1 11 0 
2 0 17 117 0 0 185 7 0 0 
