18298 149 3 99 1 0 29 0 0 309 
562 0 395 88 9111 1878 15 1 0 0 
0 0 3 0 0 0 6033 289 336 0 
4 6512 0 0 1 0 0 0 0 0 
4919 4 0 1 0 0 7 0 0 817 
4551 0 0 0 22 2426 58 0 327 0 
8031 0 0 0 0 0 0 0 0 0 
0 0 234 686 0 0 0 0 0 0 
1 1 125 1740 634 0 0 0 0 0 
0 2629 80 15 65 65 0 0 0 13 
0 207 1 0 161 277 0 1 0 0 
836 0 7 1 0 0 0 0 0 0 
60 1 0 0 2 1298 0 0 0 0 
0 0 0 0 124 781 339 0 0 0 
0 0 1 0 0 0 411 1 0 0 
1258 3 0 0 0 188 461 0 1333 0 
0 461 0 16 0 2 0 0 0 0 
0 2 0 5 300 1026 635 0 0 0 
2040 0 0 2 0 0 0 1 0 0 
0 0 16 0 0 537 424 0 0 0 
3 0 0 0 0 0 715 0 0 0 
0 1 0 0 319 1 0 0 0 0 
0 0 1 4645 93 0 0 0 0 0 
0 0 0 0 0 758 0 0 0 0 
3 1 0 0 0 0 0 0 277 0 
0 0 0 0 0 0 0 0 243 0 
2 21 3 1 0 2130 8 0 1 1 
1653 0 0 0 0 0 0 0 0 0 
665 0 0 0 4 0 0 0 0 0 
32 0 0 1600 0 35 9 0 0 0 
0 0 0 0 0 0 278 0 0 0 
0 0 250 0 0 0 0 0 1 0 
