6109 0 84 131 852 4293 7225 0 0 0 
11490 3 4 0 34 0 0 3 0 1 
11 0 0 0 0 4 4560 36 24 0 
18 4361 137 0 0 1978 0 0 0 1 
1111 0 0 0 0 0 0 47 2151 2067 
7347 0 0 0 1 0 4 0 0 0 
4 2 0 0 0 0 7774 0 0 0 
0 0 2 0 0 0 0 0 896 0 
0 0 0 82 1260 915 0 0 0 0 
0 0 0 0 8 2912 0 0 0 0 
0 611 0 0 0 0 3 0 4 2 
0 0 0 0 1 859 0 0 0 0 
1446 0 0 0 0 0 0 0 0 0 
22 2 0 0 8 1200 12 0 1 0 
0 0 0 0 0 381 31 0 0 0 
3216 0 0 0 0 12 0 0 2 4 
0 0 0 0 479 0 0 1 0 1 
0 0 16 1515 55 83 143 0 0 4 
1867 0 50 0 47 0 0 1 2 2 
0 0 86 0 10 277 610 0 0 0 
719 0 0 0 0 0 0 0 0 0 
0 0 0 666 112 0 0 1 0 0 
2 0 0 222 4061 339 0 0 0 0 
4 0 0 101 56 574 0 0 0 0 
1 0 0 0 16 15 13 1 234 0 
0 0 0 0 1 0 1 0 241 0 
1 0 0 0 25 2149 6 1 0 0 
7 1 0 1677 0 0 0 0 0 0 
0 0 15 13 0 0 15 675 22 1 
0 0 1 1814 4 0 0 0 0 0 
0 0 0 0 0 0 0 0 278 0 
0 0 254 8 0 0 0 0 2 0 
0 532 0 0 0 24 0 0 0 0 
9 0 235 0 0 0 0 0 0 0 
0 0 0 0 0 0 0 0 0 358 
0 0 1 0 0 0 1694 0 0 1 
0 0 23 97 14 0 195 0 0 0 
