18015 196 0 109 0 0 6 7 0 283 
641 1 344 84 8300 2167 16 0 0 3 
0 0 0 0 0 0 6113 276 295 0 
2 6492 0 0 0 0 0 0 2 0 
4826 0 0 4 0 1 40 0 0 842 
4612 0 0 0 28 2318 54 6 302 0 
7980 0 3 0 0 0 0 0 0 1 
0 0 234 671 0 0 9 1 0 0 
0 0 139 1632 468 0 0 0 0 0 
0 2807 0 27 0 26 0 3 47 0 
0 279 0 0 0 332 0 0 0 0 
846 0 0 2 8 10 0 0 0 0 
38 0 0 0 1 1394 0 0 0 0 
0 0 0 0 135 797 307 0 0 0 
0 0 0 0 0 0 414 0 0 0 
1083 0 7 0 2 315 456 67 1323 0 
19 461 0 0 0 0 0 0 0 0 
0 0 0 5 12 1092 720 0 0 0 
1983 0 0 0 0 0 0 0 0 0 
0 0 14 0 0 560 381 0 0 0 
3 0 0 0 0 0 715 0 0 0 
0 0 0 4 612 0 0 1 0 0 
0 0 2 4760 23 0 0 0 0 0 
0 0 0 0 0 748 3 0 0 0 
3 0 0 0 0 0 0 0 276 0 
0 0 0 0 0 0 0 0 244 0 
0 111 0 1 0 2038 14 0 0 0 
1665 0 0 0 0 0 0 0 0 0 
715 0 0 0 0 0 0 0 4 0 
20 0 0 1687 54 22 2 0 1 0 
0 0 0 0 0 0 278 0 0 0 
1 1 245 7 0 3 0 0 0 0 
0 0 4 0 512 32 0 0 0 0 
123 0 0 0 0 0 0 42 63 5 
