18071 224 0 99 0 0 5 0 0 275 
633 2 362 59 8664 1779 49 0 0 0 
0 0 0 0 0 0 3764 405 450 1 
1 6500 0 0 0 0 0 0 0 0 
4625 0 0 1 11 2 14 0 0 744 
4487 0 0 0 17 2465 65 0 290 0 
7788 0 3 0 0 0 0 0 0 0 
1 0 137 742 0 0 2 16 0 0 
0 0 157 1846 247 0 0 0 0 0 
0 2886 0 18 0 17 0 0 1 0 
3 264 0 0 0 345 0 0 0 0 
840 0 1 2 4 2 0 10 0 0 
79 0 0 0 7 1366 1 0 0 0 
0 1 0 0 117 810 314 1 0 0 
0 0 0 0 0 0 410 0 0 0 
1403 1 0 12 0 118 355 0 1331 7 
0 459 5 0 1 6 9 0 0 0 
0 0 0 7 15 1101 689 0 0 0 
1971 0 0 0 0 0 0 0 0 0 
0 0 12 0 0 558 425 0 0 0 
3 0 0 0 0 0 718 0 0 0 
0 0 0 13 762 0 0 0 0 0 
0 0 0 4599 34 0 0 0 0 0 
0 0 0 0 0 739 0 0 0 0 
2 0 0 0 0 0 0 0 277 0 
0 0 0 0 0 0 0 0 243 0 
0 25 0 1 0 2095 30 13 21 0 
1672 0 0 0 0 0 3 0 0 6 
745 0 0 0 0 0 0 0 0 0 
27 0 4 1751 1 25 1 0 0 9 
0 0 0 0 0 0 278 0 0 0 
0 0 261 0 0 0 0 0 3 0 
0 0 0 0 525 29 1 0 1 0 
0 0 0 1 0 4 0 10 0 232 
0 0 1 4 0 0 1 0 0 354 
0 0 0 0 0 0 1701 0 0 0 
0 31 0 0 0 0 297 0 0 0 
