18324 162 0 97 2 9 23 0 0 283 
603 4 322 62 8964 2090 33 0 0 0 
0 0 0 0 0 0 6111 248 304 0 
2 6512 0 0 0 0 0 0 0 0 
4807 0 0 1 0 0 35 0 0 906 
4453 0 0 0 22 2487 44 0 366 5 
8016 0 0 0 0 0 0 0 0 0 
0 0 229 691 0 0 0 0 0 0 
0 0 150 1707 644 0 1 0 0 0 
1 2664 45 3 83 24 0 0 0 45 
0 218 0 0 159 266 0 2 0 0 
834 8 1 0 0 0 0 1 0 0 
65 0 0 0 2 1303 0 0 0 0 
1 0 1 0 142 787 311 0 0 0 
0 1 0 0 0 0 412 0 0 0 
1339 0 0 0 2 108 384 0 1388 0 
0 471 2 3 0 0 0 3 0 0 
0 0 0 14 339 963 656 0 0 0 
2050 0 0 0 0 0 0 0 0 0 
0 0 13 0 0 556 410 0 0 0 
3 0 0 0 0 0 715 0 0 0 
0 0 0 0 318 0 0 0 0 0 
0 0 0 4633 98 1 0 0 0 0 
0 0 0 0 0 760 0 0 1 0 
3 0 0 0 0 0 1 0 277 0 
0 0 0 0 0 0 0 0 243 0 
1 5 1 0 0 2141 14 0 0 6 
1639 0 0 0 0 0 3 0 13 0 
665 0 0 0 0 0 0 0 0 0 
11 0 0 1600 3 42 0 0 1 14 
0 0 0 0 0 0 278 0 0 0 
0 0 250 0 0 0 0 0 0 1 
