1 303 3 0 0 0 11408 3092 
0 0 0 0 0 0 36875 542 
0 0 567 2948 3439 0 71 7 
0 12638 0 0 0 0 36 0 
0 0 10861 0 0 0 0 5 
0 0 0 0 0 0 26601 0 
0 0 0 0 0 0 1082 0 
0 0 9544 96 0 9 39 119 
0 6 0 0 0 0 0 26958 
0 1 0 1 2425 108 0 0 
0 26500 0 0 0 94 5 247 
0 0 0 0 0 13 325 36436 
2 1125 93 0 0 1 0 153 
0 0 16 181 236 10 12193 0 
0 1 4 2 2883 0 80 24 
0 4277 43 0 2 0 655 3825 
0 947 9541 1708 2159 2 6075 1761 
2 617 554 0 100 127 1660 634 
0 0 0 0 0 1 0 13779 
2475 0 0 0 0 0 0 160 
266 3573 1699 0 57 88 72 10946 
2 0 0 0 0 0 0 4034 
0 0 0 0 0 0 8443 0 
0 0 1 0 0 43 10032 6 
0 0 1 0 0 0 0 4234 
1 11 263 0 0 0 19 0 
1 0 0 0 0 3 8449 0 
9 3998 197 0 0 0 479 191 
0 613 382 0 6 0 23 336 
1256 2 4 0 0 0 0 137 
0 0 0 0 0 0 0 545 
9 1684 0 25 68 0 3 0 
0 0 0 0 0 0 2878 0 
0 42 1713 0 1 0 102 1 
0 0 0 0 1 0 429 965 
1469 0 0 0 0 60 0 20 
0 1 4 0 0 0 20693 20 
0 7855 27 0 0 0 0 87 
4 15 38 13 14 0 6362 39 
0 2915 0 2 0 0 0 49 
0 414 6 0 24 7 0 245 
2 2 0 0 0 0 314 3930 
0 962 1392 10 441 57 8 683 
0 0 2971 2 4 102 138 27 
2 512 0 0 1 1 0 0 
2 1 0 2 0 399 0 0 
1 152 126 0 68 1 139 1036 
0 6 0 0 2 5 1679 561 
30 0 0 0 0 0 34365 412 
0 2241 0 0 0 0 104 0 
36 0 293 1 0 0 8 502 
0 0 0 0 0 1688 23 0 
0 0 23502 76 33 0 0 1 
0 0 16 0 0 0 243 7 
0 1 0 0 0 0 7935 14148 
0 0 0 0 0 0 16374 39 
0 0 0 0 0 0 1112 0 
3 3 1740 0 0 0 948 2 
