0 270 20 0 1 0 11525 3039 
0 0 0 0 0 0 37466 603 
0 0 551 3052 3314 0 108 8 
0 12666 0 0 1 0 40 0 
0 0 10853 0 0 0 0 3 
0 1 0 0 0 0 26543 0 
4 0 0 0 0 0 1078 0 
0 1 9530 104 0 0 39 88 
3 5 0 0 0 0 0 26948 
0 0 0 0 2419 116 0 0 
0 26503 0 0 13 127 0 175 
0 0 0 0 0 19 327 36407 
3 1081 123 0 0 0 0 167 
0 0 9 205 185 10 12250 0 
0 0 1 0 2883 0 61 49 
0 4101 98 0 0 0 650 3968 
0 790 9729 1548 2200 0 6299 1653 
0 699 503 0 77 140 1680 551 
0 0 0 0 0 0 0 13787 
2458 0 0 0 1 0 0 176 
253 3424 1558 0 104 71 108 11162 
0 0 0 0 0 0 1 4035 
0 0 0 0 0 0 8416 0 
0 0 0 0 1 41 10109 10 
0 0 0 0 0 0 0 4235 
1 7 263 0 2 0 22 0 
3 0 0 8 0 1 8423 0 
5 3878 260 2 0 1 501 212 
0 609 367 0 17 0 2 365 
1279 0 0 0 3 0 0 117 
0 0 0 0 0 0 0 545 
32 1705 3 1 46 0 2 0 
0 0 0 0 0 0 2856 0 
0 17 1661 0 1 0 183 0 
0 0 0 0 0 1 418 976 
1484 0 0 0 0 57 1 7 
0 7 0 0 0 0 20592 30 
0 7808 3 0 0 1 0 148 
8 2 26 19 25 1 6432 33 
2 2920 2 0 0 0 0 42 
0 449 0 0 15 3 0 229 
0 0 0 0 0 0 307 3945 
0 1035 1388 19 327 87 1 707 
2 9 3025 0 0 128 80 0 
0 516 0 0 0 0 0 0 
0 0 0 0 0 403 0 1 
0 181 130 0 57 0 174 980 
1 2 0 0 0 0 1623 628 
27 0 0 1 0 0 33722 448 
0 2224 0 0 0 5 124 0 
55 0 258 0 3 2 1 521 
0 0 0 0 0 1680 31 0 
0 0 23584 85 38 1 0 0 
2 0 25 0 1 4 229 5 
0 0 0 1 0 0 7941 14156 
0 0 0 0 0 0 16342 56 
0 0 1 0 4 0 1107 0 
5 0 1677 0 0 5 959 6 
