0 370 0 0 0 0 11563 2722 
0 0 0 0 0 0 41518 772 
3 0 635 2671 3538 6 85 0 
0 13022 0 0 2 0 29 0 
0 0 11186 0 0 0 0 0 
1 0 0 0 0 0 27324 0 
0 0 0 0 0 0 845 1 
0 0 11767 81 0 0 296 170 
0 8 0 2 1 0 0 26966 
0 0 0 0 2420 127 0 0 
42 26366 4 5 6 31 165 461 
0 0 0 0 0 14 283 36408 
3 1056 166 0 0 0 3 146 
1 0 15 372 202 8 12211 0 
1 0 0 1 2499 0 622 29 
2 4330 109 3 1 19 760 3554 
8 613 7632 1514 2172 0 8294 1710 
0 443 503 0 97 85 2362 334 
0 0 0 0 0 0 0 13741 
2415 0 0 0 0 0 19 197 
286 3611 1800 0 343 203 1907 8517 
0 0 1 0 0 0 0 4040 
2 0 0 0 2 0 8264 0 
2 0 3 0 0 20 10209 0 
0 0 0 0 0 0 2 4288 
0 0 273 0 0 0 22 0 
0 0 0 0 0 0 8342 0 
1 3050 351 53 5 4 1277 135 
4 530 252 0 56 0 199 348 
1257 0 0 0 21 0 0 121 
0 0 0 0 0 1 2 543 
0 1614 1 165 2 0 0 0 
0 0 0 0 0 0 2926 0 
54 11 919 0 107 0 824 0 
0 0 0 0 0 0 387 1002 
1476 0 1 0 0 56 0 16 
0 0 4 0 0 0 20429 20 
1 7548 4 0 0 0 16 127 
0 21 16 0 3 0 6603 23 
0 2932 0 0 0 0 0 32 
0 331 10 0 0 0 79 275 
0 0 0 0 0 0 325 3890 
0 1023 1474 83 242 26 39 651 
0 0 2993 0 36 101 95 12 
2 531 1 0 0 0 0 0 
0 0 1 0 0 402 1 0 
0 144 187 0 57 0 313 693 
4 0 0 0 5 0 1705 544 
21 0 0 0 0 0 29760 347 
0 1906 77 0 5 0 126 0 
70 1 328 0 3 0 0 442 
0 0 0 0 0 1688 28 0 
0 2 23727 59 36 0 0 1 
0 0 0 0 0 0 266 0 
0 0 1 0 0 0 8412 14031 
0 0 0 0 8 0 16336 55 
