627 980 1010 1 702 2380 4241 4362 
0 0 19 0 0 36961 171 0 
0 3093 3668 0 0 0 1 335 
940 0 0 0 0 0 1427 10309 
2525 153 0 0 0 0 93 8080 
17 491 102 4 108 635 134 831 
1071 66 45 0 0 29 0 0 
478 26048 4 0 8 0 411 0 
0 0 0 0 0 564 1342 627 
0 0 144 0 1144 15901 7647 2047 
0 0 595 0 1482 33146 1539 0 
1340 0 0 0 0 0 0 34 
1 0 11454 0 846 148 0 0 
0 0 0 0 0 0 99 2898 
0 0 51 1 43 185 7700 799 
1780 39 4 0 0 10 563 19832 
0 0 0 0 2 0 573 3128 
465 1789 22 0 2443 7499 1614 25 
0 1792 1 0 2 715 0 130 
0 0 109 0 23 15184 1394 0 
0 80 0 0 3 20 3920 0 
4281 551 3 0 0 0 0 3845 
0 0 1389 11 0 8203 473 37 
339 341 0 0 0 1852 1687 8 
1 292 0 0 0 0 0 2 
0 1335 5128 57 0 9 0 2020 
4 0 0 1 44 565 3791 461 
2 0 44 0 0 1083 227 0 
0 0 0 2 0 1198 0 199 
0 0 0 0 0 0 545 0 
0 0 0 0 0 1789 0 0 
2208 0 0 0 0 0 2 696 
0 0 0 0 0 0 203 1648 
207 290 883 0 0 4 2 33 
10 0 2 0 0 0 226 1305 
0 17024 1615 0 0 1818 6 171 
1023 0 0 0 0 0 0 6893 
155 6177 0 0 0 0 0 59 
0 0 0 3 0 0 2964 0 
0 1 142 0 0 75 43 439 
0 0 4055 193 0 0 0 0 
6 0 15 18 1031 2501 1 0 
0 0 0 0 0 43 3200 0 
0 0 0 0 0 1 159 356 
0 0 401 0 0 0 3 0 
677 23 1 0 0 0 0 822 
0 178 1243 82 482 269 0 0 
0 0 0 0 42 34844 22 0 
58 0 8 0 123 1250 703 214 
0 0 0 0 0 0 246 594 
0 0 0 0 26 0 501 1184 
0 0 0 138 555 14415 8028 393 
0 0 0 0 0 0 265 0 
21399 1 0 0 0 0 0 381 
1014 15233 0 0 0 0 0 144 
0 0 107 0 0 0 0 1032 
0 0 0 0 0 78 62 2556 
0 120 219 0 149 24451 4 13 
124 0 0 3 0 37 1352 8374 
