735 1256 916 0 262 2523 4337 4493 
0 0 21 1 17 51248 143 2 
27 4067 2155 0 0 25 10 452 
703 1 3 0 0 15 1225 11197 
2468 233 0 0 0 1 86 8430 
6 251 572 0 149 25660 4 919 
776 0 19 0 0 0 0 4 
85 1 0 0 1 133 1253 10737 
405 26046 12 0 0 51 494 49 
0 0 0 0 0 567 1294 689 
0 0 130 0 1113 15923 7810 2187 
0 0 637 0 1493 32617 2071 0 
924 14797 4 0 0 187 115 231 
1461 0 0 0 0 0 0 37 
0 0 12097 0 809 115 0 8 
3 0 0 0 0 0 113 3042 
0 0 71 0 29 161 7793 699 
1694 55 0 1 0 7 517 19498 
0 2 0 6 0 0 587 3191 
919 2231 219 0 645 6499 1888 1201 
0 1797 0 0 0 755 0 110 
0 0 100 0 17 15068 1402 0 
0 127 0 0 0 547 3379 19 
4277 707 0 0 2 11 11 3352 
29 369 1039 0 9 7395 472 872 
719 425 20 0 0 1616 1425 129 
0 294 0 0 0 0 0 0 
814 2971 2644 34 0 31 87 1776 
0 0 0 0 52 646 3750 440 
0 0 62 0 0 1082 208 0 
0 0 0 0 1 1245 0 153 
10 0 0 0 7 0 327 0 
0 1 0 0 0 1781 0 0 
1791 3 0 0 0 0 0 1121 
0 0 0 0 0 0 223 1655 
220 230 633 11 0 51 56 154 
0 10 10 0 0 278 263 988 
261 14825 1754 1 0 1977 809 788 
983 0 0 0 2 0 0 6543 
142 6497 9 0 0 6 1 69 
0 5 0 1 0 16 2928 14 
0 0 170 1 6 54 104 360 
0 29 3981 219 0 0 0 0 
0 0 25 15 1038 2461 3 0 
0 0 0 0 0 46 3190 0 
0 0 2 0 0 0 143 397 
0 154 199 0 0 23 0 28 
610 45 0 0 0 2 0 733 
12 275 1108 81 415 364 0 2 
0 0 0 0 252 21054 22 0 
65 0 14 0 115 1070 613 136 
0 1 0 0 0 0 250 597 
0 0 0 0 31 0 530 1155 
0 0 0 163 595 14508 7863 812 
0 1 0 0 0 2 263 0 
21997 0 0 0 0 2 0 450 
