672 1171 941 0 712 2360 4314 4441 
0 0 20 0 32 40887 164 0 
0 3587 3045 1 0 0 0 317 
858 0 0 2 0 1 1353 10849 
2554 185 0 0 0 0 66 8337 
0 225 602 0 227 25504 0 819 
866 0 17 0 0 0 0 13 
109 0 0 0 0 146 1187 10886 
536 26069 38 0 0 0 304 0 
0 1 0 0 0 566 1356 625 
0 0 157 1 1084 15774 7791 2163 
0 0 593 0 1566 33056 1514 0 
1329 0 0 0 1 0 0 44 
0 0 11867 0 789 123 0 1 
0 0 0 0 0 1 84 3065 
0 0 49 0 24 180 7778 762 
1782 59 0 0 0 6 546 19510 
0 0 0 0 0 8 587 3256 
465 2202 133 9 1122 7355 1491 979 
0 1852 0 0 0 720 0 59 
0 0 107 1 14 15138 1407 0 
0 117 0 0 0 71 3853 0 
4368 679 0 0 0 0 0 3297 
2 36 1010 0 0 7954 373 774 
528 482 3 0 1 1643 1614 19 
0 295 0 0 0 0 0 0 
365 2458 3550 0 0 15 131 1839 
0 0 0 0 57 661 3697 446 
0 0 37 0 0 1153 196 0 
0 0 0 0 0 1222 0 177 
0 0 1 0 0 0 544 0 
0 0 0 0 0 1782 0 0 
1750 0 0 0 0 0 1 1152 
0 0 0 0 0 0 217 1695 
136 311 774 9 0 0 94 66 
0 47 0 17 0 145 273 1067 
70 15619 2111 0 0 1811 265 621 
1131 0 0 0 0 0 0 6516 
154 6469 0 0 0 0 0 77 
1 0 1 10 0 0 2952 0 
0 0 123 0 5 62 78 427 
1 3 4053 158 0 0 0 0 
0 0 32 10 1102 2406 1 0 
0 0 0 0 0 38 3199 0 
0 0 1 0 0 0 166 367 
0 20 378 0 0 6 0 0 
603 33 0 0 0 0 0 754 
0 201 1222 47 441 340 2 7 
0 0 0 0 42 31297 18 0 
50 0 13 2 110 1174 692 217 
0 0 0 0 0 0 244 604 
0 0 0 0 24 0 547 1145 
0 0 0 124 563 14676 7837 619 
0 0 0 0 0 0 266 0 
21904 0 0 0 0 0 0 425 
1021 15057 0 2 0 79 66 181 
