691 1290 883 0 232 2537 4418 4371 
1 0 12 0 41 47574 110 0 
0 3783 2554 1 0 20 1 485 
959 0 1 0 0 5 1235 11075 
2356 236 2 0 0 1 74 8533 
0 326 530 0 158 25553 6 954 
762 0 21 0 0 0 5 0 
115 0 0 1 0 140 1238 10819 
391 26200 17 0 0 8 382 25 
1 0 0 2 0 545 1266 728 
3 0 150 0 1094 15783 7924 2237 
0 0 575 0 1478 33011 1560 0 
1071 14819 2 1 3 187 48 182 
1385 0 0 0 0 0 0 39 
0 0 11973 0 822 122 0 3 
0 1 0 0 0 0 92 3077 
0 0 64 0 49 165 7821 677 
1655 34 0 0 0 9 560 19454 
0 0 0 0 0 0 648 3138 
775 2040 192 0 786 7120 1742 991 
0 1777 0 0 0 765 0 120 
1 0 96 0 21 15084 1359 0 
0 83 0 1 0 287 3624 23 
4397 654 1 2 0 6 0 3423 
2 204 1046 0 0 7580 562 787 
632 466 18 6 0 1673 1425 113 
0 295 0 0 0 0 0 0 
746 2913 2884 13 0 60 93 1649 
0 0 0 0 25 539 3845 477 
0 0 22 0 0 1211 229 0 
0 0 0 0 0 1191 0 208 
1 0 0 0 0 1 538 0 
0 0 0 0 0 1782 0 0 
1751 0 0 0 0 0 0 1120 
0 0 0 0 0 0 197 1718 
179 318 672 14 0 22 53 135 
0 10 2 0 1 238 259 1039 
93 14947 2085 0 0 2013 556 745 
1080 0 0 0 0 0 4 6354 
158 6477 0 0 0 0 0 71 
9 0 0 0 1 8 2946 0 
0 0 159 0 0 34 107 395 
0 7 3996 188 0 0 0 0 
0 0 17 16 987 2511 0 0 
1 0 0 0 0 54 3180 0 
0 0 2 0 1 3 198 338 
0 53 321 0 0 28 0 2 
598 28 0 0 0 6 1 757 
4 272 1050 72 447 415 0 0 
0 0 1 0 279 24712 23 0 
50 1 10 0 127 1117 574 134 
0 0 0 0 0 0 239 610 
1 0 0 0 22 0 531 1162 
0 0 0 131 641 14490 7996 592 
0 0 0 2 0 0 263 0 
22057 0 0 0 0 0 0 382 
