19195 5490 0 256 31 29 45 8 0 457 
616 41 486 20 8608 5362 0 0 24 0 
7260 0 4 0 0 13 2444 616 712 0 
5760 0 0 0 3 2264 118 0 1577 0 
0 0 0 4950 55 9 0 0 0 0 
0 1 0 1 105 1262 0 0 0 0 
0 0 0 0 0 0 502 0 0 0 
4 0 1 9 0 393 414 0 1 0 
100 2764 0 0 37 2 0 74 0 313 
4 21 0 1443 0 0 3 6 31 2 
0 3155 0 0 0 0 0 0 1 0 
0 0 0 0 25 403 159 0 0 0 
6272 0 0 0 0 0 0 0 0 0 
0 0 0 0 0 176 459 2 0 0 
0 0 0 0 0 0 3178 0 0 0 
0 0 0 1552 1763 88 0 0 0 131 
381 0 0 0 0 24 5 0 1824 0 
0 0 0 0 0 0 0 0 1650 4 
0 1 324 860 18 23 0 0 0 0 
0 0 0 1 0 0 177 0 0 0 
0 0 0 0 0 792 467 1 0 32 
388 0 0 1 0 22 0 0 0 235 
