17898 2337 0 234 65 1 19 9 0 432 
606 33 437 14 8619 5285 0 9 11 25 
7567 1 1 0 0 23 2454 684 557 0 
5156 0 0 12 16 2485 122 0 1689 0 
0 0 0 4867 35 0 0 0 0 0 
0 0 0 0 112 1265 0 0 0 0 
0 0 0 6 0 0 494 0 1 0 
0 0 0 8 0 388 412 0 0 0 
13 3649 5 0 23 0 0 0 0 0 
4 16 0 1481 0 0 0 0 8 0 
0 3174 0 0 0 0 0 0 0 0 
0 0 0 0 31 471 148 0 0 0 
6274 0 0 0 0 3 0 0 1 0 
0 0 0 0 0 163 469 1 0 0 
0 1 0 0 0 0 3254 2 0 0 
0 0 0 0 245 0 1 0 0 1 
1329 0 0 0 13 73 0 0 1004 4 
0 2 0 0 0 0 49 0 1608 0 
1 0 347 988 9 23 3 2 0 0 
0 0 0 0 0 0 178 0 0 0 
0 0 0 0 0 744 466 0 0 33 
395 1 1 0 0 2 1 0 0 264 
0 3295 0 0 0 14 6 0 0 0 
0 0 0 1505 1604 105 0 0 0 137 
491 15 0 1 0 0 0 0 0 0 
