18616 2402 0 209 51 3 21 1 0 377 
538 20 623 26 8697 5218 4 0 7 0 
7519 1 0 0 0 20 2443 607 607 0 
5332 0 0 0 24 2415 81 0 1695 2 
1 0 3 4944 32 0 0 0 0 0 
0 0 0 0 110 1274 0 0 0 0 
0 0 0 0 0 0 504 0 0 0 
0 0 0 7 0 401 409 0 0 1 
0 3580 1 0 38 0 1 0 0 0 
0 0 6 1395 0 0 0 0 116 0 
0 3172 0 0 0 0 0 0 0 0 
2 0 0 0 31 460 149 0 0 0 
6388 0 0 0 0 1 0 0 0 0 
0 0 0 0 0 186 446 0 0 0 
0 0 0 0 0 0 3207 0 0 0 
0 0 0 1319 1843 139 0 0 0 185 
1123 4 0 0 0 2 0 0 1263 1 
0 0 0 0 0 0 2 0 1652 0 
0 9 358 903 10 34 0 0 0 3 
0 0 0 0 0 0 176 0 2 0 
0 0 0 0 0 739 458 0 0 34 
364 0 0 4 0 12 0 27 2 246 
0 3186 0 0 0 7 7 0 2 0 
