18048 3009 0 207 46 6 43 17 0 402 
736 25 501 39 8777 5039 0 0 35 0 
7410 0 6 0 0 41 2387 627 731 0 
5336 0 0 0 6 2443 82 0 1684 0 
0 0 2 4960 41 0 2 0 0 0 
0 0 0 2 114 1274 0 0 0 0 
0 0 0 0 0 0 504 0 0 0 
0 0 0 7 0 433 373 1 0 0 
17 3499 0 0 16 0 0 30 5 0 
0 0 0 1387 0 0 0 0 15 102 
0 3168 0 0 0 0 0 0 0 0 
0 0 0 0 28 454 150 0 0 0 
6409 0 0 0 1 2 0 0 0 0 
0 0 2 0 0 188 445 0 0 0 
0 0 0 0 0 0 3203 0 0 0 
0 0 0 1457 1723 100 0 0 0 197 
767 14 0 0 0 15 0 0 1582 0 
0 0 0 0 0 0 0 0 1657 0 
0 0 416 859 10 21 0 0 0 0 
0 0 0 0 0 0 178 0 0 0 
0 0 0 0 0 732 475 0 0 34 
411 0 13 0 0 38 3 0 0 188 
31 3090 3 0 0 6 3 0 0 0 
