6992 796 1023 655 3874 7960 2716 472 1434 818 
12846 1370 77 238 202 60 155 98 57 72 
5 4 8 4 4 3 10501 272 51 0 
9705 0 0 0 2 0 5 0 12 0 
0 3 0 74 4238 1054 0 0 0 0 
1325 0 2 0 4 29 0 0 0 0 
0 0 0 0 0 564 12 0 0 0 
0 40 51 563 32 59 59 8 20 2 
0 1 0 0 2 3115 0 0 0 239 
8 0 1 0 1 1292 3 0 142 0 
33 2649 47 0 388 11 43 1 20 15 
0 0 9 0 101 1045 421 1 141 151 
2591 172 184 1355 43 1161 137 70 102 394 
51 64 146 88 19 164 32 37 9 22 
1683 6 10 75 27 89 39 75 1304 25 
0 1 8 1709 1818 5 0 0 0 34 
58 11 5 156 12 1508 34 4 37 11 
35 0 159 145 86 32 79 70 994 47 
0 0 103 23 19 652 0 0 0 1 
