17979 2430 0 222 23 1 22 1 0 402 
654 32 548 20 8524 5223 0 0 5 0 
7374 0 0 0 0 34 2650 617 578 0 
5413 0 0 0 5 2405 70 0 1608 0 
0 0 0 4893 33 0 0 0 0 0 
0 0 0 0 110 1274 0 0 0 0 
0 0 0 1 0 0 499 0 0 0 
0 0 0 11 4 385 402 0 0 1 
0 3672 3 0 14 1 0 0 2 0 
0 0 0 1506 5 0 0 0 0 0 
0 3163 0 0 0 2 0 0 0 0 
0 0 0 0 32 463 151 0 0 0 
6256 0 0 0 0 0 0 0 0 0 
0 0 1 0 0 143 489 0 0 1 
0 0 0 0 0 0 3256 0 0 0 
0 0 0 0 260 0 0 2 0 0 
1306 0 0 5 9 24 0 0 1064 0 
0 1 0 0 0 0 22 0 1628 0 
0 0 365 979 16 21 0 0 0 0 
0 0 0 0 0 0 178 0 0 0 
0 0 0 0 0 752 457 0 0 33 
497 0 0 0 0 18 0 0 0 146 
0 3288 0 0 0 12 8 0 0 0 
0 0 0 1389 1637 135 0 0 0 163 
503 2 5 0 0 0 0 0 2 0 
