18045 3087 1 227 51 2 20 4 18 348 
643 101 436 23 8873 5055 0 0 28 0 
7314 0 0 0 0 90 2484 787 528 0 
5217 0 0 1 2 2592 86 24 1618 0 
0 0 0 4950 53 0 0 0 1 0 
0 0 0 0 128 1259 0 0 0 0 
0 0 0 0 0 0 504 0 0 0 
0 0 0 3 0 403 401 3 0 2 
40 3527 0 0 13 0 0 0 0 0 
0 0 0 1325 0 0 0 13 0 166 
0 3164 1 0 0 0 0 1 0 0 
0 0 1 0 29 447 153 0 0 0 
6402 0 0 0 0 1 0 0 1 0 
0 0 0 1 0 176 458 0 0 0 
0 0 0 0 0 0 3206 0 0 0 
0 0 0 1387 1828 134 0 0 0 130 
679 7 0 4 0 10 3 0 1662 7 
0 0 0 0 0 0 0 1 1657 1 
0 0 383 861 14 37 0 2 0 3 
0 0 1 0 0 0 177 0 0 0 
0 0 0 0 0 745 458 0 0 35 
386 0 3 0 0 34 0 0 0 229 
129 2967 0 0 0 6 23 0 0 0 
