7948 0 456 144 1133 5523 1959 2 728 7 
13559 560 0 18 8 0 0 44 0 0 
0 0 0 0 0 7 10997 269 1 0 
8820 0 0 0 0 0 0 0 1 0 
0 0 0 0 3281 159 0 0 0 0 
1338 1 0 0 0 36 0 0 0 0 
0 0 0 0 0 488 11 0 0 0 
0 0 0 775 3 0 6 0 0 0 
0 0 0 0 2 3680 0 0 0 24 
11 0 0 0 0 1344 1 0 149 0 
36 2975 10 0 0 0 3 0 2 10 
0 0 0 0 3 399 245 0 0 0 
4308 0 0 1649 0 1 2 0 0 0 
30 0 324 54 0 226 0 0 0 0 
2291 0 0 2 0 0 58 52 826 47 
0 394 3 0 0 1 0 0 0 0 
4 0 0 112 0 2275 5 0 0 0 
0 0 0 0 1 1 0 12 1647 0 
0 0 91 20 14 1257 0 0 0 0 
0 0 1 0 0 0 0 0 177 0 
0 0 0 0 136 672 401 0 0 0 
0 0 0 3 0 0 0 0 0 591 
0 0 0 131 1752 1266 2 0 0 3 
2 0 10 1942 831 3 0 0 0 0 
0 6 508 0 1 1 0 2 0 0 
0 0 0 121 2018 3 0 0 0 0 
5 0 0 0 0 0 1 0 470 0 
927 0 0 0 0 0 0 0 842 1265 
1 11 4 713 30 0 0 2 0 0 
4 726 0 0 0 57 0 0 0 16 
