8773 130 866 86 2729 5309 1859 1 1536 234 
13657 1270 0 89 33 0 1 25 0 16 
0 0 0 0 0 14 10968 253 5 0 
9479 0 0 0 0 0 0 0 0 0 
3 0 0 14 4732 182 0 0 0 0 
1350 0 0 0 0 35 0 0 0 0 
0 0 0 0 0 494 7 0 1 0 
0 0 54 741 2 12 0 0 0 0 
0 0 0 0 1 3650 2 0 0 29 
7 0 0 0 0 1368 0 0 141 0 
7 3164 0 2 0 0 0 0 2 0 
0 0 1 0 0 400 249 0 0 0 
4667 0 0 1636 4 0 0 8 0 3 
0 1 318 0 1 311 0 0 2 0 
2328 0 0 0 0 1 15 54 761 83 
0 3 0 131 4 0 0 48 0 0 
0 0 0 107 0 2305 17 0 0 0 
0 0 0 0 0 0 0 0 1658 1 
0 0 82 35 17 1217 0 0 0 0 
0 0 0 0 0 0 0 0 178 0 
0 0 0 6 141 594 347 0 0 148 
0 0 0 0 0 1 0 0 0 664 
0 97 0 126 1713 1379 1 0 0 0 
0 0 7 1896 1387 4 0 0 0 50 
