9089 222 737 131 2336 5313 1930 0 1659 187 
13415 1517 0 157 18 0 1 17 0 0 
0 0 0 2 1 13 10935 285 1 0 
9475 0 0 0 0 0 0 0 1 0 
0 1 0 29 4786 174 0 0 0 1 
1354 0 0 0 0 29 0 0 0 0 
0 0 0 1 0 498 6 0 0 0 
2 1 73 709 31 2 0 2 0 1 
0 0 1 0 1 3617 0 0 0 39 
16 0 0 0 0 1332 0 0 162 2 
3 3161 0 0 11 0 0 0 0 0 
0 0 0 0 0 365 275 0 0 2 
4934 0 0 1398 0 0 36 0 19 0 
0 0 276 0 27 328 0 0 0 0 
2310 0 0 0 2 0 11 44 820 40 
0 0 15 1999 1413 5 0 0 0 58 
1 0 0 126 0 2268 3 0 0 0 
0 0 0 0 0 0 15 1 1645 2 
0 0 95 17 12 1189 0 0 0 0 
0 0 0 0 0 0 0 0 178 0 
0 0 0 0 89 738 284 0 0 118 
0 0 0 0 0 0 0 0 7 653 
0 91 0 128 1704 1298 14 0 0 0 
