8546 433 633 124 2514 5764 2114 0 1571 97 
13517 1457 0 138 38 0 0 14 0 0 
0 0 0 0 8 5 10848 344 1 0 
9533 0 1 1 3 0 0 0 17 1 
0 1 2 21 4821 162 0 0 0 0 
1346 0 0 0 0 33 0 0 0 1 
0 0 0 0 0 492 12 0 0 0 
1 0 31 774 4 1 3 0 0 0 
0 0 0 0 1 3532 0 0 0 41 
3 0 0 0 0 1351 0 0 159 0 
22 3131 8 0 0 0 0 5 0 0 
0 0 0 0 0 396 231 0 0 1 
4908 0 2 1486 0 0 4 0 0 0 
0 0 375 9 0 167 55 28 0 0 
2320 0 0 0 0 5 40 67 677 97 
4 0 9 2061 1329 8 0 0 0 64 
0 0 1 133 0 2202 22 0 0 0 
0 0 0 11 0 0 38 0 1611 0 
0 0 76 17 14 1186 1 0 0 0 
0 0 0 0 0 0 0 0 178 0 
0 3 0 0 118 677 334 2 0 103 
0 0 0 0 0 0 0 0 18 636 
56 0 2 119 1767 1144 33 0 15 0 
