7892 325 653 272 5199 6779 1936 0 1707 200 
13595 1310 1 194 33 0 0 37 0 0 
0 0 0 0 1 8 10851 307 5 0 
9681 0 0 0 0 0 0 0 10 0 
0 0 0 13 4847 165 0 0 1 0 
1357 0 0 0 0 20 0 0 0 0 
0 0 0 0 0 495 7 0 1 0 
0 0 79 717 22 1 0 1 0 0 
0 0 0 1 1 3534 0 0 0 36 
8 0 0 3 0 1349 0 0 153 0 
15 3145 0 1 0 0 3 0 0 1 
0 0 0 0 0 411 216 0 0 0 
4376 0 1 1906 0 0 0 22 0 0 
0 0 375 21 0 239 0 0 0 0 
2333 0 0 1 0 2 10 56 742 58 
0 0 15 1926 1489 1 0 0 0 56 
0 0 0 120 0 2183 18 0 0 0 
1 0 5 0 0 0 25 0 1626 0 
0 0 74 15 13 1157 0 0 0 0 
0 0 0 0 0 0 0 0 178 0 
1 0 3 0 84 713 344 0 0 96 
0 0 0 0 0 0 0 0 0 656 
