7909 198 458 117 2821 5614 1912 0 1710 300 
13228 1568 0 158 20 0 0 14 0 0 
0 0 0 1 0 9 10920 331 5 0 
9464 0 0 1 0 0 0 0 17 0 
0 0 0 16 4727 172 0 1 1 0 
1371 0 0 0 0 20 0 0 0 0 
0 0 0 0 1 490 10 0 0 0 
0 0 56 734 2 0 0 2 6 0 
0 1 0 0 1 3662 0 0 0 35 
16 0 0 0 0 1370 0 0 127 0 
6 3152 0 0 0 0 11 0 0 0 
4 0 0 0 0 329 312 0 0 0 
4815 3 0 1487 0 0 7 0 0 0 
0 2 433 0 0 198 0 0 0 0 
2345 3 0 0 4 0 7 68 761 68 
1 0 0 163 0 63 0 0 0 35 
1 0 0 111 0 2291 8 0 0 0 
0 0 0 0 0 0 0 0 1649 1 
0 3 91 26 11 1245 0 2 0 0 
0 0 0 0 0 0 0 0 178 0 
0 0 0 0 112 671 348 0 0 114 
0 0 0 0 0 0 0 0 0 660 
1 93 0 165 1730 1307 1 0 0 0 
0 0 8 1930 1362 1 0 0 0 36 
0 10 477 6 10 0 4 4 0 0 
