17846 2418 2 201 35 17 36 9 0 428 
526 53 572 30 8452 5400 0 0 22 0 
7536 0 0 0 0 41 2463 689 556 0 
5318 0 0 0 14 2488 90 0 1557 0 
0 0 0 4876 39 0 0 0 0 0 
0 0 0 0 100 1282 0 0 0 0 
0 0 0 0 0 0 501 0 0 0 
0 1 0 6 0 390 411 1 0 0 
0 3674 2 0 18 1 0 0 0 0 
0 0 0 1506 0 0 0 13 0 0 
0 3175 0 0 0 0 0 0 0 0 
0 0 0 0 29 465 156 0 0 0 
6269 0 0 0 0 3 0 0 0 0 
0 7 0 0 1 169 459 0 0 0 
0 0 0 0 0 0 3254 0 0 0 
0 0 1 0 228 0 0 5 1 0 
1186 0 0 0 0 93 0 0 1149 0 
14 0 1 0 0 0 28 0 1616 0 
0 2 340 963 22 32 0 0 3 0 
0 0 0 0 0 2 176 0 0 0 
0 0 0 0 0 740 470 0 0 33 
421 1 0 0 0 7 0 0 0 234 
0 3293 0 0 0 2 15 0 2 8 
0 0 0 1393 1694 108 0 0 0 151 
433 37 2 9 0 14 0 0 4 0 
