18212 2257 0 0 42 3 24 1 0 312 
663 40 598 19 8669 4978 3 0 30 0 
7225 0 0 0 0 49 2743 632 638 0 
5813 0 0 0 22 2512 96 1 571 0 
0 1 0 3693 58 0 0 1 0 0 
0 0 0 0 109 1268 0 0 0 0 
0 0 0 0 0 0 503 0 0 0 
0 0 0 7 0 390 399 0 0 0 
0 3719 0 0 6 0 0 0 0 0 
0 16 0 1498 2 0 0 0 0 0 
0 3165 0 0 0 0 0 0 0 0 
0 0 0 0 26 479 142 0 0 0 
6266 0 0 0 0 0 1 0 0 0 
0 0 0 0 0 178 458 0 0 0 
0 1 0 0 0 0 3267 0 0 0 
0 0 0 0 258 0 0 1 0 0 
1269 0 6 0 0 28 5 1 1099 0 
0 0 1 2 0 3 13 1 1631 0 
0 1 409 878 14 47 0 0 0 0 
0 0 0 0 0 0 178 0 0 0 
0 0 0 0 0 734 477 0 0 37 
439 0 14 0 0 2 0 3 0 205 
0 3313 0 0 0 2 5 0 0 0 
0 0 0 651 1919 137 1 7 0 211 
494 0 0 16 6 0 0 0 1 0 
0 0 0 1696 37 0 0 0 0 0 
3 0 0 0 0 0 2 0 477 0 
