8127 2 515 93 1165 5000 2174 0 847 0 
13456 666 3 22 13 0 0 19 1 0 
0 0 0 0 1 6 10941 314 3 0 
8818 0 0 0 0 0 0 0 0 0 
0 0 0 0 3299 159 0 0 0 0 
1358 0 0 0 0 20 0 0 0 0 
0 0 0 0 0 486 12 0 1 0 
0 0 0 785 2 1 0 0 0 0 
0 0 0 0 2 3682 0 0 0 24 
31 0 0 0 0 1303 0 0 159 0 
41 2995 0 0 0 0 0 1 0 0 
0 0 0 0 0 351 293 1 0 3 
4224 0 0 1758 0 0 0 0 0 7 
10 0 270 32 0 321 0 0 0 0 
2254 1 0 0 0 0 36 42 904 40 
0 398 0 0 1 0 0 0 0 0 
0 0 0 102 1 2265 16 0 0 0 
0 0 0 1 0 0 0 0 1660 1 
0 0 92 15 11 1268 2 0 0 0 
0 0 1 0 0 0 0 0 177 0 
0 0 0 0 131 678 401 0 0 0 
0 0 0 0 0 11 0 0 0 583 
0 3 0 113 1834 1199 2 0 0 0 
0 0 11 1928 845 8 0 0 0 1 
1 0 472 0 44 0 0 0 0 0 
0 0 0 172 1947 5 0 0 2 0 
0 9 0 0 0 0 8 0 459 0 
734 0 0 0 0 6 0 0 739 1536 
8 66 0 678 0 0 0 0 0 0 
83 659 2 6 5 22 2 0 0 22 
