8513 433 678 183 2546 5657 2173 0 1536 94 
13586 1391 0 124 37 0 0 20 0 0 
0 0 0 0 4 2 10863 328 1 0 
9550 0 0 0 1 0 0 0 10 0 
0 0 0 19 4808 181 0 0 0 0 
1348 0 0 0 0 31 1 0 0 1 
0 0 0 0 0 495 9 0 0 0 
0 0 41 769 2 1 1 0 0 0 
0 0 1 0 2 3529 0 0 1 39 
3 0 0 0 0 1369 0 0 143 0 
10 3132 11 0 0 0 0 13 0 0 
0 1 0 0 0 391 233 1 1 0 
4907 0 4 1480 1 0 3 0 0 1 
0 0 357 5 0 209 32 29 0 2 
2307 0 0 0 0 6 24 56 689 124 
1 0 9 2051 1365 4 0 0 0 46 
0 0 3 154 0 2182 16 0 0 0 
0 0 0 10 0 0 31 0 1619 0 
0 0 88 16 15 1171 0 0 0 0 
0 0 0 0 0 0 0 0 178 0 
0 1 0 0 97 691 340 4 1 103 
0 0 0 0 0 0 0 0 12 642 
72 0 0 104 1719 1180 42 0 20 0 
