17424 379 3 0 10 8 44 1 0 30 
621 16 542 25 9067 3897 0 0 11 0 
7397 0 0 0 0 20 2551 564 724 0 
5790 0 0 0 9 2757 75 0 191 0 
0 1 0 3436 42 0 0 0 0 0 
0 0 0 0 109 1266 0 0 0 0 
0 0 0 0 0 0 499 0 0 0 
0 0 0 9 0 374 407 1 0 0 
0 3684 0 0 19 3 1 0 0 0 
4 0 0 1474 0 0 0 0 11 0 
0 3095 0 0 0 0 0 0 0 0 
0 0 0 0 26 474 143 0 0 0 
6002 0 0 0 0 0 0 0 0 0 
0 0 0 0 0 179 452 1 0 0 
0 0 0 0 0 3 3277 0 0 0 
0 8 2 0 387 0 0 0 0 0 
1199 0 8 0 0 33 0 0 1139 0 
4 0 4 0 0 0 0 0 1654 0 
0 0 451 874 23 43 0 0 1 0 
0 0 0 0 0 0 178 0 0 0 
0 0 0 0 1 748 463 0 0 0 
0 3 0 0 0 4 0 0 3 583 
0 3137 0 0 1 8 3 0 0 0 
1 0 0 600 2064 0 0 0 0 131 
492 16 0 0 0 0 0 5 7 0 
0 0 0 2064 39 0 0 0 0 0 
0 0 0 0 0 2 0 0 474 0 
2782 0 0 1 0 3 2 0 0 250 
0 0 0 0 0 752 0 1 0 0 
0 688 0 0 0 0 0 0 0 56 
