7975 162 549 91 1427 5011 2117 0 968 29 
13410 1421 0 141 15 0 4 19 0 0 
0 0 0 0 0 6 10970 314 1 0 
8908 0 0 0 0 0 0 1 0 0 
0 0 0 0 3510 170 0 0 0 2 
1356 1 0 0 0 22 0 0 0 2 
0 0 0 0 0 487 14 0 0 0 
0 0 0 786 7 0 0 0 0 0 
0 0 1 0 7 3678 0 0 0 36 
2 0 0 0 0 1331 0 0 164 1 
13 3149 0 0 1 1 0 2 1 0 
0 0 0 0 0 389 256 0 0 0 
4379 0 0 1709 0 0 2 5 0 0 
0 0 423 0 0 213 0 0 0 0 
2406 0 3 0 6 0 53 41 705 57 
0 15 0 215 32 0 0 2 0 0 
0 0 0 112 0 2275 8 0 7 0 
6 0 0 0 0 0 2 0 1654 0 
1 0 88 21 13 1256 0 0 0 0 
0 0 0 0 0 0 0 0 177 1 
0 0 0 0 154 663 334 0 2 90 
0 0 0 0 0 0 0 0 0 604 
0 105 0 70 1667 1452 4 0 20 4 
6 0 8 2037 828 1 0 0 0 54 
0 0 510 6 0 0 0 0 0 0 
0 0 0 132 1639 20 0 0 0 0 
100 0 1 8 0 0 0 0 364 5 
996 0 0 51 39 67 27 0 805 852 
