17993 3068 0 267 35 7 47 2 0 380 
747 33 535 24 8732 5063 0 0 23 0 
7347 0 8 0 0 49 2510 676 607 0 
5229 0 0 0 2 2477 88 0 1748 0 
0 0 0 4968 36 0 0 0 0 0 
0 0 0 1 100 1283 0 0 0 0 
0 0 0 0 0 0 504 0 0 0 
0 0 0 7 0 437 370 0 0 0 
20 3537 0 0 10 0 0 12 1 0 
0 0 0 1400 0 0 3 0 4 97 
0 3168 0 0 0 0 0 0 0 0 
0 0 0 0 31 449 151 0 0 0 
6404 0 0 0 2 1 0 0 0 0 
0 0 0 0 0 181 454 0 0 0 
0 0 3 0 0 0 3201 0 0 0 
0 0 0 1386 1805 97 0 0 0 188 
617 9 0 0 0 10 0 1 1738 0 
0 0 0 0 0 0 0 0 1658 0 
0 0 364 899 8 30 0 0 4 0 
0 0 0 0 0 0 178 0 0 0 
0 0 0 0 0 746 462 0 0 32 
416 0 13 0 0 18 0 0 0 206 
18 3096 0 0 0 1 8 0 0 0 
