7476 491 723 286 5326 6758 2261 0 1525 189 
13565 1333 0 168 28 0 1 55 0 0 
0 0 2 1 7 4 10869 267 2 0 
9705 0 0 0 0 0 0 1 19 0 
3 0 0 6 4812 217 0 0 0 0 
1356 0 0 0 0 23 0 0 0 0 
0 0 0 0 0 493 8 1 1 0 
0 0 121 688 9 0 0 0 0 2 
0 1 0 2 3 3477 0 0 0 44 
9 0 0 0 0 1304 0 0 189 3 
33 3117 0 0 1 0 3 0 0 13 
0 0 4 2 0 396 229 0 0 2 
4068 0 0 2216 0 0 8 3 0 0 
0 0 279 0 0 351 3 0 0 0 
2307 0 6 0 0 0 9 57 741 80 
0 0 7 2006 1415 6 0 0 1 44 
0 3 0 100 0 2199 4 0 0 0 
0 0 0 0 1 14 20 0 1620 0 
0 0 91 13 11 1154 0 0 0 0 
0 1 0 0 0 0 0 0 177 0 
0 0 0 1 110 651 333 0 9 137 
0 0 0 0 0 0 0 1 0 649 
