18344 2507 0 274 37 18 16 1 0 395 
523 43 454 16 8782 5232 1 5 19 0 
7630 13 0 0 0 24 2456 526 596 0 
5324 0 14 11 13 2537 103 0 1497 1 
0 0 0 4891 44 0 0 0 0 0 
0 0 1 0 120 1263 0 0 0 0 
0 0 0 0 0 0 501 0 0 0 
0 0 0 9 0 397 411 0 0 0 
0 3652 0 0 39 0 0 0 0 0 
0 0 0 1508 0 0 0 0 0 5 
0 3173 0 0 0 0 0 0 0 0 
0 0 0 0 27 468 150 0 0 0 
6304 0 0 0 0 0 0 0 0 0 
0 0 0 0 0 201 431 0 0 0 
0 0 0 0 0 0 3241 0 0 0 
0 0 0 1431 1784 148 0 1 0 164 
1325 0 0 0 1 20 0 0 1049 0 
1 11 0 1 0 34 0 0 1613 0 
0 5 395 918 9 26 0 0 0 0 
0 0 0 0 0 0 177 1 0 0 
0 0 0 0 0 736 465 0 0 28 
449 0 0 0 0 5 0 0 0 209 
0 3272 0 0 0 8 6 0 0 0 
