8032 414 701 106 2822 6006 2055 0 1542 113 
13783 1175 0 128 24 0 2 36 0 0 
0 0 0 0 0 3 10858 344 4 0 
9530 0 0 0 1 0 0 0 10 0 
0 3 0 27 4802 178 0 0 0 0 
1356 0 0 0 0 30 0 0 0 0 
0 0 0 1 1 493 8 0 1 0 
2 0 34 776 2 0 0 0 0 0 
0 0 0 0 1 3534 0 0 0 36 
3 2 0 0 0 1341 0 0 165 0 
44 3118 0 0 0 0 1 4 1 0 
0 0 0 0 0 372 257 0 0 0 
4666 0 0 1727 0 0 5 1 0 0 
0 1 425 0 0 165 18 23 0 3 
2292 0 0 0 1 6 23 42 790 49 
0 1 13 1940 1471 6 0 0 0 42 
0 0 10 105 1 2263 3 0 0 0 
0 0 0 0 0 0 26 0 1631 0 
0 0 94 19 16 1166 3 0 0 0 
0 0 0 1 0 0 0 0 177 0 
0 0 0 0 155 659 272 0 0 155 
0 0 0 0 0 0 0 0 3 650 
0 6 0 147 1707 1274 5 0 0 0 
