17861 2489 0 39 26 14 17 3 2 414 
588 36 482 17 8777 5080 0 0 20 0 
7594 0 0 0 1 58 2355 621 655 0 
5376 0 0 0 3 2340 86 0 1649 0 
0 0 4 4011 32 0 0 0 0 0 
0 0 0 0 121 1262 0 0 0 0 
0 0 0 0 0 1 502 0 0 0 
0 0 0 8 2 358 426 0 0 0 
2 3701 0 2 3 8 0 0 0 0 
0 23 0 1487 0 0 0 0 0 0 
0 3161 0 0 0 0 0 1 0 0 
0 0 1 0 28 452 165 0 0 0 
6318 0 0 0 0 0 0 0 0 0 
0 0 0 0 0 156 479 0 0 0 
0 0 0 0 0 0 3262 0 0 0 
1 0 0 0 259 0 2 0 0 0 
1165 0 0 0 0 20 25 0 1195 0 
0 0 0 0 0 0 14 0 1643 0 
0 0 418 870 7 76 0 3 0 0 
0 0 0 0 0 0 178 0 0 0 
0 0 0 0 0 742 469 0 0 35 
449 0 0 0 3 0 0 0 0 213 
0 3298 0 0 0 5 3 8 0 1 
0 0 0 1270 1601 100 1 0 0 215 
439 66 0 2 1 0 0 0 0 9 
0 0 0 1117 38 0 0 0 0 0 
