8654 233 629 66 2905 5243 1997 0 1620 260 
13584 1332 0 163 15 0 0 23 0 0 
0 0 0 0 0 3 10972 285 3 0 
9481 0 0 0 0 1 0 2 6 0 
0 0 0 30 4766 161 0 0 0 0 
1362 0 2 0 0 22 0 0 0 0 
0 0 0 0 0 490 13 0 0 0 
0 0 67 722 8 0 1 8 9 1 
0 0 0 0 1 3608 0 0 0 36 
9 0 0 0 0 1350 0 0 149 0 
8 3165 0 5 0 0 0 2 0 0 
0 1 0 0 0 416 226 0 0 0 
4547 0 0 1776 0 0 0 0 29 7 
0 0 364 0 0 268 0 0 1 2 
2267 3 0 0 0 1 11 44 823 78 
0 0 3 1964 1502 2 0 1 0 28 
0 0 0 103 0 2255 14 0 0 0 
0 0 0 0 8 0 27 0 1629 0 
0 0 98 17 15 1211 0 0 0 0 
0 0 0 0 0 0 0 0 178 0 
0 0 3 0 121 670 294 0 0 144 
0 0 0 0 0 0 0 0 0 663 
0 137 0 151 1742 1223 1 0 0 0 
