8705 127 702 116 2753 4988 2040 1 2023 208 
13587 1314 0 158 23 3 0 31 0 0 
0 0 0 0 0 15 10969 259 2 0 
9482 0 0 0 0 0 0 0 0 0 
0 0 0 27 4764 150 0 0 0 0 
1350 1 0 0 0 32 0 0 0 0 
2 0 0 0 0 485 16 0 0 0 
0 0 51 759 4 0 0 0 1 1 
0 0 0 0 3 3597 0 0 0 42 
8 0 0 2 0 1369 2 0 139 0 
6 3167 0 0 0 0 0 2 0 0 
0 0 0 0 7 400 236 0 0 0 
4618 0 0 1700 0 0 0 0 0 0 
0 0 441 0 0 191 0 2 0 1 
2080 4 1 0 0 0 6 92 966 81 
0 0 11 2032 1443 3 0 0 0 32 
0 0 0 130 0 2233 14 0 1 0 
0 0 0 0 15 3 65 0 1578 0 
0 1 87 16 18 1215 0 0 0 0 
0 0 0 0 1 0 0 0 177 0 
0 0 1 0 144 651 315 0 0 121 
2 0 1 0 0 0 0 0 0 663 
0 97 0 199 1755 1187 16 0 1 0 
