8142 142 549 124 2929 5265 1939 0 1733 212 
13496 1378 3 115 11 0 0 18 1 0 
0 0 1 0 0 4 10957 322 2 1 
9468 0 0 0 0 1 0 0 25 0 
0 0 0 16 4746 151 0 1 0 0 
1349 0 0 0 0 32 0 0 0 0 
0 0 6 0 0 481 14 0 0 0 
0 0 36 759 8 0 1 2 0 0 
0 0 0 0 4 3672 0 0 0 31 
8 0 0 0 0 1374 0 0 131 0 
25 3136 4 0 0 0 0 0 0 0 
0 0 0 0 3 396 249 0 1 0 
4528 0 0 1728 0 0 0 1 0 0 
1 7 331 17 1 269 9 0 0 0 
2321 0 0 0 0 0 36 39 778 80 
109 1 0 138 0 0 0 0 0 0 
0 0 0 155 0 2230 25 0 0 0 
0 0 0 2 0 0 0 0 1652 0 
0 0 92 16 11 1248 0 0 0 0 
0 0 0 0 0 0 6 0 172 0 
0 0 0 0 102 719 289 0 0 133 
0 0 0 0 4 0 0 0 0 659 
1 161 0 111 1727 1299 4 0 1 1 
0 0 9 1839 1431 5 0 0 0 62 
17 13 440 0 16 1 19 0 0 0 
