7307 485 869 569 3994 8531 2770 179 1290 590 
13333 1389 32 211 54 24 29 57 10 23 
0 0 0 0 0 3 10573 299 1 0 
9726 0 0 0 0 0 0 0 16 0 
0 0 0 68 4236 1005 0 0 1 0 
1339 0 0 0 0 29 0 0 0 0 
0 0 0 0 0 565 9 0 1 0 
0 43 39 597 13 33 94 13 0 6 
0 0 0 0 5 3127 0 0 0 264 
24 0 0 2 2 1266 0 0 149 0 
23 2799 12 0 355 0 13 0 5 0 
0 1 0 0 89 1032 538 0 32 177 
3106 67 94 1433 8 1029 42 25 42 394 
34 75 166 62 28 177 7 46 24 13 
1797 0 0 21 6 31 23 45 1355 59 
0 0 15 1739 1780 1 0 0 0 43 
15 2 12 184 0 1622 13 0 14 0 
0 0 82 118 19 37 73 29 1281 2 
0 0 94 19 11 756 0 0 0 0 
