19147 5578 0 207 19 20 56 9 0 414 
719 42 433 28 8720 5191 0 0 19 0 
7274 0 3 0 0 11 2562 607 584 0 
5852 2 0 0 2 2215 80 0 1599 0 
0 0 0 4959 52 5 0 0 0 0 
0 0 0 0 103 1269 0 0 0 0 
1 0 0 0 0 0 502 0 0 0 
0 0 0 5 0 398 418 0 0 1 
81 2769 0 0 86 0 0 67 6 326 
0 22 0 1446 1 0 20 10 16 1 
0 3157 0 0 0 0 0 0 0 0 
0 1 0 0 26 400 159 0 1 0 
6268 0 0 0 0 0 0 0 0 0 
0 0 0 0 0 161 473 0 0 0 
0 0 0 0 0 0 3177 0 0 0 
0 1 0 1488 1761 117 0 0 0 158 
374 1 0 0 0 11 12 0 1840 0 
0 0 0 0 0 0 0 0 1654 0 
0 0 397 794 22 15 0 0 0 0 
0 0 0 0 0 0 178 0 0 0 
0 1 1 0 0 796 457 0 0 36 
411 0 0 0 0 12 4 1 0 218 
