7788 116 429 101 1463 5490 2175 1 802 0 
12806 1451 0 19 3 0 0 35 0 0 
0 0 1 1 0 4 10922 339 1 0 
8883 0 0 0 0 0 0 0 0 0 
1 1 0 0 3520 158 0 1 0 0 
1327 2 0 0 1 39 0 0 0 0 
0 0 0 0 0 489 9 0 1 0 
0 0 0 788 7 0 0 1 0 0 
0 0 0 0 1 3685 0 0 0 33 
2 0 1 0 0 1301 0 0 198 0 
18 3146 3 0 0 0 0 0 0 0 
0 0 0 1 0 381 267 0 0 0 
4443 0 0 1613 0 0 0 0 0 0 
0 0 297 0 0 330 0 0 11 0 
2401 0 0 0 0 0 28 75 713 58 
0 19 0 187 0 0 24 42 0 0 
0 0 0 114 0 2276 2 0 0 0 
0 0 0 4 1 0 0 0 1657 0 
0 0 95 18 18 1241 0 0 0 0 
0 0 0 0 0 0 0 5 173 0 
0 0 0 0 104 759 304 0 0 66 
3 0 0 0 0 0 0 0 0 599 
0 137 0 141 1692 1331 5 1 0 0 
1 0 4 2035 847 1 0 0 0 0 
0 0 518 0 0 0 0 0 0 0 
0 0 0 141 1650 17 0 0 0 1 
26 3 0 0 0 26 0 0 414 10 
998 16 0 0 0 0 24 0 770 1147 
303 50 0 304 0 0 30 5 0 0 
