16117 2267 0 0 16 15 11 8 0 284 
596 48 477 4 8420 5441 0 0 16 0 
7523 0 0 13 0 21 2461 739 544 0 
6095 0 1 0 3 2580 100 0 206 0 
0 0 0 3674 21 0 0 0 0 0 
0 0 0 0 104 1268 0 0 0 0 
2 0 1 1 0 0 497 0 0 0 
0 0 0 5 0 385 403 0 0 0 
0 3708 0 0 4 0 5 0 10 5 
0 0 0 1504 0 0 0 0 0 1 
0 3166 0 0 0 0 0 0 0 0 
0 0 0 1 27 451 167 0 0 0 
6243 0 0 0 0 0 0 0 0 0 
0 0 0 0 0 177 458 0 1 0 
0 0 0 0 0 0 3271 0 0 0 
0 0 0 0 262 0 0 0 0 0 
1054 0 0 39 33 17 0 36 1218 0 
1 0 0 0 0 0 0 0 1659 0 
0 0 392 935 6 36 0 0 0 0 
0 0 0 0 0 0 178 0 0 0 
0 0 0 0 0 759 454 0 0 33 
419 2 16 4 0 10 0 0 0 208 
0 3307 4 0 0 4 5 0 1 0 
0 7 0 669 1942 92 3 0 0 221 
487 7 2 0 0 0 0 0 1 19 
0 0 0 1738 43 0 0 0 0 0 
0 0 0 0 0 4 0 0 475 0 
1942 189 0 0 0 0 6 0 0 35 
