7378 482 896 531 4088 8399 2700 102 1429 589 
13434 1329 17 210 46 25 23 47 8 16 
0 0 0 0 0 7 10574 298 1 0 
9710 0 0 0 0 0 0 0 22 0 
0 0 0 69 4187 1026 0 0 1 1 
1338 0 0 0 0 26 0 0 0 0 
0 0 0 3 0 565 7 0 0 0 
0 43 53 593 15 28 85 13 0 5 
0 0 0 0 1 3108 0 0 0 263 
12 0 0 1 0 1289 0 0 145 0 
30 2798 15 0 353 0 7 0 1 0 
0 1 0 0 117 1018 560 1 12 168 
3108 88 126 1512 7 968 41 13 18 360 
46 79 181 61 21 175 6 46 6 10 
1781 0 0 12 8 24 43 34 1371 67 
1 0 9 1786 1740 2 0 0 0 46 
5 2 8 163 0 1690 15 0 0 0 
0 0 51 100 25 28 73 22 1336 8 
0 0 97 19 18 765 0 0 0 0 
