18509 2501 0 164 27 3 51 5 0 354 
470 39 507 39 8661 5396 1 0 20 0 
7571 0 0 14 0 35 2446 503 657 0 
5143 0 0 0 16 2469 124 0 1746 6 
0 1 0 4947 39 0 0 0 0 0 
0 0 0 0 98 1282 0 0 0 0 
0 0 0 0 1 0 503 0 0 0 
0 0 0 8 0 392 418 0 0 0 
10 3612 0 0 24 0 0 0 0 0 
3 0 20 1462 0 0 22 0 0 3 
0 3174 0 0 0 0 1 0 0 0 
0 0 0 0 25 462 156 0 0 0 
6372 0 0 0 0 1 0 0 0 0 
0 0 0 0 0 155 482 0 0 0 
0 0 0 0 0 0 3220 0 0 0 
2 2 0 1381 1813 112 0 0 0 177 
1219 0 0 0 3 18 78 18 1044 0 
2 0 0 0 0 0 3 0 1658 0 
0 0 395 876 19 34 0 0 0 0 
0 0 0 0 0 0 178 0 0 0 
0 0 0 0 0 720 480 0 0 32 
397 0 0 0 0 28 0 1 0 235 
0 3212 0 0 0 7 26 0 0 0 
