7741 356 660 193 5023 6895 2052 1 1718 288 
13642 1299 0 168 30 0 1 26 0 0 
0 0 0 0 0 5 10834 361 2 0 
9618 0 0 0 0 0 0 0 22 0 
0 0 1 8 4785 213 0 0 0 0 
1336 0 0 0 0 40 0 0 0 0 
0 0 0 2 0 487 13 0 2 0 
0 0 50 717 52 0 0 0 0 0 
0 0 0 0 1 3542 0 0 0 42 
14 0 0 0 0 1339 0 0 151 0 
26 3138 0 0 0 0 0 0 0 0 
0 2 0 1 2 412 211 0 0 0 
4487 0 0 1802 3 0 4 49 0 0 
0 0 305 10 0 313 2 0 0 6 
2368 0 0 0 0 0 8 62 690 80 
1 0 12 1958 1468 2 2 0 0 46 
1 0 0 113 0 2218 3 1 0 0 
0 0 0 0 3 2 17 0 1632 0 
0 1 91 15 13 1159 0 0 0 0 
1 0 0 0 0 0 0 0 177 0 
0 0 0 0 149 668 311 0 0 110 
4 1 0 0 1 0 0 0 0 649 
