15466 2541 0 0 22 2 6 6 2 309 
652 20 666 11 9139 3653 0 0 12 0 
7203 0 0 0 0 45 2744 596 683 10 
5942 0 0 0 0 2618 111 0 198 0 
0 0 0 3410 40 0 0 0 0 0 
0 0 0 0 113 1271 0 0 0 0 
0 0 0 0 0 0 499 0 0 1 
0 0 0 4 0 366 423 0 0 1 
0 3716 0 0 3 0 0 1 11 0 
0 3 0 1485 0 5 3 0 6 0 
0 3171 0 0 0 0 0 0 0 0 
0 0 0 0 27 466 151 0 0 0 
6040 0 0 0 0 0 0 0 2 0 
0 0 0 0 3 187 449 0 0 0 
0 0 0 0 1 0 3265 0 0 0 
0 7 0 1 386 0 0 0 0 0 
1191 0 2 0 0 35 2 0 1155 0 
0 4 1 0 1 0 0 0 1656 0 
0 5 415 865 13 58 0 0 0 1 
0 0 0 0 0 0 178 0 0 0 
0 0 0 0 0 745 469 0 0 0 
6 0 0 0 1 22 0 0 1 563 
4 3286 11 0 0 1 2 0 0 0 
0 0 0 587 2065 19 0 0 0 140 
501 5 0 0 0 0 6 0 5 0 
0 0 1 2102 41 0 0 0 1 0 
0 1 0 0 0 0 0 0 476 0 
2711 0 0 0 1 2 1 0 9 258 
0 0 0 1 0 738 0 2 0 0 
