15669 2364 0 0 14 9 25 10 2 265 
534 50 495 26 8638 4650 0 0 13 0 
7589 0 0 0 0 14 2491 632 534 0 
5982 2 0 0 5 2609 107 1 191 0 
0 1 0 3628 35 0 0 0 0 0 
0 0 0 0 104 1272 0 0 0 0 
0 1 0 0 0 0 499 0 0 0 
0 0 0 3 0 399 395 0 0 0 
0 3641 0 2 24 0 0 54 0 0 
0 0 0 1484 1 0 0 16 0 0 
0 3167 0 0 0 0 0 0 0 0 
0 0 0 0 30 466 151 0 0 0 
6064 0 0 0 0 0 0 0 0 0 
0 0 0 0 0 199 437 0 0 0 
0 0 0 0 0 0 3271 0 0 0 
0 0 0 0 269 0 0 0 0 0 
1192 0 0 0 4 59 32 0 1103 3 
0 0 1 0 4 0 0 0 1657 0 
0 0 402 922 21 34 2 0 0 2 
0 0 0 0 0 0 178 0 0 0 
0 0 0 0 0 763 450 0 0 33 
105 0 0 38 0 15 0 0 0 445 
2 3299 0 0 0 11 1 0 0 0 
0 0 0 620 2060 108 0 0 0 116 
501 12 0 3 0 1 0 0 0 0 
0 0 0 1777 40 0 0 0 0 1 
0 0 0 0 0 0 0 0 479 0 
2815 0 0 0 0 0 1 0 0 107 
5 2 4 2 68 506 0 0 0 0 
