9101 210 707 79 2417 5288 1908 3 1501 359 
13473 1399 0 170 17 0 0 26 1 0 
0 0 0 0 0 7 10967 286 3 0 
9475 0 0 0 0 0 0 0 0 0 
0 0 0 19 4731 170 0 1 0 0 
1353 1 0 0 0 27 0 0 0 0 
0 0 1 0 0 489 7 1 0 0 
0 0 51 747 3 0 2 6 0 5 
0 0 0 0 1 3658 0 0 0 35 
9 5 0 0 0 1329 0 0 179 0 
45 3128 0 0 0 0 1 0 0 0 
6 0 0 0 0 411 226 0 0 0 
4638 1 0 1640 2 22 2 3 0 2 
0 0 291 0 0 296 0 46 0 0 
2355 0 0 0 0 6 33 34 765 53 
0 1 2 75 100 0 0 0 1 0 
1 0 0 70 0 2317 10 0 0 0 
0 2 0 0 0 1 22 0 1636 0 
0 0 74 17 19 1235 0 0 0 0 
0 0 0 0 0 0 0 0 178 0 
0 0 0 0 99 664 339 4 0 130 
0 0 0 0 0 0 1 0 0 661 
0 168 0 119 1674 1316 9 0 0 0 
0 1 8 1872 1427 8 0 0 0 46 
