19204 5585 0 229 33 27 49 2 0 452 
676 36 503 13 8614 5314 0 0 14 0 
6882 1 0 2 0 9 2672 705 771 0 
5820 0 0 0 9 2199 126 0 1532 0 
0 0 0 4947 52 8 0 0 2 0 
0 0 0 0 92 1291 0 0 0 0 
0 0 0 1 0 0 502 0 0 0 
0 0 0 10 0 379 432 0 0 0 
105 2565 2 52 37 58 9 61 3 366 
0 26 0 1480 0 0 0 1 0 0 
0 3154 0 0 0 0 0 0 0 1 
0 0 0 0 31 399 148 0 0 0 
6269 0 0 0 0 0 0 0 0 0 
0 0 0 0 0 184 451 0 0 2 
0 0 0 0 0 0 3179 0 0 0 
1 0 0 1367 1905 118 0 0 0 147 
559 0 0 3 0 30 0 0 1633 1 
0 0 0 0 0 0 0 0 1654 0 
0 0 373 811 9 31 0 0 0 0 
0 0 0 0 0 0 178 0 0 0 
0 0 0 0 0 791 478 0 0 31 
360 25 2 0 0 36 0 0 0 219 
