4437 1969 2072 2120 2975 5968 3242 1847 2074 1684 
7534 1425 681 1029 732 708 744 801 800 742 
351 312 312 256 320 374 7547 423 499 282 
7302 282 342 253 177 236 239 268 293 277 
64 74 70 445 3464 1595 58 73 84 51 
1037 30 36 25 19 46 46 28 48 41 
4 15 8 6 6 487 19 16 6 6 
30 80 81 278 46 64 70 74 74 42 
8 2 65 11 9 2690 5 4 9 227 
57 64 64 44 27 829 61 49 174 52 
195 1568 156 194 270 131 192 155 206 125 
87 85 78 69 126 613 315 59 385 143 
1572 490 409 819 380 949 433 360 450 483 
69 36 67 57 70 92 66 74 47 47 
974 194 153 212 197 169 252 165 817 200 
108 49 67 1012 1652 87 91 56 47 110 
114 112 55 131 88 361 91 92 110 74 
125 88 204 177 93 103 151 110 266 135 
