7881 166 428 104 1368 5227 2152 1 1015 23 
13444 1399 0 129 6 1 8 22 0 0 
0 0 0 0 0 4 10998 284 1 0 
8919 0 1 0 0 0 0 0 0 0 
0 0 0 0 3559 136 0 0 0 7 
1360 0 2 0 0 20 0 0 0 0 
0 2 0 0 0 491 8 0 0 0 
0 0 0 779 13 0 0 0 0 1 
0 0 0 0 5 3682 0 0 0 33 
6 0 0 0 0 1329 0 0 165 1 
15 3146 0 0 2 0 0 0 0 0 
0 0 0 0 0 415 230 0 0 0 
4463 0 0 1632 2 0 0 0 0 0 
0 0 435 0 1 200 0 0 0 0 
2346 0 4 0 14 0 47 63 770 26 
0 0 0 230 27 0 0 1 0 4 
0 0 0 148 3 2221 16 0 5 0 
5 0 0 0 3 0 2 0 1650 0 
0 0 93 15 11 1247 0 0 0 0 
0 0 0 0 1 0 0 0 177 0 
0 0 0 0 179 670 279 0 5 110 
2 0 0 0 0 0 0 0 0 603 
0 129 0 101 1750 1320 3 2 22 0 
0 0 5 2030 837 2 0 0 0 55 
1 0 511 2 0 0 0 0 0 2 
0 0 1 144 1624 17 0 0 0 0 
110 0 0 13 0 0 1 0 349 5 
1037 2 0 80 43 159 46 0 737 702 
