0 0 0 9 3042 0 0 0 0 0 22 23 
0 4 67 0 0 0 23 0 0 222 977 0 
0 0 0 0 0 0 0 0 0 0 761 0 
0 0 1 0 0 1921 104 0 0 0 0 0 
0 0 0 0 0 0 0 0 0 0 433 0 
1 0 0 0 0 4529 0 0 0 0 36 0 
0 0 48 349 1144 0 0 0 3 1 0 0 
0 0 0 0 1 3890 0 0 0 0 0 0 
0 0 0 0 0 441 0 0 0 0 0 0 
0 0 0 0 0 1305 0 0 0 0 0 0 
0 0 0 0 0 993 0 0 0 0 0 0 
0 1 0 0 0 4683 0 447 0 0 0 15 
0 0 0 0 382 0 0 0 0 0 0 0 
0 0 0 0 1480 1441 0 0 0 0 2 0 
0 557 0 0 0 144 0 0 17 1039 2 35 
0 0 0 1 0 4324 920 0 0 68 0 3 
0 0 0 0 0 0 0 0 0 0 0 866 
314 2202 0 0 0 0 0 0 0 0 0 7 
0 0 0 0 0 0 0 1 1 0 1278 0 
0 0 0 0 0 0 0 0 0 0 731 0 
0 0 0 0 0 3 0 0 0 0 2938 0 
1 0 11 0 0 0 0 9 92 16 1 1563 
0 0 0 0 0 0 0 0 0 0 2970 0 
0 0 0 67 0 8 0 0 0 0 1538 770 
0 0 0 0 0 0 0 0 0 1749 0 0 
0 0 0 0 0 0 0 0 0 442 0 0 
0 0 0 0 0 869 0 0 0 0 0 0 
226 205 716 100 0 1 0 0 1 0 0 3 
0 0 0 0 0 0 0 0 0 0 1325 0 
0 0 0 0 0 2317 0 0 0 0 0 0 
0 0 1 0 2 795 0 0 1 0 0 0 
0 0 0 0 0 676 0 0 0 0 0 0 
0 0 0 0 1290 0 0 0 0 0 0 0 
0 0 0 0 0 2522 0 0 0 0 0 0 
0 0 0 0 770 1900 0 2 0 0 0 0 
440 0 0 0 0 0 0 0 0 0 0 0 
37 0 1 0 0 29 0 30 3 6 1052 0 
0 2421 5 0 0 0 0 0 0 0 110 4 
0 0 0 0 0 0 0 0 0 0 322 0 
0 0 0 0 0 0 0 624 0 0 0 0 
0 0 0 0 0 0 0 0 5 0 3792 0 
0 0 0 0 0 0 0 0 0 0 1076 0 
5 53 695 1385 371 0 0 0 0 0 8 0 
0 0 0 0 0 0 0 0 0 0 2769 0 
2 75 1 0 1779 0 0 1 0 0 4 0 
0 0 0 0 292 0 0 0 0 0 0 0 
0 0 0 0 1351 0 0 0 0 0 0 0 
0 0 0 0 0 0 265 0 0 0 0 0 
0 0 0 0 0 0 0 0 0 1127 0 0 
27 0 0 0 0 436 0 0 13 1 3389 0 
0 0 0 0 0 0 0 0 0 1557 0 0 
0 0 0 0 0 0 0 0 0 1 2620 0 
0 1 0 0 0 0 0 0 0 458 0 1 
0 0 0 0 0 0 0 0 0 0 0 328 
0 0 181 0 0 0 0 0 0 8 2 3 
0 0 4 0 0 6 0 0 2 0 972 0 
0 0 0 0 0 0 0 0 0 0 697 0 
1 0 0 0 0 0 0 352 0 0 0 0 
0 14 0 0 6 0 0 507 2230 0 22 0 
0 0 0 0 0 566 0 0 0 0 0 0 
0 0 0 0 0 0 0 0 0 0 2218 0 
0 0 0 0 0 0 0 0 0 0 647 0 
0 0 0 594 1 0 2 0 0 0 227 0 
7 0 0 0 0 6 0 0 0 0 3492 0 
0 528 0 1 0 79 47 0 21 0 0 0 
0 0 0 0 0 2175 0 0 0 0 0 0 
0 7 0 0 0 0 0 0 0 0 0 1522 
0 0 0 0 1074 0 0 0 0 0 1 0 
0 0 0 0 0 0 0 0 0 0 1998 0 
0 0 0 0 0 1002 0 0 0 0 0 0 
0 0 0 0 0 0 0 0 0 0 768 0 
0 3 0 0 0 0 0 0 0 520 4 0 
0 0 0 0 0 0 0 0 0 538 0 0 
0 0 0 189 7 36 1 0 2 10 0 166 
0 123 0 0 0 0 0 1 28 217 700 1 
0 2 0 0 5 0 0 0 0 0 594 0 
0 0 0 0 0 136 0 0 2 0 303 0 
0 7 0 0 77 0 0 0 32 0 87 0 
0 0 0 0 0 0 2 1 0 0 1276 0 
0 0 0 0 0 0 0 0 0 0 357 0 
0 0 0 0 0 1136 0 0 0 0 0 1 
0 0 7 0 0 2 0 0 462 0 0 0 
0 0 0 0 0 0 0 0 0 0 824 0 
156 0 153 0 0 0 0 4 6 11 0 597 
0 0 0 0 0 0 0 0 0 0 0 675 
0 0 0 5 0 47 464 0 40 451 0 0 
0 0 0 0 0 0 0 0 0 0 1231 0 
25 0 0 0 0 0 0 0 0 0 0 398 
0 0 0 0 0 0 0 0 0 0 3287 0 
0 0 0 0 0 0 0 0 0 0 0 1972 
0 0 0 0 951 1 0 0 0 0 0 0 
0 0 0 0 0 0 0 0 0 0 1666 0 
0 0 0 10 0 6 1 0 14 0 697 0 
0 0 0 2 0 617 0 0 0 0 0 0 
1636 34 0 18 0 0 0 0 1 0 6 0 
0 0 0 0 0 754 0 0 0 0 0 0 
0 0 0 0 0 0 0 0 0 0 1167 0 
0 0 0 0 0 0 0 0 0 0 291 0 
0 0 0 0 494 0 0 0 0 0 0 0 
0 0 0 0 0 0 0 0 0 0 372 0 
0 0 0 0 0 633 0 0 0 0 0 0 
0 0 1 0 0 103 1210 119 17 0 0 0 
0 0 0 0 0 0 0 0 0 0 724 0 
0 0 3 0 0 489 0 0 3 0 0 0 
143 389 0 912 44 0 0 440 0 6 11 8 
1 18 100 0 216 0 12 5 94 0 23 0 
0 0 0 0 0 0 487 0 0 6 0 0 
0 0 0 4 0 861 0 0 2 0 457 0 
0 0 0 0 0 0 0 0 0 0 2477 0 
0 196 619 0 1431 8 0 0 0 0 0 0 
0 47 78 0 0 0 1661 12 120 0 0 0 
0 0 887 0 1 0 1 0 0 0 0 0 
224 17 39 0 4 0 3 0 66 194 0 46 
0 0 0 0 0 1 0 0 612 0 0 0 
0 0 0 0 0 0 0 0 0 0 1315 0 
0 0 0 0 0 0 0 0 0 0 1186 0 
0 0 0 0 0 0 0 0 0 0 389 0 
0 0 0 0 0 730 0 0 0 0 0 0 
0 0 0 0 0 0 0 0 0 0 1678 0 
0 252 0 3 0 37 1890 0 119 17 1 405 
0 0 0 1 0 0 0 0 0 0 2911 0 
0 0 0 0 0 0 0 0 0 0 0 1418 
0 0 0 0 0 2010 0 0 0 0 0 0 
0 0 0 0 0 1068 0 0 0 0 0 0 
0 0 0 0 0 1503 0 0 0 0 0 0 
0 0 0 0 0 554 0 0 0 0 0 0 
0 0 0 0 0 0 0 0 0 0 0 479 
0 0 0 0 811 811 0 0 0 0 0 0 
0 0 17 0 1 0 11 17 280 0 0 3 
0 0 0 0 0 1059 0 0 0 0 0 8 
0 549 1 0 0 0 0 0 0 390 140 0 
0 0 0 0 39 0 0 0 0 0 902 0 
0 0 0 0 0 877 0 0 0 0 0 0 
0 0 0 0 0 0 0 0 0 0 1475 0 
0 936 31 0 0 14 0 4 0 0 3 62 
3 0 17 0 0 126 0 0 4 142 0 42 
0 0 0 0 0 0 1 0 0 0 1642 0 
0 0 0 0 0 0 0 0 0 0 1371 0 
0 0 0 0 0 0 0 0 0 0 1322 0 
0 2555 0 4 106 0 0 0 0 0 23 0 
0 0 0 0 0 473 0 0 0 0 0 0 
0 0 0 0 0 0 0 0 0 0 1386 0 
0 0 0 0 0 0 0 836 0 0 0 0 
0 8 15 0 678 16 0 0 42 1 65 0 
0 0 0 0 0 0 1 0 0 0 653 0 
0 0 0 0 0 0 0 0 0 0 0 281 
0 0 0 0 0 0 18 0 192 161 0 0 
0 0 0 0 0 0 0 0 0 0 1419 0 
0 847 2 0 0 98 0 51 0 0 50 150 
0 0 0 0 0 0 0 0 0 0 1180 0 
0 0 0 0 0 0 0 0 0 0 1259 0 
0 0 0 0 0 0 0 0 0 0 1455 0 
0 0 0 0 0 0 0 0 0 1037 0 0 
402 0 0 0 0 1 0 0 0 0 0 18 
0 0 0 0 0 0 0 0 0 0 0 790 
0 0 0 0 0 0 0 0 0 0 818 0 
0 0 0 10 0 0 0 107 315 0 487 0 
0 0 0 0 0 0 0 446 0 0 0 0 
0 0 0 0 0 0 9 0 0 0 636 0 
0 0 0 0 0 0 0 0 0 0 512 0 
312 0 6 0 17 598 0 790 67 0 0 148 
