0 0 0 2991 104 0 14 0 0 0 1 0 
0 0 0 0 0 1748 1 9 0 3 11 0 
0 0 0 0 0 511 0 0 10 154 97 0 
0 189 0 0 1 261 1514 1 67 1 0 0 
23 0 0 240 0 0 0 1 0 169 0 0 
1 0 11 0 0 1 2 0 0 538 3877 0 
22 348 610 559 0 0 0 0 0 0 0 8 
0 0 0 0 0 0 0 0 0 0 1564 0 
0 0 0 0 6 102 0 16 3 1 312 0 
0 0 0 0 0 0 0 0 0 1365 0 0 
0 0 0 0 0 0 0 0 0 0 959 0 
0 4 1 3 0 0 24 5058 2 34 0 0 
0 0 0 0 0 0 0 0 0 0 0 713 
0 0 0 0 476 717 0 0 0 47 1698 0 
0 0 0 0 1 0 0 0 0 0 1795 0 
0 0 0 0 0 0 2 0 0 5011 244 0 
0 0 857 0 0 0 0 0 0 2 0 0 
0 1683 864 1 0 0 0 0 0 0 1 0 
0 0 0 0 0 807 0 0 0 0 0 0 
0 0 0 0 736 0 0 0 0 0 0 0 
0 0 0 0 6 2929 0 1 0 0 0 0 
0 0 0 0 1696 0 0 0 0 0 0 0 
6 3 0 0 2854 210 0 0 0 0 0 0 
0 0 0 561 1884 0 3 40 0 0 0 0 
0 0 0 0 0 2048 0 0 0 0 0 0 
300 0 0 4 0 8 0 0 92 28 0 2 
0 0 0 0 0 0 0 0 0 0 2168 0 
0 0 43 0 0 0 46 404 0 616 143 0 
0 0 0 0 1325 0 0 0 0 0 0 0 
0 0 2 2 0 794 180 37 0 20 1241 0 
2 0 3 0 0 0 0 0 0 798 0 0 
0 0 0 0 0 0 0 0 0 0 890 0 
0 0 0 0 0 0 0 0 0 0 1290 0 
0 0 0 0 0 0 0 0 0 0 2516 0 
1 524 0 2 682 0 295 1011 66 87 22 0 
0 0 0 0 0 0 440 0 0 0 0 0 
0 0 0 0 0 1 1799 0 3 0 0 0 
0 1 3 0 0 0 0 0 0 0 2530 0 
0 0 0 0 0 0 0 0 322 0 0 0 
0 0 0 0 0 0 0 627 0 1 0 0 
0 0 42 14 2111 1884 0 0 0 4 13 0 
0 0 0 0 335 0 0 220 16 450 51 0 
0 10 1 490 2011 0 0 0 0 0 0 0 
0 0 0 0 0 2714 2 0 0 7 0 0 
0 0 0 0 0 0 0 0 0 1862 0 0 
0 0 0 0 0 0 0 0 0 0 292 0 
0 0 1 0 0 0 0 0 0 0 0 983 
0 0 0 0 0 235 28 0 2 0 0 0 
11 244 0 0 0 31 0 866 1 5 0 0 
0 0 0 0 0 4899 13 0 0 0 0 0 
0 0 0 0 0 1556 0 0 0 0 0 0 
0 0 0 0 0 2215 0 0 0 0 0 0 
0 0 0 0 0 0 0 433 0 0 0 0 
0 0 0 1 327 0 0 0 0 0 0 0 
0 0 0 0 0 194 0 0 0 0 0 0 
0 0 0 0 793 0 0 0 16 0 164 0 
0 0 0 0 0 697 0 0 0 0 0 0 
0 353 0 0 0 0 0 0 0 0 0 0 
2415 41 0 0 4 0 7 61 104 0 145 0 
0 0 0 0 0 0 0 0 0 566 0 0 
0 0 0 0 5 2143 8 79 0 0 0 0 
0 0 0 0 0 624 0 0 0 0 0 0 
0 0 0 0 0 0 0 0 0 0 824 0 
0 12 0 2 2501 1038 1 0 0 0 9 0 
0 73 0 0 10 0 0 0 0 593 0 0 
0 0 0 0 0 0 0 0 0 2173 0 0 
0 0 0 1538 6 0 0 0 0 0 0 0 
0 0 0 0 0 0 0 0 0 0 1075 0 
0 3 10 0 530 0 1 34 0 0 0 0 
70 0 14 185 867 656 0 3 0 0 5 0 
0 963 0 22 0 0 7 2 7 1 0 0 
0 0 0 0 768 0 0 0 0 0 0 0 
0 0 0 0 0 0 0 514 0 0 0 14 
0 0 0 34 0 16 0 0 0 488 0 0 
0 0 0 0 411 0 0 0 0 0 0 0 
0 0 0 5 0 0 2 0 0 1064 0 0 
0 36 55 8 0 0 0 0 0 0 483 3 
0 0 0 1 0 445 0 0 0 0 0 0 
0 0 0 203 0 0 0 0 0 0 0 0 
0 0 0 0 0 0 0 0 0 0 477 0 
0 0 0 0 2120 0 0 0 0 0 0 0 
0 0 0 0 0 0 0 0 0 0 357 0 
0 1 0 0 0 0 0 0 0 1125 0 0 
0 0 0 0 0 0 0 0 219 252 0 0 
0 0 0 0 0 824 0 0 0 0 0 0 
0 0 0 0 0 925 0 0 0 0 0 0 
0 0 0 0 675 0 0 0 0 0 0 0 
0 0 0 0 1004 0 0 0 0 0 0 0 
0 0 0 0 1141 0 0 0 0 0 0 0 
535 0 0 0 0 0 0 0 0 0 0 15 
659 606 307 425 0 0 0 910 0 0 96 227 
69 0 9 889 504 0 202 10 173 0 0 0 
242 48 149 11 4 93 405 2 0 0 0 2 
0 1 0 0 0 1431 0 0 0 2 0 0 
0 78 0 0 0 20 81 239 306 0 2 0 
0 0 0 0 0 2 0 0 3 7 606 0 
315 0 10 0 1 1351 8 0 0 0 7 0 
0 0 50 4 119 17 116 0 3 287 0 157 
803 1 4 1 0 0 77 0 309 9 0 0 
0 0 0 0 579 0 0 0 0 0 0 0 
0 0 0 0 0 0 0 0 0 0 485 0 
0 0 2 5 0 74 70 3 202 0 4 10 
0 0 0 8 0 2 0 0 32 0 217 382 
0 0 0 0 0 0 0 0 0 0 343 0 
5 1 0 0 3 0 136 256 1054 2 0 0 
0 0 22 148 0 818 8 0 0 0 0 0 
4 0 0 0 0 5 61 0 2 108 315 0 
0 0 0 0 0 0 0 0 0 1954 0 0 
0 0 559 0 124 0 84 0 0 0 1586 212 
0 0 0 0 3 0 0 0 0 0 466 0 
0 0 0 0 0 163 328 0 2 0 0 0 
0 0 0 0 0 670 0 0 0 0 0 0 
0 1 0 70 1173 1194 4 2 0 0 0 15 
0 35 0 0 0 0 0 0 0 0 0 2252 
0 0 0 0 0 0 0 0 0 0 1919 0 
0 0 114 0 7 0 15 0 0 0 756 0 
0 0 0 0 2 0 0 0 0 582 0 0 
2 0 0 0 4 0 0 0 610 0 1 0 
0 0 0 0 0 1315 0 0 0 0 0 0 
0 0 435 568 3 0 0 140 0 1 0 39 
0 0 0 0 0 395 0 0 0 0 0 0 
366 0 1 0 0 318 0 47 0 0 0 2 
0 0 0 0 0 1678 0 0 0 0 0 0 
0 1151 0 122 71 238 0 155 149 226 682 0 
353 31 0 384 0 1609 4 14 0 0 526 0 
0 0 1348 0 0 0 0 0 0 0 0 45 
4 0 0 0 0 0 0 0 0 0 2011 0 
0 0 0 0 0 0 0 0 0 0 1068 0 
0 0 0 0 0 0 0 0 0 0 1503 0 
0 0 0 0 0 359 188 0 0 0 0 0 
39 0 1 76 12 0 0 359 0 0 35 0 
0 0 0 0 0 1614 0 0 0 0 0 0 
76 62 1 0 2 0 152 0 0 0 36 0 
0 0 0 0 0 0 0 0 0 0 560 0 
0 447 628 0 1 0 0 0 5 0 0 0 
0 0 0 0 0 0 0 0 0 0 940 0 
0 0 0 0 0 0 0 0 0 877 0 0 
0 0 0 0 1387 9 0 0 0 0 0 0 
0 0 302 0 622 0 91 0 0 0 33 1 
40 0 11 0 0 31 92 62 0 0 0 99 
0 0 0 0 1643 0 0 0 0 0 0 0 
0 0 0 1 1370 0 0 0 0 0 0 0 
0 0 21 3 1346 0 0 1 0 0 0 22 
0 139 384 3 2157 0 0 11 0 0 0 0 
0 0 0 0 0 0 0 0 0 473 0 0 
17 0 51 0 1 23 130 0 0 0 1182 1 
0 1 0 0 0 0 0 14 0 1264 0 0 
23 0 0 0 0 0 0 362 75 364 0 0 
0 0 1 1 0 483 30 14 0 0 102 3 
1 236 0 0 0 0 0 0 0 1 0 0 
0 0 1 2 0 0 366 0 0 2 0 0 
7 0 0 0 1399 0 0 1 0 0 0 0 
0 0 0 0 0 1221 0 0 0 0 0 0 
0 0 0 0 1180 0 0 0 0 0 0 0 
0 159 74 1 0 0 0 0 944 0 0 90 
1 0 0 0 1907 0 0 1 0 0 0 0 
0 0 0 29 0 31 2 682 4 0 0 0 
242 0 0 0 1 0 6 0 35 10 0 1 
14 7 5 381 247 0 70 17 25 5 0 12 
