19 0 59 2552 224 29 129 28 0 0 31 62 
0 0 5 0 0 1846 0 0 0 0 0 0 
80 83 120 6 0 196 72 0 62 88 0 65 
172 925 0 160 17 326 550 1 0 0 36 0 
0 104 0 0 0 2 0 41 11 247 0 28 
76 127 65 34 178 0 41 33 58 552 4238 0 
0 486 651 504 0 0 11 0 0 0 1 10 
0 0 0 0 0 0 0 0 0 0 1208 0 
12 0 0 0 0 229 197 0 0 0 3 0 
0 0 0 0 0 0 0 0 0 1058 0 0 
0 0 0 0 0 0 0 0 0 0 517 0 
18 105 200 51 13 0 109 4382 44 179 18 7 
88 243 609 35 2302 44 128 167 0 87 206 202 
0 0 0 0 0 0 0 0 0 0 0 681 
102 0 63 69 422 915 63 34 60 27 1540 0 
0 0 0 0 0 0 0 0 0 0 1785 0 
27 0 0 44 17 0 0 125 57 6753 132 16 
0 0 0 0 0 0 0 0 0 723 0 0 
0 0 526 0 0 0 1 0 3 0 0 0 
0 1615 843 145 0 0 0 0 0 0 0 0 
0 0 0 0 0 810 0 0 0 0 0 0 
0 0 0 0 736 0 0 0 0 0 0 0 
0 0 0 0 0 807 0 0 0 0 0 0 
0 0 0 0 2178 0 0 0 0 0 0 0 
1 205 50 45 994 373 650 259 733 394 0 78 
0 98 39 437 1485 204 72 7 214 0 0 99 
0 0 0 0 0 1926 0 0 0 0 0 0 
0 0 0 48 30 78 0 85 97 0 0 105 
0 0 0 0 0 0 0 0 0 0 2429 0 
167 122 13 0 80 272 0 502 218 394 312 0 
153 275 105 100 468 97 161 108 184 379 1 0 
56 77 63 100 191 287 338 243 0 381 423 77 
0 0 0 0 0 0 0 0 0 1052 0 0 
0 0 0 0 0 0 0 0 0 0 515 0 
0 0 0 0 0 0 0 0 0 0 1290 0 
0 0 0 0 0 0 0 0 0 0 1985 0 
78 615 90 19 150 273 270 194 648 266 6 80 
0 0 0 0 0 0 440 0 0 0 0 0 
0 0 0 0 1 0 1811 0 0 0 0 0 
0 0 1 0 0 0 0 0 0 0 2535 0 
0 0 0 0 0 0 0 0 322 0 0 0 
43 3 0 0 0 24 0 380 0 20 7 147 
7 63 64 33 2153 1679 26 55 331 200 22 51 
0 345 208 0 119 16 55 17 91 150 64 0 
0 9 0 486 1969 3 0 0 0 0 0 0 
428 357 222 88 253 885 18 214 15 71 358 207 
0 0 0 0 0 0 0 0 0 1862 0 0 
0 0 0 0 0 0 0 0 0 0 292 0 
0 0 0 0 0 0 0 0 0 0 0 1095 
0 0 0 0 0 113 179 0 1 0 0 0 
0 0 0 0 694 0 0 0 0 0 0 0 
42 80 71 98 95 199 254 564 36 46 190 241 
1 1 0 0 5 5193 12 6 0 0 6 4 
0 0 0 0 0 667 0 0 0 0 0 0 
0 0 0 0 0 2006 0 0 0 0 0 0 
0 0 0 0 0 0 0 433 0 0 0 0 
0 0 0 0 1409 0 0 0 0 0 0 0 
0 0 0 0 206 0 0 0 0 0 0 0 
0 0 0 0 0 194 0 0 0 0 0 0 
0 10 0 0 786 0 0 0 0 0 194 0 
0 0 0 0 0 697 0 0 0 0 0 0 
0 427 0 0 0 0 0 0 0 0 0 0 
2246 170 0 4 0 0 3 106 34 0 225 2 
0 0 0 0 0 0 0 0 0 294 0 0 
273 0 33 246 102 1631 46 283 2 244 62 91 
0 0 0 0 0 535 0 0 0 0 0 0 
0 0 0 0 0 0 0 0 0 0 824 0 
0 5 2 0 0 120 1163 0 0 0 0 0 
14 124 74 19 2371 1217 33 97 112 159 44 6 
0 0 0 3 39 37 0 44 0 545 5 0 
0 0 0 1 0 0 0 0 0 1417 0 0 
0 0 0 928 227 0 0 0 9 0 9 0 
0 0 0 0 0 0 0 0 0 0 815 0 
75 175 134 131 300 98 68 84 0 17 50 177 
0 273 6 184 388 537 33 65 0 218 21 6 
11 396 0 8 22 49 0 162 4 0 333 17 
0 0 0 0 768 0 0 0 0 0 0 0 
0 6 0 0 3 0 0 848 0 0 7 0 
0 21 7 1 0 55 0 2 31 348 99 0 
0 0 0 329 0 0 0 0 0 0 0 0 
0 0 0 0 411 0 0 0 0 0 0 0 
0 0 0 5 0 3 0 0 0 997 80 0 
0 81 0 9 12 17 0 0 187 0 267 2 
0 0 0 0 0 445 0 0 0 0 0 0 
0 0 0 203 0 0 0 0 0 0 0 0 
0 0 0 0 0 0 1 0 0 0 429 0 
0 0 0 0 2103 0 0 0 0 0 0 0 
238 202 8 0 322 0 0 0 131 161 55 106 
0 0 0 0 0 0 0 0 0 0 357 0 
0 0 0 0 0 0 0 0 0 988 0 0 
45 0 0 0 0 0 0 4 319 395 3 0 
0 0 0 0 0 839 0 0 0 0 0 0 
0 0 9 114 0 26 179 47 23 96 0 38 
0 0 0 0 0 838 0 0 0 0 0 0 
0 0 0 0 675 0 0 0 0 0 0 0 
0 0 0 0 1005 0 0 0 0 0 0 0 
0 0 0 0 2628 0 0 0 0 0 0 0 
537 1 1 0 0 0 0 0 0 0 0 11 
259 410 465 636 471 71 252 88 126 145 182 113 
247 181 112 750 213 337 117 0 473 17 151 46 
21 0 23 35 0 177 306 0 5 26 116 235 
0 0 0 0 0 554 0 0 0 0 0 0 
0 0 65 55 54 0 34 1 200 0 24 295 
0 0 0 0 0 0 19 0 0 0 601 0 
259 0 1 5 8 1141 0 24 193 0 77 3 
66 223 0 20 246 0 117 76 83 161 29 2 
302 51 134 278 434 54 217 181 235 117 349 254 
0 0 0 0 1603 0 0 0 0 0 0 0 
0 0 0 1 0 0 0 0 1 0 715 0 
155 50 59 694 93 0 110 245 203 12 0 0 
28 3 31 2 0 2 2 0 145 5 2 421 
0 0 0 0 0 0 0 0 0 0 343 0 
0 0 1 0 0 0 121 240 1103 0 0 0 
196 0 0 414 1 578 26 0 1 12 22 0 
0 86 0 21 0 14 0 229 99 0 49 1 
0 0 0 0 290 0 0 0 0 0 0 0 
0 0 0 0 0 0 0 0 0 1780 0 0 
1 236 313 20 38 18 40 40 137 10 1255 456 
0 0 0 0 0 0 0 0 0 0 1094 0 
0 0 0 0 884 0 0 0 0 0 0 0 
0 0 0 0 0 166 293 0 0 0 0 0 
0 0 0 0 0 1917 0 0 0 0 0 0 
328 31 27 9 695 603 57 195 10 116 0 194 
0 65 0 1 0 0 0 2 4 0 0 2140 
0 0 0 0 0 0 0 0 0 0 1919 0 
0 0 80 0 5 0 51 0 0 0 765 0 
14 57 45 186 370 200 19 54 1 64 188 171 
0 0 0 0 0 0 0 0 0 427 0 0 
0 0 0 0 0 0 635 7 29 0 0 0 
0 0 0 0 0 990 0 0 0 0 0 0 
351 104 102 0 16 12 5 225 0 127 32 217 
0 0 0 0 0 296 0 0 0 0 0 0 
0 0 1 3 0 104 0 101 71 113 333 5 
0 0 0 0 0 1006 0 0 0 0 0 0 
0 46 169 81 103 830 294 228 360 309 260 0 
73 304 24 639 172 145 124 500 221 419 148 111 
161 432 49 185 46 370 0 676 310 48 307 325 
0 0 1628 0 2 0 0 0 0 0 0 71 
64 96 62 0 32 0 246 69 158 0 232 0 
0 0 0 0 0 0 0 0 0 0 2028 0 
0 0 0 0 0 0 0 0 0 0 540 0 
0 0 0 0 0 373 174 0 0 0 0 0 
0 0 0 0 0 0 0 0 0 0 1049 0 
0 217 0 96 79 0 49 25 37 0 0 22 
0 0 0 0 0 1625 0 0 0 0 0 0 
16 0 0 186 24 0 67 0 9 0 14 0 
0 0 0 0 0 0 0 0 0 0 560 0 
4 30 96 20 329 6 8 25 1 7 68 15 
