0 0 0 0 3080 0 0 0 9 0 1 0 
0 3 4 41 0 0 0 0 0 555 982 0 
0 0 0 0 0 0 0 0 0 0 760 0 
0 0 0 0 0 1936 91 0 0 0 0 0 
0 0 0 0 0 0 0 0 0 0 433 0 
0 1 0 0 0 4457 0 0 0 0 57 0 
0 0 44 292 1210 0 0 0 0 0 0 0 
0 0 0 0 0 1580 0 0 0 0 0 0 
0 0 0 0 0 440 0 0 0 0 0 0 
0 0 0 0 0 1305 0 0 0 0 0 0 
0 0 0 0 0 957 0 0 0 0 0 0 
40 0 0 82 0 4503 0 519 0 0 0 1 
0 0 0 0 719 0 0 0 0 0 0 0 
0 8 0 0 1462 1437 0 9 8 0 0 0 
0 604 0 0 0 92 3 0 0 1083 0 8 
2 0 0 0 0 4339 947 0 0 50 0 0 
0 0 0 0 0 0 0 0 0 0 0 867 
348 2173 0 0 0 0 0 0 0 0 0 18 
0 0 0 0 0 0 0 1 0 0 993 0 
0 0 0 0 0 0 0 0 0 0 711 0 
1 0 0 0 0 3 0 0 0 0 2950 0 
0 0 46 0 0 0 2 0 60 1 2 1588 
0 0 0 0 0 0 0 0 0 0 2990 0 
2 0 0 336 0 0 3 0 0 0 1218 799 
0 1 0 0 0 0 0 1 0 1753 0 0 
0 0 0 0 0 0 0 0 0 437 0 0 
0 0 0 0 0 594 0 0 0 0 0 0 
281 246 414 0 0 8 0 251 7 43 2 0 
0 0 0 0 0 0 0 0 0 0 1325 0 
0 0 0 0 0 2303 0 0 0 0 0 0 
0 0 0 1 0 794 0 0 0 0 0 0 
0 0 0 0 0 767 4 0 0 0 0 0 
0 0 0 0 1290 0 0 0 0 0 0 0 
0 0 0 0 0 2518 0 0 0 0 0 0 
0 0 0 0 790 1892 0 0 0 0 0 0 
440 0 0 0 0 0 0 0 0 0 0 0 
1 0 0 10 21 22 0 0 3 0 1106 0 
0 2452 0 0 0 0 0 0 0 0 84 0 
0 0 0 0 0 0 0 0 0 0 322 0 
0 0 0 0 0 0 0 628 0 0 0 0 
6 0 19 0 0 0 5 0 0 0 3773 0 
0 0 0 0 0 0 0 0 0 0 1078 0 
0 16 734 1475 277 0 0 0 0 10 5 0 
0 0 0 0 0 0 0 0 0 0 2839 0 
6 0 0 0 1855 0 1 0 0 0 0 0 
0 0 0 0 292 0 0 0 0 0 0 0 
8 44 2 118 351 14 0 0 2 0 462 0 
0 0 0 0 0 0 265 0 0 0 0 0 
0 0 0 0 0 0 0 0 0 1124 0 0 
3 15 0 0 15 971 0 17 0 4 2803 0 
0 0 0 0 0 0 0 0 1 1561 0 0 
0 0 0 0 0 0 1 0 0 0 2620 0 
0 0 0 0 0 0 0 9 0 457 0 0 
0 0 0 0 0 0 0 0 0 0 0 328 
0 0 190 0 0 0 4 0 0 0 0 0 
0 0 0 0 0 0 0 1 0 0 971 4 
0 0 0 0 0 0 0 0 0 0 697 0 
0 0 0 0 0 0 0 354 0 0 0 0 
0 19 0 0 11 0 14 469 2234 0 30 0 
0 0 0 0 0 566 0 0 0 0 0 0 
0 0 0 0 0 0 0 0 0 0 2215 0 
0 0 0 0 0 0 0 0 0 0 646 0 
0 145 0 672 0 0 0 0 7 0 0 0 
29 0 0 0 0 2 0 0 0 0 3402 0 
0 438 0 3 0 18 186 15 0 2 0 14 
0 0 0 0 0 2174 0 0 0 0 0 0 
0 0 0 0 0 1 1 0 0 0 0 1530 
0 0 0 0 1074 0 0 0 0 0 0 0 
0 0 0 0 0 0 0 0 0 0 1935 0 
0 0 0 0 0 1002 0 0 0 0 0 0 
0 0 0 0 0 0 0 0 0 0 768 0 
0 2 0 0 0 1 0 0 2 522 0 0 
0 0 0 1 0 0 0 0 0 537 0 0 
0 0 11 194 8 0 0 0 0 0 0 198 
0 66 0 139 0 0 0 1 5 132 727 0 
0 9 0 0 0 0 0 0 0 0 590 0 
0 0 4 0 0 78 52 111 0 0 185 12 
0 22 2 0 5 1 0 1 0 21 135 16 
2 0 0 0 0 0 0 0 0 0 1289 0 
0 0 0 3 11 1 0 8 0 7 327 0 
0 0 0 0 0 1137 0 0 0 0 0 0 
0 0 2 0 0 0 0 0 469 0 0 0 
0 0 0 0 0 0 0 0 0 0 824 0 
461 7 5 0 87 0 0 0 0 0 4 356 
0 0 0 0 0 0 0 0 0 0 0 675 
12 0 8 0 0 25 212 32 1 716 0 0 
0 0 0 0 0 0 0 0 0 0 1229 0 
23 0 0 0 0 0 0 0 0 0 0 400 
0 0 0 0 0 0 0 0 0 0 3262 0 
0 0 0 0 0 0 0 0 0 0 0 1998 
0 0 0 0 945 0 0 0 0 0 0 0 
0 0 0 0 0 0 0 0 0 0 1729 0 
0 81 0 45 0 0 0 165 239 0 195 0 
0 4 0 0 0 615 0 0 0 0 0 0 
1570 16 1 79 0 19 0 0 0 0 3 5 
0 0 0 0 0 753 0 0 0 0 0 0 
0 0 0 0 0 0 0 0 0 0 1170 0 
0 0 0 0 0 0 0 0 0 0 292 0 
0 0 0 0 488 0 0 0 0 0 0 0 
0 0 0 0 0 0 0 0 0 0 370 0 
0 0 0 0 0 635 0 0 0 0 0 0 
0 0 0 0 0 126 1162 156 10 0 0 0 
0 0 0 0 0 0 0 0 0 0 728 0 
0 0 0 0 0 494 0 2 0 0 1 0 
98 427 0 704 67 0 0 621 0 21 0 17 
0 0 0 0 0 2556 0 0 0 0 0 0 
0 0 109 0 312 0 0 0 0 48 0 0 
0 0 0 0 0 0 493 0 0 0 0 0 
0 76 6 0 0 614 2 0 0 6 616 0 
0 0 0 0 0 0 0 0 0 0 2482 0 
0 85 648 0 1531 0 0 0 1 0 1 0 
45 0 126 13 0 0 1573 0 2 59 0 100 
0 0 885 0 3 0 3 0 0 0 0 0 
240 0 0 1 0 0 0 1 37 313 0 0 
0 0 0 0 0 0 0 0 615 0 0 0 
0 0 0 0 0 0 0 0 0 0 1322 0 
0 0 0 0 0 0 0 0 0 0 1187 0 
0 0 0 0 0 0 0 0 0 0 389 0 
0 0 0 0 0 730 0 0 1 0 0 0 
0 0 0 0 0 0 0 0 0 0 1675 0 
0 549 65 0 0 144 1370 35 0 0 291 294 
0 0 0 0 0 0 0 0 0 0 2909 0 
0 0 0 0 0 0 0 0 0 0 0 1403 
0 0 0 0 0 2013 0 0 0 0 0 0 
0 0 0 0 0 1068 0 0 0 0 0 0 
0 0 0 0 0 1503 0 0 0 0 0 0 
0 0 0 0 0 547 0 0 0 0 0 0 
0 0 0 0 0 0 0 0 0 0 0 523 
0 0 0 0 911 702 0 0 0 5 0 0 
0 5 0 0 1 0 0 1 317 0 0 5 
0 0 0 0 0 1065 0 0 0 0 0 0 
0 384 0 5 0 8 123 4 0 557 0 0 
0 0 0 0 0 0 0 0 0 0 926 15 
0 0 0 0 0 877 0 0 0 0 0 0 
0 0 0 0 0 0 0 0 0 0 1455 0 
0 644 1 0 43 195 58 0 107 0 0 5 
73 0 0 0 0 1 15 0 0 134 111 0 
0 0 0 0 0 0 0 0 0 0 1643 0 
0 0 0 0 0 0 0 0 0 0 1372 0 
0 0 0 0 0 0 0 0 0 0 1333 0 
0 2607 0 1 85 1 0 0 0 0 2 0 
0 0 0 0 0 473 0 0 0 0 0 0 
0 0 0 0 0 0 0 0 0 0 1403 0 
0 0 0 0 0 0 7 826 0 0 0 0 
1 0 30 160 160 65 13 0 396 0 0 0 
0 0 0 0 0 0 0 0 0 0 660 0 
0 0 0 0 0 0 0 0 0 0 0 238 
0 0 0 0 0 0 12 0 202 157 0 0 
0 0 0 0 0 0 0 0 0 0 1412 0 
0 628 0 0 0 91 28 9 326 0 0 135 
0 0 0 0 0 0 0 0 0 0 1182 0 
0 0 0 0 0 0 0 0 0 0 1257 0 
0 0 0 0 0 0 0 0 0 0 1443 0 
0 0 0 0 0 0 0 0 0 1037 0 0 
407 0 0 0 0 3 0 0 0 0 0 11 
0 0 0 0 0 0 0 0 0 0 0 788 
0 0 0 0 0 0 0 0 0 0 831 0 
0 0 0 0 0 84 0 0 646 79 104 6 
1 0 0 0 0 0 0 445 0 0 0 0 
28 0 0 4 0 1 6 0 4 0 597 0 
0 0 0 0 0 0 0 0 0 0 512 0 
59 0 0 0 0 902 0 493 224 0 0 260 
