0 0 0 2988 93 0 8 0 1 0 0 0 
0 0 1 0 3 1343 0 0 0 0 8 1 
0 1 0 0 184 9 2 0 294 269 2 0 
0 0 0 0 0 376 1815 0 1 0 0 2 
0 0 0 347 0 0 86 0 0 0 0 0 
0 0 1 0 0 0 0 3 11 248 4296 0 
0 388 612 528 0 0 0 5 0 0 3 9 
0 0 0 0 0 0 0 0 0 0 3912 0 
167 56 24 30 15 0 3 11 1 103 0 31 
0 0 0 0 0 0 0 0 0 1270 0 0 
0 0 0 0 0 0 0 0 0 0 971 0 
1 0 1 0 0 0 0 591 0 98 0 571 
0 0 0 0 0 0 0 0 0 0 0 438 
85 0 0 18 493 898 0 0 0 0 1358 59 
0 0 0 0 0 0 0 0 0 0 1788 0 
0 0 0 0 0 0 0 0 17 5099 256 0 
0 0 847 0 0 2 0 0 0 0 0 0 
0 1732 768 9 2 0 0 0 0 0 0 0 
0 0 0 0 0 1328 0 0 0 0 0 0 
0 0 0 0 731 0 0 0 0 0 0 0 
0 0 0 0 0 2943 0 0 0 0 0 1 
0 0 0 0 1698 0 0 0 0 0 0 0 
0 0 0 0 2801 0 113 41 0 0 0 22 
0 117 0 362 1932 0 0 0 0 0 1 0 
0 0 0 0 0 1756 0 0 0 0 0 0 
27 0 35 1 379 0 0 2 0 0 0 0 
0 0 0 0 1 0 1 0 0 0 869 0 
159 11 26 2 0 2 0 262 40 165 57 529 
3 0 0 0 1322 0 0 0 0 0 0 0 
0 12 156 0 0 965 0 0 380 0 794 0 
1 0 2 0 0 5 0 0 0 799 0 0 
0 0 0 0 0 0 0 0 0 0 676 0 
0 0 0 0 0 0 0 0 0 0 1290 0 
0 0 0 0 0 0 0 0 0 0 2520 0 
19 1763 0 1 0 2 0 839 56 0 0 0 
0 0 0 0 0 0 440 0 0 0 0 0 
0 0 0 1 0 0 1351 0 0 0 0 0 
0 0 0 0 0 7 0 0 0 0 2529 0 
0 0 0 0 0 0 0 0 322 0 0 0 
0 0 0 0 0 22 0 523 82 1 0 0 
9 1 0 0 1588 2160 17 0 0 0 0 1 
0 0 0 12 308 234 328 0 0 4 0 0 
0 11 0 482 2030 0 0 0 0 0 0 0 
0 0 0 0 0 2775 0 0 15 15 0 0 
0 0 0 0 0 0 0 0 0 1862 0 0 
0 0 0 0 0 0 0 0 0 0 292 0 
0 0 1 0 0 0 0 0 0 0 0 1356 
0 0 0 0 13 252 0 0 0 0 0 0 
0 0 39 6 0 0 0 1046 0 0 0 27 
0 0 0 0 0 3825 0 0 2 0 0 0 
0 0 0 0 0 1555 0 0 0 0 0 0 
0 0 0 0 0 2345 0 0 0 0 0 1 
0 0 0 0 0 0 0 466 0 0 0 0 
0 0 0 0 327 0 1 0 0 0 0 0 
0 0 0 0 0 194 0 0 0 0 0 0 
0 14 0 0 763 0 1 0 0 0 183 0 
0 0 0 0 0 697 0 0 0 0 0 0 
0 355 0 0 0 0 0 0 0 0 0 0 
2533 9 0 2 0 0 39 58 42 0 90 0 
54 0 0 0 0 2178 8 0 0 0 0 0 
0 0 0 1 0 647 0 0 0 0 0 0 
0 0 0 0 0 0 0 0 0 0 824 0 
1 0 0 0 2301 1113 0 7 0 0 0 45 
0 4 0 0 0 0 0 1 0 671 0 0 
0 0 0 0 0 0 0 0 0 2176 0 0 
0 0 0 1546 1 1 0 0 0 0 0 0 
0 0 0 0 0 0 0 0 0 0 1074 0 
0 4 79 183 0 1493 0 1 0 1 0 193 
2 0 13 0 0 0 420 0 0 337 0 64 
0 0 0 0 941 0 0 0 0 0 0 0 
0 0 3 0 3 0 0 521 0 0 0 0 
50 3 1 0 2 15 0 0 15 449 0 0 
0 0 0 0 411 0 0 0 0 0 0 0 
8 0 0 0 0 0 3 4 0 1060 0 0 
0 399 0 2 48 0 0 0 144 0 10 0 
0 0 0 0 0 435 0 0 0 0 0 0 
0 0 0 203 0 0 0 0 0 0 0 0 
0 0 0 0 1294 0 0 0 0 0 0 0 
0 0 0 0 0 0 0 0 0 0 357 0 
0 0 0 0 0 0 0 0 0 1128 0 1 
0 0 0 0 0 0 0 0 224 247 0 0 
0 0 0 0 0 824 0 0 0 0 0 0 
0 0 0 0 0 929 0 0 0 0 0 0 
0 0 0 0 1009 0 0 0 0 0 0 0 
0 0 0 0 1227 0 0 0 0 0 0 0 
415 0 0 0 0 0 0 0 0 0 0 8 
0 685 46 348 351 1058 106 765 6 0 0 15 
0 0 0 0 2620 2 0 0 0 0 0 0 
726 0 111 42 0 0 4 0 2 0 70 0 
0 0 0 0 0 1670 0 0 0 0 0 0 
0 14 2 0 162 0 29 0 517 3 1 0 
0 0 1 1 0 0 5 0 0 0 606 6 
197 1 0 1 0 1475 0 0 5 0 0 0 
0 0 0 7 0 0 1 1 0 1307 0 0 
542 0 16 32 0 1 0 0 211 359 1 0 
0 0 0 0 291 0 0 0 0 0 0 0 
0 0 0 0 0 0 0 0 1 0 510 0 
2 0 0 0 13 11 0 0 0 0 0 408 
0 348 62 0 0 0 19 0 124 0 65 14 
1 1 0 2 0 0 33 256 1133 0 0 0 
580 136 0 0 11 0 0 0 0 0 0 0 
0 0 8 16 6 0 40 56 0 1 0 369 
0 0 0 0 0 0 0 0 0 1609 0 0 
0 0 0 0 0 0 0 0 0 0 469 0 
0 0 0 0 0 0 457 0 0 0 0 0 
0 0 0 1 0 1593 0 0 0 0 0 0 
3 0 0 0 1105 1354 0 0 0 30 0 0 
0 36 0 0 0 0 0 0 0 0 0 2157 
0 0 0 0 0 0 0 0 0 0 1919 0 
0 0 57 0 4 0 1 0 0 0 833 0 
0 0 0 0 0 0 0 0 0 592 0 0 
0 7 0 0 4 0 0 0 563 39 0 0 
0 0 0 0 0 1314 0 0 0 0 0 0 
0 0 0 229 0 0 0 9 950 0 0 0 
0 0 0 0 0 388 0 0 1 0 0 0 
0 0 0 4 0 70 0 0 0 0 0 659 
0 0 0 0 0 1676 0 0 0 0 0 0 
0 364 0 2 2 57 0 0 0 188 2054 74 
0 15 22 1860 0 682 0 26 41 2 217 2 
0 0 1421 0 0 1 0 0 0 0 0 24 
0 0 0 1 0 0 0 0 0 0 2007 0 
0 0 0 0 0 0 0 0 0 0 1068 0 
0 0 0 0 0 0 0 0 0 0 1503 0 
0 0 0 0 0 325 208 1 6 0 5 2 
141 0 0 317 0 1 0 0 0 0 0 20 
0 0 0 0 0 1622 0 0 0 0 0 0 
59 0 14 0 23 0 0 231 0 0 2 1 
0 0 0 0 0 0 0 0 0 0 1066 0 
0 16 615 0 0 0 0 0 446 0 0 3 
0 0 0 0 0 0 0 0 0 0 941 0 
0 0 0 0 0 0 0 0 0 877 0 0 
0 0 0 0 1506 0 0 0 0 0 0 0 
0 0 1 0 1010 2 27 0 0 0 0 0 
0 92 0 4 0 3 0 1 209 0 0 25 
0 0 0 0 1643 0 0 0 0 0 0 0 
0 0 0 0 1372 0 0 0 0 0 0 0 
0 0 11 39 1191 50 4 0 0 0 0 16 
0 143 601 0 1878 0 0 0 0 0 0 8 
0 0 0 0 0 0 0 0 0 473 0 0 
107 3 0 0 0 0 1 0 0 0 1260 0 
0 0 0 0 0 0 0 9 0 804 0 0 
50 0 0 1 0 0 0 1 2 770 0 1 
0 156 2 116 103 1 5 0 17 0 0 324 
0 279 1 1 0 0 0 0 0 0 0 0 
3 0 0 0 0 0 368 0 0 0 0 0 
0 0 0 0 1400 1 0 0 1 10 1 0 
0 0 0 0 0 1201 0 0 0 0 0 0 
0 0 0 0 1180 0 0 0 0 0 0 0 
0 0 0 0 8 0 0 0 1050 0 0 99 
0 0 0 0 1448 0 0 1 0 0 0 0 
1 1 0 0 0 1027 0 0 0 0 8 0 
405 0 0 0 0 0 0 5 0 0 4 7 
0 0 0 0 144 566 10 1 53 3 0 17 
0 0 0 0 841 0 0 0 0 0 0 0 
0 0 0 0 919 0 0 0 0 0 0 0 
0 0 0 0 0 0 0 0 0 467 0 0 
0 3 0 0 1 0 445 0 0 0 0 0 
0 0 0 67 286 0 0 3 155 1 0 0 
0 0 0 0 0 0 0 0 0 0 1911 0 
0 0 0 0 1 3 0 3853 0 15 0 6 
0 0 0 0 0 0 0 0 0 344 0 0 
