0 0 0 0 2658 50 0 0 0 148 259 0 
0 79 0 641 18 6 0 0 250 801 36 0 
0 0 0 0 0 0 0 0 0 0 771 0 
0 0 0 0 0 1896 106 0 0 0 0 191 
0 0 0 0 0 0 0 0 0 0 432 1 
0 0 0 0 0 4724 0 2 0 0 57 0 
0 0 45 331 1180 1 0 1 0 0 2 0 
0 0 0 0 0 1506 0 0 0 0 0 0 
0 0 0 0 0 441 0 0 0 0 0 0 
0 0 0 0 0 1305 0 0 0 0 0 0 
0 0 0 0 0 875 0 0 0 0 0 0 
206 0 261 0 448 3822 0 314 0 16 0 59 
0 0 0 0 696 0 0 0 0 0 0 0 
0 1 0 0 1410 1545 0 0 0 0 0 0 
1 325 100 11 567 0 0 0 135 484 0 168 
0 0 4 0 0 4489 913 1 0 83 0 0 
0 0 0 0 0 0 0 0 0 0 0 857 
318 2238 1 0 2 0 0 0 0 0 0 9 
0 0 0 0 0 0 0 0 0 0 810 0 
0 0 0 0 0 0 0 0 0 0 736 0 
0 0 0 0 0 0 0 0 0 0 812 0 
0 266 0 0 0 174 194 0 0 40 263 729 
0 0 0 0 0 0 0 0 0 0 3792 1 
0 10 0 147 31 0 0 0 0 0 1747 581 
0 0 0 0 0 0 0 0 0 1940 0 0 
0 0 0 0 0 0 0 0 1 441 0 0 
65 458 32 47 22 1069 0 193 323 12 0 0 
33 1 0 0 120 25 464 66 324 3 184 34 
0 0 0 0 0 0 0 0 0 0 631 0 
0 0 0 0 0 2219 0 0 0 1 0 0 
0 0 0 0 0 803 0 0 0 0 0 0 
0 0 0 0 0 670 0 0 0 0 0 0 
0 0 0 0 1290 0 0 0 0 0 0 0 
0 7 0 0 1 1978 0 0 0 0 0 0 
0 0 0 2 818 1844 0 8 0 0 0 0 
440 0 0 0 0 0 0 0 0 0 0 0 
0 6 30 0 67 82 4 0 0 0 1622 1 
0 2421 0 0 0 5 0 0 0 11 99 0 
0 0 0 0 0 0 0 0 0 0 322 0 
0 0 0 0 0 0 0 628 0 0 0 0 
96 54 192 3 44 37 78 82 90 175 3126 167 
0 0 0 0 0 0 0 0 0 0 1065 0 
0 1 650 1500 320 3 0 0 8 0 0 1 
0 0 0 0 0 0 0 0 1 0 2960 0 
53 619 277 0 591 0 4 58 11 0 1 248 
0 0 0 0 292 0 0 0 0 0 0 0 
0 327 170 117 346 0 1 0 1 0 16 0 
0 0 0 0 0 0 265 0 0 0 0 0 
0 0 0 0 0 0 0 0 0 0 694 0 
0 0 0 0 0 0 0 0 0 1915 0 0 
0 501 1 362 37 1356 0 20 171 400 2319 145 
0 0 0 0 0 0 0 0 0 741 0 0 
0 0 0 0 0 0 0 0 0 0 2006 0 
0 0 0 0 0 0 0 14 0 419 0 0 
0 0 0 0 0 0 0 0 0 0 1409 0 
0 0 0 0 0 0 0 0 0 0 0 328 
0 26 0 5 0 0 0 0 0 0 0 163 
0 0 0 2 1 0 0 0 1 2 979 0 
0 0 0 0 0 0 0 0 0 0 697 0 
0 0 0 0 0 0 0 293 0 0 0 132 
0 8 0 2 0 0 0 418 2351 0 1 0 
0 0 0 0 0 566 0 0 0 0 0 0 
0 0 0 0 0 0 0 0 0 0 2579 0 
0 0 0 0 0 0 0 0 0 0 624 0 
76 0 10 384 0 0 63 0 286 0 5 0 
0 0 1 0 0 0 13 0 43 1146 0 1 
0 42 531 9 63 188 0 0 0 60 3329 21 
0 0 10 442 0 0 90 0 0 0 0 133 
0 0 0 0 0 2174 0 0 0 0 0 0 
172 703 0 6 0 0 34 8 0 106 0 186 
0 2 0 0 1072 0 0 0 0 0 0 0 
0 0 0 0 0 0 0 0 0 0 1324 0 
0 0 0 0 0 0 0 0 0 0 1743 0 
0 0 0 0 0 1001 0 0 0 0 0 0 
0 0 0 0 0 0 0 0 0 0 768 0 
0 0 11 0 0 0 0 0 0 512 0 6 
0 0 1 0 0 0 0 0 0 563 0 0 
0 0 0 0 0 0 0 0 0 0 0 329 
115 0 0 0 40 46 202 0 0 7 0 1 
0 70 5 10 43 0 17 0 0 157 769 0 
0 0 0 0 2 1 0 0 0 0 592 0 
18 10 3 0 10 367 0 0 6 0 19 0 
181 0 0 0 0 22 0 0 0 0 0 0 
0 0 0 0 0 470 0 0 0 0 0 0 
299 11 0 560 0 32 0 281 249 13 587 88 
0 0 4 0 0 0 1 0 0 1 351 0 
2 0 0 0 1 1116 0 0 0 0 0 0 
50 1 0 0 0 0 0 0 585 0 0 130 
0 0 0 0 0 0 0 0 0 0 824 0 
0 0 0 0 0 541 0 0 0 0 0 0 
0 445 221 5 0 0 33 58 0 86 0 0 
0 0 0 0 0 0 0 0 0 0 0 675 
0 201 0 0 0 0 452 0 217 0 13 122 
0 0 0 0 0 0 0 0 0 0 2177 0 
168 0 0 0 0 0 0 0 0 0 0 382 
0 0 0 0 0 0 0 1 0 0 3226 0 
0 0 0 0 0 0 0 0 0 0 0 2643 
0 0 0 0 954 0 0 0 0 0 0 0 
0 0 0 0 0 0 0 0 0 0 865 0 
0 90 143 0 4 0 0 480 0 0 0 10 
0 0 0 1 0 612 4 0 0 1 2 0 
1499 0 30 0 2 2 0 0 0 7 0 164 
0 0 0 0 0 751 0 0 0 0 0 0 
0 0 0 0 0 0 0 0 0 0 1203 0 
0 0 0 0 0 0 0 0 0 0 579 0 
0 0 0 0 458 0 0 0 0 0 0 0 
0 0 0 0 0 0 0 0 0 0 1610 0 
0 0 0 0 0 641 0 0 0 0 0 0 
0 0 0 0 0 343 0 0 0 0 0 0 
0 0 0 0 0 150 1156 134 22 0 0 0 
0 0 0 0 0 0 0 0 0 0 1075 0 
0 0 0 0 0 478 0 19 0 0 2 0 
0 0 8 647 13 468 134 0 0 30 374 203 
0 0 0 0 0 2554 0 0 0 0 0 0 
0 0 0 6 158 305 0 0 0 0 0 0 
0 0 0 2 0 1 489 0 1 0 0 0 
25 792 0 0 124 1 337 78 442 0 0 89 
0 0 0 0 0 0 0 0 0 0 2270 0 
0 127 622 0 1551 5 2 1 0 0 0 4 
0 0 109 529 184 0 292 0 289 93 255 168 
0 0 887 0 1 0 2 0 0 0 0 0 
0 0 0 0 0 0 0 0 0 0 1371 0 
0 243 9 2 3 69 0 0 118 0 0 0 
0 0 0 0 0 0 0 0 669 2 0 0 
0 0 0 0 0 0 0 0 0 0 1141 0 
0 0 1 0 0 0 0 0 0 0 1190 0 
0 0 0 0 0 0 0 0 0 0 296 0 
0 0 0 0 0 731 1 0 0 0 0 0 
0 0 0 0 0 0 0 0 0 0 1421 0 
0 0 0 0 0 3 0 0 0 0 2420 0 
745 1 307 0 1 0 692 108 155 250 407 204 
0 0 0 0 0 0 0 0 0 0 2906 0 
0 0 0 0 0 0 0 0 0 0 0 1379 
0 0 0 0 0 955 0 0 0 0 0 0 
0 0 0 0 0 1068 0 0 0 0 0 0 
0 0 0 0 0 1503 0 0 0 0 0 0 
0 0 0 0 0 547 0 0 0 0 0 0 
0 0 0 0 0 1049 0 0 0 0 0 0 
0 0 0 0 0 0 0 0 0 0 0 525 
0 0 6 0 722 891 1 0 0 0 0 1 
0 0 8 0 0 0 34 4 264 16 4 0 
103 0 0 0 0 0 0 6 52 0 393 6 
0 979 0 53 21 0 29 0 0 0 0 0 
0 1 54 0 0 40 0 0 0 0 844 0 
0 0 0 0 0 914 0 0 0 0 0 0 
0 0 0 0 0 0 0 0 0 0 1491 0 
0 980 0 0 47 6 0 0 0 1 0 0 
14 0 0 24 1 0 0 0 0 166 109 21 
168 10 6 100 0 11 95 0 0 0 74 59 
0 0 0 0 0 0 0 0 0 0 1158 0 
0 0 0 0 0 0 0 0 0 0 1375 0 
0 2641 0 8 69 0 0 0 0 3 10 13 
0 0 0 0 1 472 0 0 0 0 0 0 
0 0 0 0 0 0 0 0 0 0 1408 0 
0 0 0 0 0 0 0 1278 0 0 0 1 
23 0 0 0 45 0 208 2 499 0 9 40 
0 0 0 0 0 0 0 0 0 2 519 0 
