29 1 0 2983 84 0 0 0 0 0 0 17 
2 0 0 9 0 1819 2 0 0 0 0 0 
0 0 46 0 49 177 66 0 66 321 44 0 
63 1078 0 24 20 167 832 6 0 0 0 0 
3 0 0 3 0 0 0 0 0 427 0 0 
8 1 0 0 78 0 0 0 0 606 4147 0 
0 411 661 440 0 0 0 0 0 6 0 35 
0 0 0 0 0 0 0 0 0 0 1279 0 
0 0 0 24 9 333 0 0 0 75 0 0 
0 0 0 0 0 0 0 0 0 1202 0 0 
0 0 0 0 0 0 0 0 0 0 874 0 
6 0 51 0 0 0 1 4939 0 136 0 0 
0 0 0 0 0 0 0 0 0 0 0 696 
0 0 0 1 477 666 0 0 0 0 1824 0 
0 0 0 0 0 0 0 0 0 0 1792 0 
0 2 8 0 0 0 3 26 0 5317 238 0 
0 0 0 0 0 0 0 0 0 723 0 0 
0 0 863 0 0 0 0 1 0 0 0 0 
0 1710 851 10 0 0 0 0 0 0 0 0 
0 0 0 0 0 810 0 0 0 0 0 0 
0 0 0 0 736 0 0 0 0 0 0 0 
0 0 0 0 0 812 0 0 0 0 0 0 
0 0 0 0 1676 0 0 0 0 0 0 0 
0 100 0 0 2260 292 188 269 349 330 9 0 
0 67 0 395 2042 0 0 0 0 0 9 0 
0 0 0 0 0 1934 0 0 0 0 0 0 
0 0 7 0 0 33 0 2 150 0 0 249 
0 0 0 0 0 0 0 0 0 0 2406 0 
84 11 0 1 0 26 284 348 0 463 36 0 
0 113 119 8 110 0 115 0 0 137 4 25 
0 0 0 12 13 134 216 140 0 591 1130 0 
0 0 1 0 0 1 0 1 0 788 0 0 
0 0 0 0 0 0 0 0 0 0 656 0 
0 0 0 0 0 0 0 0 0 0 1290 0 
0 0 0 0 0 0 0 0 0 0 1988 0 
79 331 97 0 950 173 327 61 84 559 0 0 
0 0 0 0 0 0 440 0 0 0 0 0 
0 0 0 0 0 0 1809 0 0 3 0 0 
0 0 0 0 0 0 0 0 0 0 2536 0 
0 0 0 0 0 0 0 0 322 0 0 0 
0 0 0 0 0 0 1 588 9 0 0 30 
0 0 55 0 1887 1781 0 0 329 96 33 0 
0 273 41 0 14 0 211 0 0 106 414 0 
0 11 0 442 2032 0 0 0 0 0 0 0 
0 8 0 0 18 2980 0 0 0 7 9 0 
0 0 0 0 0 0 0 0 0 1862 0 0 
0 0 0 0 0 0 0 0 0 0 292 0 
0 0 0 0 0 1 0 0 0 0 0 976 
0 0 0 0 0 261 0 2 0 0 2 0 
0 0 0 0 694 0 0 0 0 0 0 0 
6 12 6 13 52 248 67 1222 0 22 118 150 
3 0 0 0 0 5314 0 0 5 0 0 2 
0 0 0 0 0 723 0 0 0 0 0 0 
0 0 0 0 0 2006 0 0 0 0 0 0 
0 0 0 0 0 0 0 427 0 0 0 0 
0 0 0 0 1409 0 0 0 0 0 0 0 
0 0 0 0 328 0 0 0 0 0 0 0 
0 0 0 0 0 194 0 0 0 0 0 0 
0 0 13 8 787 0 0 13 0 0 174 0 
0 0 0 0 0 697 0 0 0 0 0 0 
0 426 0 0 0 0 0 0 0 0 0 0 
2433 15 0 0 0 0 0 69 112 0 150 0 
6 0 0 0 0 0 0 2 0 558 0 0 
0 0 47 56 97 2384 55 186 2 70 34 44 
0 0 0 0 0 535 0 0 0 0 0 0 
0 0 0 0 0 0 0 0 0 0 824 0 
4 14 0 5 0 121 1084 0 0 0 0 0 
0 0 0 0 2684 1436 0 85 0 6 0 0 
4 0 0 0 0 0 0 0 0 582 89 0 
0 0 0 0 0 0 0 0 0 2174 0 0 
0 0 0 1065 147 2 0 0 0 0 0 0 
0 0 0 0 0 0 0 0 0 0 1071 0 
0 148 107 370 372 37 24 265 0 0 0 1 
0 150 0 71 659 364 2 265 0 77 135 0 
0 852 0 46 0 16 73 0 14 0 0 0 
0 0 0 0 768 0 0 0 0 0 0 0 
0 0 0 0 0 0 0 529 0 0 0 0 
0 34 0 0 0 154 0 0 0 377 0 0 
0 0 0 329 0 0 0 0 0 0 0 0 
0 0 0 0 411 0 0 0 0 0 0 0 
0 0 0 0 0 1 0 0 0 1063 8 0 
0 0 47 0 1 0 17 0 165 1 358 0 
0 0 0 0 0 435 0 0 0 0 0 0 
0 0 0 203 0 0 0 0 0 0 0 0 
0 0 0 0 0 0 0 0 0 0 465 0 
0 0 0 0 2112 0 0 0 0 0 0 0 
0 0 0 0 0 0 0 0 0 0 357 0 
0 0 0 0 0 0 0 0 0 1071 0 0 
44 0 0 0 1 0 0 0 304 417 0 0 
0 0 0 0 0 824 0 0 0 0 0 0 
0 0 0 184 145 0 54 1 0 116 41 0 
0 0 0 0 0 845 0 0 0 0 0 0 
0 0 0 0 675 0 0 0 0 0 0 0 
0 0 0 0 1004 0 0 0 0 0 0 0 
0 0 0 0 2177 0 0 0 0 0 0 0 
540 0 0 0 0 0 0 0 0 0 0 10 
220 306 278 1391 238 29 37 183 79 4 243 222 
348 0 0 1441 270 19 24 0 212 58 149 127 
240 0 0 20 0 41 489 0 0 0 40 123 
0 0 0 0 0 554 0 0 0 0 0 0 
0 0 153 0 59 129 37 0 180 0 0 169 
0 0 1 0 0 0 0 0 0 0 619 0 
43 0 1 2 17 1594 0 0 41 0 2 3 
120 0 2 1 57 69 0 83 10 251 153 7 
198 0 0 104 0 0 0 103 637 62 97 0 
0 0 0 0 579 0 0 0 0 0 0 0 
0 0 1 0 0 0 0 4 0 0 457 0 
240 48 0 393 0 0 0 87 742 22 67 0 
0 0 13 0 0 3 0 74 147 1 18 385 
0 0 0 0 0 0 0 0 0 0 343 0 
0 0 0 0 0 0 163 187 1117 0 0 0 
88 0 0 390 29 739 0 1 0 0 0 0 
3 0 0 7 0 37 11 58 3 0 380 0 
0 0 0 0 0 0 0 0 0 1874 0 0 
0 177 336 0 0 0 4 4 124 0 1457 448 
0 0 0 0 0 0 0 0 0 0 469 0 
0 0 0 0 0 144 347 0 0 0 3 0 
0 0 0 0 0 1881 0 0 0 0 0 0 
108 3 0 0 1346 824 0 0 0 0 24 0 
2 38 0 0 0 0 0 0 0 0 0 2275 
0 0 0 0 0 0 0 0 0 0 1919 0 
0 2 62 0 4 0 14 1 0 1 810 1 
1 27 99 43 660 239 9 204 0 0 33 51 
0 0 0 0 0 0 0 0 0 427 0 0 
0 0 3 0 0 0 601 0 62 0 5 0 
0 0 0 0 0 896 0 0 0 0 0 0 
33 32 345 1 5 0 0 318 0 25 0 434 
0 0 0 0 0 296 0 0 0 0 0 0 
31 1 0 2 0 205 0 129 16 123 226 0 
0 0 0 0 0 1346 0 0 0 0 0 0 
0 0 7 8 0 1394 31 243 159 710 117 0 
153 538 0 303 109 171 244 219 0 546 186 398 
789 259 36 421 0 424 0 419 386 0 155 25 
3 0 1330 0 0 0 2 0 0 4 1 30 
9 1 292 0 0 0 153 186 0 37 273 0 
0 0 0 0 0 0 0 0 0 0 1068 0 
0 0 0 0 0 0 0 0 0 0 1503 0 
0 0 0 0 0 376 171 0 0 0 0 0 
0 0 0 0 0 0 0 0 0 0 1049 0 
45 142 0 108 105 0 0 56 37 0 0 31 
0 0 0 0 0 1617 0 0 0 0 0 0 
0 0 0 241 0 82 0 0 0 1 0 7 
0 0 0 0 0 0 0 0 0 0 560 0 
0 9 381 0 618 0 0 0 3 5 65 0 
0 0 0 0 0 0 0 0 0 0 939 0 
0 0 0 0 0 0 0 0 0 980 0 0 
0 0 0 0 1491 0 0 0 0 0 0 0 
0 0 36 0 990 7 0 0 0 0 0 0 
0 11 0 22 0 0 0 281 0 0 10 11 
0 0 0 0 523 0 0 0 0 0 0 0 
0 0 0 0 1158 0 0 0 0 0 0 0 
77 5 93 145 536 0 180 213 24 95 14 0 
68 277 516 0 1811 0 0 18 0 0 0 58 
0 0 0 0 0 1 0 0 0 472 0 0 
279 0 0 34 0 0 0 25 774 0 292 0 
5 0 1 0 0 0 21 90 0 439 0 0 
7 12 6 0 0 5 222 333 0 205 38 0 
0 0 3 0 158 153 0 0 13 7 7 0 
