0 0 1 0 3067 1 0 0 21 0 0 0 
0 15 10 61 0 0 0 0 0 574 923 0 
0 0 0 0 0 0 0 0 0 0 760 0 
1 0 0 0 0 1923 104 0 0 0 0 0 
0 0 1 0 0 0 0 0 0 0 432 0 
0 0 0 0 0 4463 0 0 0 0 47 0 
0 0 32 313 1196 0 0 0 0 0 0 4 
0 0 0 0 0 1582 0 0 0 0 0 0 
0 0 0 0 0 440 0 0 0 0 0 0 
0 0 0 0 0 1305 0 0 0 0 0 0 
0 0 0 0 0 957 0 0 0 0 0 0 
56 0 0 83 1 4270 0 732 0 0 0 0 
0 0 0 0 719 0 0 0 0 0 0 0 
0 0 0 8 1420 1497 0 0 0 0 0 0 
0 535 0 1 1 134 2 8 0 1081 6 21 
7 0 0 0 0 4220 1032 0 2 77 0 0 
0 0 0 0 0 0 0 0 0 0 0 867 
379 2145 0 0 0 0 0 0 2 0 0 12 
0 0 0 0 0 0 0 0 0 0 994 0 
0 0 0 0 0 0 0 0 0 0 711 0 
0 0 0 0 0 4 0 0 0 0 2947 0 
0 0 25 0 0 0 8 0 38 11 0 1618 
0 0 0 0 0 0 0 0 0 0 2990 0 
0 6 0 238 0 0 0 0 0 0 1405 701 
0 0 0 0 0 0 0 0 0 1751 1 0 
0 0 0 0 0 0 0 0 0 438 0 0 
0 0 0 0 0 683 2 0 0 0 0 0 
302 278 374 0 0 21 1 246 16 14 0 0 
0 0 0 0 0 0 0 0 0 0 1325 0 
0 0 0 0 0 2313 0 0 0 0 0 0 
0 0 0 0 1 792 3 0 0 0 0 0 
0 0 0 1 0 675 0 0 0 0 0 0 
0 0 0 0 1290 0 0 0 0 0 0 0 
1 0 0 0 0 2517 0 2 0 0 0 0 
0 0 0 0 812 1865 0 0 1 0 0 0 
440 0 0 0 0 0 0 0 0 0 0 0 
16 0 0 12 2 2 0 1 3 2 1121 0 
0 2475 0 0 0 0 0 0 0 0 60 1 
0 0 0 0 0 0 0 0 0 0 322 0 
0 0 0 0 0 0 0 628 0 0 0 0 
0 0 28 0 0 0 0 0 0 0 3774 0 
0 0 0 0 0 0 0 0 0 0 1077 0 
0 19 718 1512 272 0 0 0 0 0 0 1 
0 0 0 1 0 0 0 0 0 0 2832 0 
9 0 0 0 1851 0 0 0 0 0 0 2 
0 0 0 0 292 0 0 0 0 0 0 0 
27 88 0 145 276 0 0 0 0 0 459 0 
0 0 0 0 0 0 265 0 0 0 0 0 
0 0 0 0 0 0 0 0 0 1124 0 0 
0 6 1 0 1 1010 0 1 9 33 2780 0 
0 2 0 0 0 0 0 0 0 1562 0 0 
0 0 0 1 0 0 0 0 0 0 2620 0 
0 0 0 0 0 0 0 8 0 458 0 0 
0 1 0 0 0 0 0 0 0 0 0 327 
9 0 184 0 0 0 0 0 0 0 0 1 
0 0 0 0 0 4 0 3 0 0 970 0 
0 0 0 0 0 0 0 0 0 0 697 0 
0 0 0 0 0 4 0 350 0 0 0 0 
0 13 1 0 7 0 0 427 2309 0 19 1 
0 0 0 0 0 566 0 0 0 0 0 0 
0 0 0 0 0 0 0 0 0 0 2211 0 
0 0 0 0 0 0 0 0 0 0 647 0 
0 159 0 658 0 3 0 0 3 0 0 1 
30 0 0 5 0 0 0 9 0 0 3406 0 
0 397 13 0 0 36 177 8 0 20 12 13 
0 0 2 0 0 2172 1 0 0 0 0 0 
4 0 0 0 0 0 0 0 0 0 0 1527 
0 0 0 2 1073 0 0 0 0 0 0 0 
0 0 0 0 0 0 0 0 0 0 1942 0 
0 0 0 0 0 1002 0 0 0 0 0 0 
0 0 0 0 0 0 0 0 0 0 768 0 
0 13 0 0 0 0 0 0 0 514 0 0 
0 0 0 0 0 0 1 0 0 537 0 0 
0 1 4 182 16 0 3 0 0 0 0 205 
0 82 0 112 0 0 2 0 0 234 639 1 
0 8 0 0 0 0 0 0 0 0 593 0 
0 0 0 0 0 48 119 73 0 0 183 20 
0 18 0 0 0 0 0 0 0 45 130 10 
0 0 0 0 0 1 0 0 0 0 1291 0 
0 0 0 0 0 0 0 0 0 0 357 0 
1 2 0 0 0 1085 0 0 0 0 0 0 
0 0 0 0 2 0 0 0 468 0 0 1 
0 0 0 0 0 0 0 0 0 0 824 0 
518 7 20 3 75 0 0 0 0 2 0 296 
0 0 0 0 0 0 0 0 0 0 0 675 
1 0 0 2 0 21 239 59 0 684 0 0 
0 0 0 0 0 0 0 0 0 0 1228 0 
23 0 0 0 1 0 0 0 0 0 0 399 
0 1 0 0 0 0 0 0 0 0 3262 0 
0 0 0 0 0 0 0 0 0 0 0 2001 
0 0 0 0 947 0 0 0 0 0 0 0 
1 0 0 0 0 0 0 0 0 0 1722 0 
0 30 0 12 0 0 1 76 308 0 299 0 
0 0 0 0 0 619 0 0 0 0 0 0 
1608 22 0 43 0 19 0 0 0 0 0 2 
0 0 0 0 0 756 0 0 0 0 0 0 
0 0 0 0 0 0 0 0 0 0 1170 0 
0 0 0 0 0 0 0 0 0 0 291 0 
0 0 2 0 485 0 0 0 0 0 0 0 
0 0 0 0 0 0 0 0 0 0 370 0 
0 0 0 0 0 636 0 0 0 0 0 0 
0 0 0 0 0 123 1181 137 12 0 0 0 
0 0 0 0 0 0 0 0 0 0 726 0 
0 0 0 0 3 487 3 2 0 0 2 0 
124 376 0 838 78 0 0 506 2 5 0 24 
0 0 0 0 0 2549 0 0 0 0 0 0 
0 0 122 0 330 0 0 0 0 17 0 0 
0 0 0 0 0 2 487 0 4 0 0 0 
0 53 3 2 0 670 0 0 0 4 587 1 
0 0 0 0 0 0 0 0 0 0 2484 0 
0 107 558 0 1605 3 0 0 0 0 0 0 
14 0 176 4 0 0 1531 0 7 77 0 109 
0 0 887 0 1 0 3 0 0 0 0 0 
263 0 0 1 0 0 1 0 50 276 1 0 
0 0 0 0 0 0 0 0 615 0 0 0 
0 0 0 0 0 0 0 0 0 0 1319 0 
0 0 0 0 0 0 0 0 0 0 1187 0 
0 0 0 0 0 0 0 0 0 0 389 0 
0 1 0 0 0 722 0 0 8 0 0 0 
0 0 0 0 0 0 0 0 0 0 1676 0 
0 469 30 5 0 161 1409 36 0 0 203 429 
0 0 0 0 0 0 0 0 0 0 2910 0 
0 0 0 0 0 0 0 0 0 0 0 1404 
0 0 0 0 0 2018 0 0 0 0 0 0 
0 0 0 0 0 1068 0 0 0 0 0 0 
0 0 0 0 0 1503 0 0 0 0 0 0 
0 0 0 0 0 547 0 0 0 0 0 0 
0 0 0 0 0 0 0 0 0 0 0 521 
0 0 5 0 895 717 0 0 1 0 0 0 
2 3 0 0 0 0 0 0 320 0 2 2 
0 0 0 0 0 1063 0 0 0 1 0 0 
0 394 0 6 0 8 102 0 0 571 0 0 
2 0 0 0 0 1 0 0 0 0 938 0 
0 0 0 0 1 925 0 0 0 0 0 0 
0 0 1 0 0 0 0 0 0 0 1458 0 
0 686 0 0 28 236 15 10 79 0 0 0 
102 0 0 0 0 6 21 0 0 116 85 4 
0 0 0 0 0 0 0 0 0 0 1643 0 
0 0 0 0 0 0 0 0 0 0 1370 0 
0 0 0 0 0 0 0 0 0 0 1321 0 
0 2606 1 0 81 0 0 0 0 0 1 4 
0 0 0 0 0 473 0 0 0 0 0 0 
0 0 0 0 0 0 0 0 0 0 1399 0 
0 0 0 0 0 0 2 833 0 0 0 0 
0 0 0 113 166 81 28 0 437 0 0 0 
0 3 0 1 0 0 0 2 0 0 652 0 
0 0 0 0 0 0 0 0 0 0 0 238 
0 0 0 0 3 0 12 0 174 182 0 0 
0 0 0 0 0 0 0 0 0 0 1416 0 
0 738 0 0 2 70 11 0 264 1 0 125 
0 0 0 0 0 0 0 0 0 0 1180 0 
0 0 0 0 0 0 0 0 0 0 1257 0 
0 0 0 0 0 0 0 0 0 0 1442 0 
0 0 0 0 0 0 0 0 0 1037 0 0 
402 0 1 0 0 2 0 0 1 0 0 15 
0 0 0 0 0 0 0 0 0 0 0 789 
0 0 1 0 1 0 1 0 0 0 832 0 
0 0 0 0 0 94 0 0 645 57 123 0 
0 0 0 0 0 0 0 446 0 0 0 0 
6 0 0 11 0 0 0 0 17 0 610 0 
0 0 0 0 0 0 0 0 0 0 512 0 
63 0 0 3 0 923 3 517 215 0 0 216 
