0 0 0 0 3083 0 0 0 0 0 8 0 
1 0 0 0 16 0 1 20 22 375 1151 0 
0 0 0 0 0 0 0 0 0 0 763 0 
0 0 0 0 0 1927 104 0 0 2 0 0 
0 0 0 0 0 0 0 0 0 0 433 0 
0 0 0 0 1 4383 0 0 0 0 52 0 
0 0 49 328 1168 1 0 0 0 0 0 0 
0 0 0 0 0 1560 0 0 0 0 0 0 
0 0 0 0 0 440 0 0 0 0 0 0 
0 0 0 0 0 1305 0 0 0 0 0 0 
0 0 0 0 0 961 0 0 0 0 0 0 
0 0 2 0 0 4624 0 512 0 1 0 4 
0 0 0 0 723 0 0 0 0 2 0 0 
0 0 0 0 1388 1512 0 4 0 8 13 2 
0 335 0 0 9 92 9 0 0 1351 0 0 
0 0 0 0 0 4370 829 0 0 116 0 0 
0 0 0 0 0 0 0 0 0 0 0 866 
374 2160 0 0 0 0 2 0 0 0 0 5 
0 0 0 0 0 0 0 0 0 0 994 0 
0 0 0 0 0 0 0 0 0 0 711 0 
0 0 0 0 0 5 0 0 0 0 2939 0 
1 0 11 0 0 0 0 0 56 2 14 1616 
0 0 0 1 0 0 0 0 0 0 2984 0 
0 0 0 125 0 3 0 0 0 0 1717 512 
0 0 0 0 0 0 0 0 1 1754 0 0 
0 0 0 0 0 0 0 0 0 439 0 0 
5 0 0 0 0 977 0 1110 0 1 0 48 
212 178 501 32 0 0 0 38 0 288 2 1 
0 0 0 0 0 0 0 0 0 0 1325 0 
0 0 0 0 0 2299 0 0 0 0 0 0 
0 0 0 0 0 802 0 0 0 0 0 0 
0 0 0 0 0 917 0 0 0 0 0 0 
0 0 0 0 1290 0 0 0 0 0 0 0 
0 0 0 0 1 2514 0 0 0 0 0 0 
0 0 0 0 871 1810 0 0 0 0 0 0 
440 0 0 0 0 0 0 0 0 0 0 0 
0 0 0 0 0 69 0 0 0 1 1072 0 
0 2476 0 0 0 0 2 8 0 0 51 0 
0 0 0 0 0 0 0 0 0 0 322 0 
0 0 0 0 0 0 0 628 0 0 0 0 
0 10 0 0 0 0 0 0 0 0 3931 0 
0 0 0 0 0 0 0 0 0 0 1072 0 
0 48 612 1484 373 0 0 0 2 0 2 0 
0 0 0 0 0 0 0 0 0 0 2845 0 
0 0 0 0 1701 0 109 0 0 23 0 29 
0 0 0 0 292 0 0 0 0 0 0 0 
0 68 0 121 520 0 0 0 0 1 279 0 
0 0 0 0 0 0 265 0 0 0 0 0 
0 0 0 0 0 0 0 0 0 1123 0 0 
0 0 20 0 0 853 22 1 0 0 3602 0 
0 0 0 0 0 0 0 0 0 1561 0 0 
0 0 0 0 0 0 0 0 0 0 2621 0 
0 0 0 0 0 0 0 9 0 457 0 0 
0 0 0 0 0 0 0 0 0 0 0 328 
0 0 138 5 39 0 0 0 12 0 0 0 
27 0 0 27 0 0 0 0 0 0 865 45 
0 0 0 0 0 0 0 0 0 0 697 0 
0 0 0 0 0 0 0 353 0 0 0 0 
0 9 0 0 0 0 0 441 2322 0 3 0 
0 0 0 0 0 566 0 0 0 0 0 0 
0 0 0 0 0 0 0 0 0 0 2187 0 
0 0 0 0 0 0 0 0 0 0 646 0 
13 135 0 583 39 25 26 0 3 0 0 0 
0 0 0 0 0 0 15 2 4 0 3488 8 
0 471 0 3 9 54 115 0 0 1 23 0 
0 0 0 0 0 2182 0 0 0 0 0 0 
0 0 0 0 0 0 0 1 0 0 0 1535 
0 0 0 0 1074 1 0 0 0 0 0 0 
0 0 0 0 0 0 0 0 0 0 1787 0 
0 0 0 0 0 1002 0 0 0 0 0 0 
0 0 0 0 0 0 0 0 0 0 768 0 
0 0 20 0 0 0 4 0 0 503 0 0 
0 0 0 0 0 0 0 0 0 538 0 0 
0 0 131 109 18 0 2 0 3 0 0 148 
0 128 0 161 0 0 0 0 0 7 774 0 
0 0 0 0 0 0 0 0 0 0 600 0 
0 0 0 0 0 149 0 72 0 0 200 20 
138 30 0 0 8 0 0 0 1 0 26 0 
0 0 0 0 0 0 0 0 0 0 1272 0 
0 4 0 2 0 0 0 7 0 0 334 10 
0 0 0 0 0 1140 0 0 0 1 0 0 
1 0 2 0 0 0 0 0 468 0 0 0 
0 0 0 0 0 0 0 0 0 0 824 0 
314 0 7 1 107 51 2 0 4 0 0 436 
0 0 0 0 0 0 0 0 0 0 0 675 
0 0 0 38 0 30 205 11 40 678 0 2 
0 0 0 0 0 0 0 0 0 0 1225 0 
155 0 0 0 0 0 0 0 0 0 0 386 
0 0 0 0 0 0 0 0 0 0 3268 0 
0 0 0 0 0 0 0 0 0 0 0 1995 
0 0 0 0 948 0 0 0 0 3 0 0 
0 0 0 0 0 0 0 0 2 0 1710 0 
0 325 11 0 0 0 41 72 211 0 37 29 
0 0 0 0 1 618 0 0 0 0 0 0 
1643 0 1 42 0 0 2 0 0 0 4 1 
0 0 0 0 0 755 0 0 0 0 0 0 
0 0 0 0 1 0 0 0 0 0 1158 0 
0 0 0 0 0 0 0 0 0 0 291 0 
0 0 1 0 483 0 0 0 0 0 2 0 
0 0 0 0 0 0 0 0 0 0 369 0 
0 0 0 0 0 635 0 0 0 0 0 0 
0 0 0 0 0 343 0 0 0 0 0 0 
0 0 0 0 0 110 1191 139 13 0 0 0 
0 0 0 0 0 0 0 0 0 0 727 0 
25 0 0 0 0 465 0 1 0 6 0 0 
72 595 0 970 2 0 0 311 0 2 2 0 
0 0 0 0 0 2560 0 0 0 0 0 0 
0 51 84 0 230 0 38 0 0 0 0 66 
3 0 0 0 0 0 489 0 0 1 0 0 
24 22 0 4 0 170 0 1 64 0 386 0 
0 0 0 0 0 0 0 0 0 0 2496 0 
0 226 618 4 1411 0 0 0 13 0 0 0 
93 0 112 0 7 0 864 0 0 0 4 838 
0 0 889 0 1 0 1 0 0 0 0 0 
322 0 0 0 0 12 0 0 13 244 0 0 
0 0 0 0 0 0 0 0 614 0 0 0 
0 0 0 0 0 0 0 0 0 0 1314 0 
0 0 0 0 0 0 0 0 0 0 1187 0 
0 0 0 0 0 0 0 0 0 0 395 0 
0 0 0 0 0 723 1 0 7 0 0 0 
0 0 0 0 0 0 0 0 0 0 1677 0 
17 50 0 10 0 283 1303 0 0 0 608 469 
0 0 0 0 0 0 0 0 0 0 2913 0 
0 0 0 0 0 0 0 0 0 0 0 1402 
0 0 0 0 0 2019 0 0 0 0 0 0 
0 0 0 0 0 1068 0 0 0 0 0 0 
0 0 0 0 0 1503 0 0 0 0 0 0 
0 0 0 0 0 547 0 0 0 0 0 0 
0 0 0 0 0 0 0 0 0 0 0 522 
0 2 0 0 841 776 0 0 0 0 2 0 
0 0 0 0 0 1 9 0 319 0 0 0 
0 0 0 0 0 1056 0 0 0 0 2 1 
0 551 0 0 21 0 0 0 1 508 0 0 
0 29 12 10 0 0 9 1 0 0 879 0 
0 0 0 0 0 877 0 0 0 0 0 0 
1 0 0 0 0 0 0 0 0 0 1455 0 
0 659 9 0 215 61 44 0 56 8 0 0 
80 43 0 0 2 0 0 0 13 88 102 6 
0 0 0 1 0 0 0 1 0 0 1641 0 
0 0 0 0 0 0 0 0 0 0 1371 0 
0 0 0 0 0 0 0 0 0 0 1321 0 
0 2635 0 0 46 0 0 0 0 1 7 0 
0 0 0 0 0 473 0 0 0 0 0 0 
0 0 0 0 0 0 0 0 0 0 1401 0 
0 0 0 0 0 0 0 807 0 0 3 0 
1 0 0 61 444 0 100 0 219 0 0 0 
0 0 0 0 0 0 0 0 0 0 660 0 
0 0 0 0 0 0 0 0 0 0 0 238 
0 0 0 1 0 0 14 0 168 188 0 0 
0 0 0 0 0 0 0 0 0 0 1407 0 
0 456 0 0 0 0 0 0 401 0 0 364 
0 0 0 0 0 0 0 0 0 0 1180 0 
0 0 0 0 0 0 0 0 0 0 1257 0 
0 0 0 0 0 0 0 0 0 0 1451 0 
0 0 0 0 0 0 0 0 0 1038 0 0 
205 0 4 0 0 0 0 0 3 0 0 91 
0 0 0 0 0 0 0 0 0 0 0 787 
0 0 0 0 0 0 0 0 0 0 825 0 
11 0 0 0 2 47 0 0 600 133 126 0 
0 0 0 0 0 0 0 469 0 0 0 0 
0 0 0 0 0 2 38 0 0 0 621 0 
0 0 0 0 0 0 0 0 0 0 512 0 
