5 0 1 2928 158 0 1 0 1 0 13 0 
0 0 0 0 0 1598 0 0 0 0 0 0 
0 2 68 0 0 647 0 1 42 1 0 0 
0 0 0 1 36 250 1703 0 24 0 0 19 
0 0 0 190 2 0 0 0 18 219 1 3 
0 0 0 0 0 1 9 6 0 658 3710 21 
0 397 635 500 0 0 0 0 0 0 0 18 
0 0 0 0 0 0 0 0 0 0 1559 0 
0 0 0 0 0 293 0 1 1 0 144 0 
0 0 0 0 0 1 0 0 0 1373 0 0 
0 0 0 0 0 0 0 0 0 0 954 0 
1 3 0 0 0 0 8 4999 0 123 0 4 
1 0 0 0 0 0 0 0 0 0 0 712 
0 4 0 0 455 749 0 0 0 0 1742 0 
0 0 0 0 0 0 0 0 0 0 1792 0 
0 1 0 0 0 0 0 0 0 5144 108 0 
1 0 859 0 0 0 0 0 0 0 1 0 
0 1719 820 3 2 0 0 0 1 0 0 0 
0 0 0 0 0 992 0 0 0 0 0 0 
0 0 0 0 685 0 0 0 1 0 0 0 
0 0 0 0 0 2945 0 0 0 0 0 0 
0 0 0 0 1703 0 0 0 0 0 0 0 
9 7 1 0 2881 85 0 10 2 0 0 2 
11 12 0 811 1638 7 0 0 9 1 0 0 
0 0 0 0 0 2050 0 0 0 0 0 0 
156 0 0 0 0 1 15 3 0 108 57 93 
0 0 0 0 0 0 0 0 0 0 2174 0 
48 0 0 0 46 57 0 370 0 730 0 0 
0 0 0 0 1324 0 0 0 1 0 0 0 
0 0 22 0 14 840 108 42 0 0 1262 0 
0 0 0 0 0 0 0 0 0 794 0 0 
0 0 0 0 0 0 0 0 0 0 916 0 
0 0 0 0 0 0 0 0 0 0 1290 0 
0 0 0 0 0 0 0 0 0 0 2515 0 
0 491 28 0 508 0 96 1057 60 441 0 1 
0 0 0 0 0 0 440 0 0 0 0 0 
3 3 0 0 0 0 1796 0 1 0 0 0 
0 0 1 0 0 0 0 0 0 0 2532 0 
0 0 0 0 0 0 0 0 322 0 0 0 
0 0 0 0 0 0 0 616 0 12 0 0 
0 0 103 0 1663 2279 29 0 4 18 0 0 
0 0 43 0 115 0 0 120 0 666 128 0 
0 10 0 463 2041 0 0 0 0 0 0 0 
0 0 1 0 0 2698 0 0 0 1 0 0 
0 0 0 0 0 0 0 0 0 1862 0 0 
0 0 0 0 0 0 0 0 0 0 292 0 
0 0 0 0 0 0 0 0 0 0 0 989 
0 0 0 0 0 264 0 0 1 0 0 0 
62 83 0 0 0 2 0 977 0 0 0 0 
1 0 0 3 0 4925 0 0 0 0 0 0 
0 1 0 0 0 1556 1 0 0 0 0 0 
0 0 0 0 0 2215 0 0 0 0 0 0 
0 0 0 0 0 0 0 466 0 0 0 0 
0 0 0 0 327 0 0 0 0 0 0 1 
0 0 0 0 0 194 0 0 0 0 0 0 
0 0 0 0 810 0 0 0 0 2 160 2 
0 0 0 0 0 697 0 0 0 0 0 0 
0 353 0 0 0 0 0 0 0 0 0 0 
2421 24 0 0 0 0 0 81 67 0 184 0 
0 0 0 0 0 0 0 0 0 566 0 0 
0 2 0 12 0 2158 0 13 0 19 0 0 
0 0 0 0 0 637 0 0 0 0 0 0 
0 0 0 0 0 0 0 0 0 0 824 0 
0 4 0 0 2333 1244 0 3 0 0 15 0 
2 0 0 0 0 0 0 1 80 538 56 0 
0 0 0 0 0 0 0 0 0 2176 0 0 
0 0 4 1528 6 0 0 0 0 2 0 0 
0 0 0 0 0 0 0 0 0 0 1074 0 
0 0 119 468 449 667 0 0 23 0 0 84 
1 965 1 0 0 0 0 16 5 14 0 0 
0 0 0 0 768 0 0 0 0 0 0 0 
0 1 0 2 0 0 0 525 0 0 0 0 
0 0 3 15 11 3 0 0 0 498 2 6 
0 0 0 0 411 0 0 0 0 0 0 0 
0 0 0 5 0 2 0 0 2 1061 0 0 
6 0 58 0 0 42 0 0 1 2 478 0 
0 0 0 1 0 442 0 0 2 1 0 0 
0 0 0 203 0 0 0 0 0 0 0 0 
0 0 0 0 0 0 0 0 0 0 477 0 
0 0 0 0 938 0 0 0 0 0 0 0 
0 0 0 0 0 0 0 0 0 0 357 0 
0 0 0 0 0 0 0 1 0 1126 1 0 
0 0 2 0 0 0 0 0 212 257 0 0 
0 0 0 0 0 824 0 0 0 0 0 0 
0 0 0 0 0 923 0 0 0 0 0 0 
0 0 0 0 675 0 0 0 0 0 0 0 
0 0 0 0 1004 0 0 0 0 0 0 0 
0 0 0 0 1227 0 0 0 0 0 0 0 
525 0 0 0 0 0 0 0 0 0 0 16 
451 469 418 417 0 52 3 1321 33 0 0 79 
0 12 0 942 637 0 2 0 247 3 18 0 
437 123 0 1 0 35 357 0 0 0 0 0 
0 0 0 0 3 1694 0 0 0 0 0 0 
0 0 52 0 0 0 0 503 167 0 3 0 
0 0 0 0 1 0 0 0 0 0 616 0 
181 0 0 1 0 1503 0 9 0 0 0 0 
0 0 61 0 11 0 218 0 5 453 0 0 
766 0 0 0 5 0 0 0 147 167 0 107 
0 0 0 0 579 0 0 0 0 0 0 0 
0 0 0 0 0 0 0 2 0 0 477 7 
0 3 0 0 0 14 49 0 263 0 3 38 
0 0 3 0 0 0 0 4 5 3 369 250 
0 0 0 0 0 0 0 0 0 0 343 0 
0 0 0 0 0 3 153 204 1092 5 0 1 
0 1 0 0 0 730 0 0 0 0 0 2 
0 0 0 0 0 0 0 0 0 1 430 65 
0 0 0 0 0 0 0 0 0 1953 0 0 
0 34 378 2 66 0 0 0 16 0 1752 320 
0 0 1 3 1 0 0 0 0 1 463 0 
2 0 0 0 0 131 360 0 0 0 0 0 
0 0 0 0 0 662 0 0 0 0 0 0 
0 0 0 17 1002 1468 0 0 0 0 0 0 
0 42 0 0 0 0 0 0 0 0 0 2238 
0 0 0 0 0 0 0 0 0 0 1918 0 
0 0 70 0 12 1 2 1 0 0 805 0 
0 0 0 0 0 0 0 0 0 592 0 0 
0 0 0 0 0 10 0 0 584 2 20 0 
0 0 0 0 0 1310 0 0 0 0 0 0 
2 0 367 553 0 0 0 192 0 0 0 72 
0 0 0 0 0 395 0 0 1 0 0 0 
592 0 0 14 43 76 0 0 0 1 7 0 
0 0 0 0 0 1679 0 0 0 0 0 0 
69 970 0 325 0 172 0 160 98 183 806 0 
434 0 4 175 26 1353 0 3 0 19 886 0 
0 0 1375 0 0 5 0 0 0 0 0 17 
0 0 0 0 0 0 0 0 0 0 2016 0 
0 0 0 0 0 0 0 0 0 0 1068 0 
0 0 0 0 0 0 0 0 0 0 1503 0 
0 0 0 1 0 307 238 0 0 1 0 0 
108 0 0 17 0 0 0 395 0 0 1 0 
0 0 0 0 0 1615 0 0 0 0 0 0 
0 14 0 28 1 0 220 20 46 0 0 0 
0 0 0 0 0 0 0 0 0 0 562 0 
2 568 451 5 2 8 0 0 0 0 0 45 
0 0 0 0 0 0 0 0 0 0 939 0 
0 0 0 0 0 0 0 0 0 877 0 0 
0 0 1 0 1453 0 0 0 0 0 0 0 
0 0 30 0 901 0 68 0 0 51 7 0 
106 0 0 0 1 1 0 0 1 0 0 226 
0 0 0 0 1643 0 0 0 0 0 0 0 
0 0 0 0 1371 0 1 0 0 0 0 0 
7 0 25 13 1244 1 0 2 0 0 0 57 
36 241 337 2 1965 83 0 0 0 0 14 0 
0 0 0 0 0 0 0 0 0 473 0 0 
0 0 0 0 0 0 67 0 0 0 1336 0 
0 0 0 0 0 0 0 32 0 776 0 0 
34 0 0 0 0 1 0 263 0 526 0 0 
43 2 0 2 0 585 1 2 0 0 0 11 
0 235 0 0 0 0 0 0 3 0 0 0 
0 0 0 0 0 0 365 6 0 0 0 0 
0 0 0 0 1393 0 0 0 0 0 0 5 
0 0 0 0 0 1212 0 0 0 0 0 0 
0 0 0 0 1180 0 0 0 0 0 0 0 
0 195 0 0 0 50 16 14 819 0 0 173 
0 0 0 0 1384 0 0 0 0 0 0 0 
0 0 0 7 2 278 0 447 0 14 0 0 
284 9 0 0 2 0 0 6 0 0 0 2 
0 0 129 389 106 0 0 13 148 0 0 0 
0 0 0 0 824 0 0 0 0 0 0 0 
0 0 0 0 919 0 0 0 0 0 0 0 
0 0 0 0 0 0 0 0 1 470 0 0 
0 0 0 1 501 0 10 0 0 0 0 0 
