0 3 0 14 3012 0 0 0 48 0 20 0 
3 2 0 0 92 0 80 0 0 297 824 0 
0 0 0 0 0 0 0 0 0 0 761 0 
0 0 0 0 0 2097 92 0 0 0 0 0 
0 0 0 0 0 0 0 0 0 0 433 0 
0 0 0 0 0 4518 0 1 0 0 34 0 
0 0 46 300 1198 0 0 0 0 0 1 0 
0 0 0 0 0 3907 0 0 0 0 0 0 
0 0 0 0 0 440 0 0 0 0 0 0 
0 0 0 0 0 1305 0 0 0 0 0 0 
0 0 0 0 0 954 0 0 0 0 0 0 
0 0 0 30 0 674 211 349 0 0 6 0 
0 0 0 0 438 0 0 0 0 0 0 0 
0 0 1 0 1588 1329 0 0 2 0 0 1 
0 40 0 0 0 755 0 0 60 926 11 0 
0 0 0 0 0 4525 714 0 0 91 0 0 
0 0 0 0 0 0 0 0 0 0 0 862 
302 2188 12 0 0 0 1 0 0 0 0 17 
0 0 0 0 0 0 0 0 0 0 1318 0 
0 0 0 0 0 0 0 0 0 0 729 0 
0 0 0 0 0 4 0 0 0 0 2933 0 
0 0 28 0 0 3 51 0 0 0 0 1614 
0 0 0 0 0 0 0 0 0 0 2965 0 
0 0 0 65 0 0 0 0 0 0 1982 350 
0 0 0 0 0 0 0 0 0 1754 0 0 
0 0 0 0 0 0 0 0 0 441 0 0 
0 0 0 0 0 872 0 0 0 0 0 0 
57 711 290 0 0 3 0 0 0 0 0 192 
0 0 0 0 0 0 0 0 0 0 1325 0 
0 0 0 0 0 2327 0 0 0 0 0 0 
0 0 0 0 0 810 0 0 0 0 0 0 
0 0 0 0 0 676 0 0 0 0 0 0 
0 0 0 0 1290 0 0 0 0 0 0 0 
0 1 0 0 0 2513 0 0 0 0 0 0 
1 0 0 0 785 1895 0 0 2 0 0 0 
440 0 0 0 0 0 0 0 0 0 0 0 
0 0 0 0 0 0 1 0 0 0 1351 3 
3 2441 0 0 0 0 0 0 0 0 92 1 
0 0 0 0 0 0 0 0 0 0 322 0 
0 0 0 0 0 0 0 624 0 0 0 0 
8 3 0 0 0 0 0 0 0 0 3776 0 
0 0 0 0 0 0 0 0 0 0 873 0 
0 12 772 1422 314 0 0 0 0 0 0 0 
0 0 0 0 0 0 0 0 0 0 2775 0 
0 20 1 0 1809 0 0 0 0 1 0 31 
0 0 0 0 292 0 0 0 0 0 0 0 
0 0 0 0 1342 0 0 2 0 12 0 0 
0 0 0 0 0 0 265 0 0 0 0 0 
0 0 0 0 0 0 0 0 0 1123 0 0 
0 0 0 0 0 808 0 0 0 31 2979 0 
0 0 0 0 0 0 0 0 0 1554 0 0 
0 0 0 0 2 0 0 0 0 0 2619 0 
0 0 0 0 0 0 0 0 0 460 0 0 
0 0 0 0 0 0 0 0 0 0 0 328 
0 0 9 37 0 0 0 0 148 0 0 0 
0 0 0 31 0 11 0 0 6 5 909 0 
0 0 0 0 0 0 0 0 0 0 697 0 
0 0 0 0 0 0 0 354 0 0 0 0 
0 12 0 0 8 0 0 459 2290 0 4 1 
0 0 0 1 0 1 0 0 0 0 2219 0 
0 0 0 0 0 0 0 0 0 0 648 0 
0 0 0 684 0 0 10 0 0 11 94 25 
0 1 0 1 42 0 0 16 0 1 3431 0 
3 175 0 3 0 0 258 24 0 0 0 214 
0 0 0 0 0 2177 0 0 0 0 0 0 
0 0 0 0 0 6 2 0 0 2 0 1534 
0 0 0 0 1071 0 0 0 0 3 0 0 
0 0 0 0 0 0 0 0 0 0 1978 0 
0 0 0 0 0 836 0 0 0 0 0 0 
0 0 0 0 0 0 0 0 0 0 941 0 
3 0 0 0 0 0 0 0 0 524 0 0 
0 0 0 0 0 0 0 0 0 536 0 0 
122 0 138 45 5 1 1 0 0 0 0 99 
0 48 100 1 0 18 8 0 101 79 716 0 
0 0 0 0 0 0 0 0 0 0 605 0 
2 0 0 1 0 201 50 0 0 0 183 3 
0 6 0 0 11 186 0 0 0 0 0 0 
0 1 0 0 0 6 0 1 0 1 1273 0 
0 0 0 0 0 0 0 0 0 0 357 0 
0 0 0 0 0 1131 1 0 0 0 0 0 
0 0 1 1 0 0 0 0 463 0 0 6 
0 0 0 0 0 0 0 0 0 0 824 0 
516 9 0 81 0 0 8 0 62 0 0 252 
266 0 3 85 0 43 538 0 0 72 0 0 
0 0 0 0 0 0 0 0 0 0 1233 0 
23 0 0 0 0 0 0 0 0 0 0 400 
0 0 0 0 0 0 0 0 0 0 3316 0 
0 0 0 0 0 0 0 0 0 0 0 2643 
0 0 0 0 945 0 0 0 0 0 0 0 
0 0 0 0 0 0 0 0 0 0 1693 0 
0 0 0 0 0 0 0 4 0 4 722 0 
0 0 0 0 0 619 0 0 0 0 0 0 
1664 0 0 2 0 2 18 4 0 0 0 0 
0 0 0 0 0 1319 0 0 0 0 0 0 
0 0 0 0 0 0 0 0 0 0 1152 0 
0 0 0 0 0 0 0 0 0 0 291 0 
0 0 2 0 510 0 0 0 0 0 0 1 
0 0 0 0 0 0 0 0 0 0 371 0 
0 0 0 0 0 634 0 0 0 0 0 0 
0 0 0 0 0 115 1185 139 15 0 0 0 
0 0 0 0 0 0 0 0 0 0 728 0 
0 0 0 0 0 493 0 1 0 1 0 2 
0 116 0 810 331 0 0 484 198 16 0 0 
0 267 127 0 29 0 4 12 0 1 18 11 
0 0 0 0 0 0 492 0 0 1 0 0 
0 0 82 0 20 236 0 0 0 70 911 4 
0 0 0 0 0 0 0 0 0 0 2481 0 
5 231 668 0 1286 0 0 0 0 0 0 2 
327 0 0 0 0 0 1584 0 0 1 3 3 
0 1 887 0 1 0 1 0 0 0 0 0 
282 0 197 0 4 21 0 42 15 30 0 0 
0 0 0 0 0 0 0 0 611 0 0 0 
0 0 0 0 0 0 0 0 0 0 1320 0 
0 0 0 0 0 0 0 0 0 0 1196 0 
0 0 0 0 0 0 0 0 0 0 389 0 
0 0 0 0 0 731 0 0 1 0 0 0 
0 0 0 0 0 0 0 0 0 0 1677 0 
15 0 0 0 0 1 2176 6 0 100 0 443 
0 0 0 0 0 0 0 0 0 0 2873 0 
0 0 0 0 0 0 0 0 0 0 0 1429 
0 0 0 0 0 2019 0 0 0 0 0 0 
0 0 0 0 0 1068 0 0 0 0 0 0 
0 0 0 0 0 1503 0 0 0 0 0 0 
0 0 0 0 0 547 0 0 0 0 0 0 
0 0 0 0 0 0 0 0 0 0 0 479 
0 0 1 0 894 714 9 5 0 0 0 0 
0 0 43 0 1 1 0 0 284 0 0 0 
0 0 0 0 0 1065 0 0 0 0 0 0 
0 233 0 0 0 0 0 0 1 847 0 0 
8 0 0 0 22 0 0 0 0 0 832 79 
0 0 0 0 0 877 0 0 0 0 0 0 
0 0 0 0 0 0 0 0 0 0 1498 0 
0 756 3 0 70 101 0 0 0 58 0 54 
0 0 0 0 4 0 163 0 1 146 20 0 
0 0 0 1 3 0 0 0 0 0 1639 0 
0 0 0 0 0 0 0 0 0 0 1370 0 
0 0 0 0 0 0 0 0 0 0 1358 0 
4 2591 0 0 62 1 4 1 0 0 3 0 
0 0 0 0 0 473 0 0 0 0 0 0 
0 0 0 0 0 0 0 0 0 0 1373 0 
2 0 0 0 0 0 0 831 1 0 0 0 
0 12 0 1 732 7 70 0 0 1 0 2 
0 0 0 0 0 0 0 0 0 2 662 0 
0 0 0 0 0 0 0 0 0 0 0 281 
0 0 0 0 0 0 26 0 191 154 0 0 
0 0 0 0 0 1 0 1 1 0 1409 0 
4 1098 0 0 18 0 0 0 43 0 0 44 
0 0 0 0 0 0 0 0 0 0 1180 0 
0 0 0 0 0 0 0 0 0 0 1276 0 
0 0 0 0 0 0 0 0 0 0 1455 0 
0 0 0 0 0 0 0 0 0 1037 0 0 
399 0 0 0 0 0 0 0 0 0 0 22 
0 0 0 0 0 0 0 0 0 0 0 791 
0 0 0 0 0 0 0 0 0 0 822 0 
8 0 119 0 0 30 6 262 19 0 474 1 
0 0 0 0 0 0 0 446 0 0 0 0 
4 0 0 2 1 35 0 17 29 0 360 0 
0 0 0 0 0 0 0 0 0 0 512 0 
18 79 126 88 3 385 0 892 0 0 0 319 
0 0 0 0 0 3276 0 593 4 0 0 0 
