3 0 104 0 2979 6 0 2 0 0 19 0 
0 0 0 0 0 0 1 0 0 477 1187 101 
0 0 0 0 0 1 0 0 0 0 758 0 
0 0 0 0 0 1937 99 0 0 0 0 0 
0 0 0 0 0 0 0 0 1 0 432 0 
0 0 0 0 0 4356 0 0 0 1 36 0 
0 0 36 298 1215 0 0 0 0 0 0 0 
0 0 0 0 0 1560 0 0 0 0 0 0 
0 0 0 0 0 439 0 0 0 0 0 0 
0 0 0 0 0 1365 0 0 0 0 0 0 
0 0 0 0 0 952 0 0 0 0 0 0 
0 0 0 42 22 4734 29 303 0 0 0 9 
0 0 0 0 713 0 0 0 0 0 0 0 
1 0 0 1 1533 1403 0 4 0 0 2 0 
0 0 0 0 253 8 18 0 88 1385 0 39 
0 2 0 0 0 4395 788 0 0 76 0 0 
0 0 0 0 0 0 0 0 0 0 0 860 
358 2157 0 0 0 0 0 1 0 0 0 34 
0 0 0 0 0 0 0 0 0 0 806 0 
0 0 0 0 0 0 0 0 0 0 686 0 
0 0 0 0 0 3 0 0 0 0 2941 0 
2 296 0 16 0 0 1 4 2 29 3 1352 
0 0 0 0 0 0 0 0 0 0 3003 0 
0 12 1 113 0 0 0 0 0 0 1638 725 
0 0 0 0 0 0 0 0 0 2049 0 0 
0 0 0 0 0 0 0 0 0 434 0 0 
0 0 0 0 0 1355 0 813 7 1 0 0 
62 660 5 225 0 0 0 0 0 145 0 154 
0 0 0 0 0 0 0 0 0 0 1325 0 
0 0 0 0 0 2280 0 1 0 0 1 0 
0 0 0 0 0 798 0 0 1 0 0 0 
0 0 0 0 0 917 0 0 0 0 0 0 
0 0 0 0 1290 0 0 0 0 0 0 0 
0 0 0 0 0 2513 0 0 0 0 3 0 
0 0 0 0 721 1969 0 0 0 2 0 0 
440 0 0 0 0 0 0 0 0 0 0 0 
78 0 0 0 0 5 0 0 9 0 1711 0 
0 2508 0 0 0 0 0 0 0 0 26 0 
0 0 0 0 0 0 0 0 0 0 322 0 
0 0 0 0 0 0 0 628 0 0 0 0 
0 0 0 0 0 1 0 0 0 15 4031 0 
0 0 0 0 0 0 0 0 0 0 1073 0 
0 0 668 1500 341 0 5 0 0 0 0 0 
0 0 0 0 0 0 0 0 0 0 2716 0 
56 61 1 0 1299 4 14 211 215 1 0 0 
0 0 0 0 292 0 0 0 0 0 0 0 
0 177 191 575 0 1 0 40 5 0 0 0 
0 0 0 0 0 0 265 0 0 0 0 0 
0 0 0 0 0 0 0 0 0 1124 0 0 
0 2 0 3 0 934 0 0 4 0 3980 1 
0 0 0 0 0 0 0 0 0 1559 0 0 
0 0 0 0 0 0 0 0 0 0 2215 0 
0 0 0 0 0 0 0 11 0 449 0 6 
0 0 0 0 0 0 0 0 0 0 0 328 
0 29 0 2 0 113 0 31 8 11 0 0 
24 0 0 0 0 8 0 0 7 0 934 2 
0 0 0 0 0 0 0 0 0 0 697 0 
0 0 0 0 0 1 0 351 0 0 0 0 
0 9 0 0 0 0 1 533 2229 0 6 0 
0 0 0 0 0 566 0 0 0 0 0 0 
0 0 0 0 0 0 0 0 0 0 2223 0 
0 0 0 0 0 0 0 0 0 0 624 0 
12 5 0 617 0 0 0 0 0 0 0 190 
1 0 0 1 0 0 0 0 10 0 3552 0 
0 0 75 0 16 87 91 408 0 0 0 0 
0 0 0 0 0 2168 0 5 0 0 0 0 
0 7 0 0 1 0 0 3 0 0 0 1530 
0 0 0 0 1072 0 0 0 0 0 0 2 
0 0 0 0 0 0 0 0 0 0 1805 0 
0 0 0 0 0 1002 0 0 0 0 0 0 
0 0 0 0 0 0 0 0 0 0 768 0 
0 0 0 0 0 0 0 1 0 527 0 0 
0 0 0 0 0 0 0 0 0 538 0 0 
0 0 1 21 0 1 0 0 0 96 0 292 
0 13 0 0 0 0 24 0 0 35 870 128 
0 6 1 0 0 1 1 0 0 0 573 1 
0 0 0 14 0 327 0 0 0 0 104 1 
7 0 0 21 120 0 32 23 0 0 0 0 
0 0 0 0 0 477 0 0 0 0 0 0 
0 0 0 66 0 0 0 0 381 0 770 0 
0 0 0 0 0 1 1 0 10 0 339 6 
0 0 0 0 0 1131 0 0 0 0 0 0 
16 0 0 0 0 0 0 0 450 0 5 0 
0 0 0 0 0 0 0 0 0 0 824 0 
0 287 564 0 69 0 0 0 0 1 0 3 
0 0 0 0 0 0 0 0 0 0 0 675 
0 0 5 0 0 15 92 0 892 0 0 0 
0 0 1 0 0 0 0 0 0 0 1134 0 
174 0 0 0 0 0 0 0 0 0 0 376 
0 0 0 0 0 0 0 0 0 0 3241 0 
0 0 0 0 0 0 0 0 0 0 0 1857 
0 0 0 0 948 0 0 0 0 0 0 0 
0 0 0 0 0 0 0 0 0 0 1709 0 
0 0 29 93 0 0 16 127 252 19 0 189 
0 5 0 0 0 612 0 0 0 1 0 0 
1607 2 0 0 77 0 3 0 0 0 0 0 
0 0 0 0 0 751 0 0 0 0 0 0 
0 0 0 0 0 0 0 0 0 0 1196 0 
0 0 0 0 0 0 0 0 0 0 579 0 
0 0 0 0 485 0 0 0 0 0 0 0 
0 0 0 0 0 0 0 0 0 0 369 0 
0 0 0 0 0 641 0 0 0 0 0 0 
0 0 0 0 0 343 0 0 0 0 0 0 
0 0 0 0 0 149 1162 134 12 0 0 0 
0 0 0 0 0 0 0 0 0 0 747 0 
0 0 0 0 17 479 0 0 0 3 0 0 
377 527 0 862 0 0 1 0 0 149 3 36 
0 0 0 0 0 2562 0 0 0 0 0 0 
0 6 143 0 311 0 0 0 8 0 1 0 
0 0 0 0 0 0 492 0 0 0 0 1 
387 89 0 0 0 0 0 25 0 0 165 0 
0 0 0 0 0 0 0 0 0 0 2455 0 
1 111 614 0 1555 0 0 0 0 0 0 0 
0 0 334 199 0 23 748 0 0 0 47 567 
0 0 887 0 2 0 2 0 0 0 0 0 
0 0 10 2 18 138 1 0 142 281 0 0 
0 0 0 0 0 1 0 0 615 0 0 0 
0 0 0 0 0 0 0 0 0 0 1322 0 
0 0 0 0 0 0 0 0 0 0 1186 0 
0 0 0 0 0 0 0 0 0 0 389 0 
0 0 2 0 0 724 0 0 0 0 3 5 
0 0 0 0 0 0 0 0 0 0 1678 0 
293 0 0 1 0 515 972 4 0 0 362 638 
0 0 0 1 0 0 0 4 0 0 2909 0 
0 0 0 0 0 0 0 0 0 0 0 1392 
0 0 0 0 0 2014 0 0 0 0 0 0 
0 0 0 0 0 1068 0 0 0 0 0 0 
0 0 0 0 0 1503 0 0 0 0 0 0 
0 0 0 0 0 547 0 0 0 0 0 0 
0 0 0 0 0 0 0 0 0 0 0 521 
1 1 0 0 1069 521 0 4 0 20 0 3 
0 1 0 0 0 0 0 0 326 2 0 0 
31 0 0 0 0 117 0 1 0 0 402 9 
0 963 0 0 0 0 117 0 0 1 0 0 
0 0 0 5 2 0 0 0 0 0 932 0 
0 0 0 0 0 877 0 0 0 0 0 0 
0 0 0 0 0 0 0 0 0 0 1283 0 
3 332 9 0 653 0 0 49 0 0 4 1 
1 0 1 0 1 0 0 0 0 332 0 0 
0 0 0 0 0 0 0 0 0 0 1643 0 
0 0 0 0 0 0 0 0 0 0 1372 0 
0 0 0 0 0 0 0 0 0 0 1367 0 
0 2620 0 0 48 0 0 0 0 0 14 0 
1 0 0 0 0 473 0 0 0 0 0 0 
0 0 0 0 0 0 0 0 0 0 1404 0 
0 0 0 0 0 1 0 807 0 0 0 0 
0 145 0 0 22 2 9 0 646 0 0 0 
0 0 0 0 0 0 0 0 0 0 642 0 
0 0 0 0 0 0 0 0 0 0 0 238 
0 0 0 0 0 0 20 0 161 190 0 0 
0 0 0 0 0 0 0 0 0 0 1401 0 
106 77 6 0 0 0 31 1 749 0 0 247 
0 0 0 0 0 0 0 0 0 0 1180 0 
0 0 0 0 0 0 0 0 0 0 1272 0 
0 0 0 0 0 0 0 0 0 0 1902 0 
0 0 0 0 0 0 0 0 0 748 0 0 
140 8 0 0 0 0 0 0 0 0 0 146 
0 0 0 0 0 0 0 0 0 0 0 785 
0 0 0 0 0 0 0 0 0 0 843 0 
23 0 0 18 0 0 7 0 394 0 477 0 
0 0 0 0 0 0 0 471 0 0 0 0 
