0 3 0 0 3084 0 0 3 0 0 1 0 
0 6 0 0 3 0 0 31 11 468 1065 0 
0 0 0 0 0 0 0 0 0 0 761 0 
0 0 0 0 0 1926 107 0 0 0 0 0 
0 0 0 0 0 0 0 0 0 0 433 0 
0 0 0 0 0 4369 0 0 0 0 52 0 
0 0 33 288 1221 0 0 0 0 0 0 2 
0 0 0 0 0 1559 0 0 0 1 0 0 
0 0 0 0 0 440 0 0 0 0 0 0 
0 0 0 0 0 1305 0 0 0 0 0 0 
0 0 0 0 0 957 0 0 0 0 0 0 
0 2 0 0 0 4594 0 538 0 0 1 0 
0 0 0 0 719 0 0 0 0 0 0 0 
1 0 0 4 1472 1445 0 0 0 0 2 2 
0 274 0 2 0 82 0 0 0 1428 0 8 
0 0 0 0 0 4304 890 0 0 133 3 0 
0 0 0 0 0 0 0 0 0 0 0 866 
291 2238 0 0 2 0 0 0 0 0 0 13 
0 0 0 0 0 0 0 0 0 0 991 0 
0 0 0 0 0 0 0 0 0 0 711 0 
0 0 0 0 0 3 0 0 0 0 2933 0 
2 0 55 6 0 0 1 0 47 0 8 1576 
0 0 0 1 0 0 0 0 0 0 2986 0 
0 0 0 106 35 0 2 28 0 2 1627 555 
0 1 0 0 0 0 0 0 0 1757 0 0 
1 0 0 0 0 0 0 0 0 438 0 0 
0 0 0 0 0 753 1 1324 1 0 0 61 
92 251 487 2 0 0 0 0 0 420 0 0 
0 0 0 0 0 0 0 0 0 0 1325 0 
0 0 0 0 0 2311 0 0 0 0 0 0 
1 0 0 0 0 798 0 0 0 1 0 0 
0 1 0 0 0 916 0 0 0 0 0 0 
0 0 0 0 1290 0 0 0 0 0 0 0 
0 0 0 0 0 2514 0 0 0 2 0 0 
3 0 0 0 856 1822 0 0 6 0 0 0 
440 0 0 0 0 0 0 0 0 0 0 0 
0 0 0 0 0 67 1 0 0 0 1074 0 
0 2460 0 3 0 1 0 0 0 0 73 0 
0 0 0 0 0 0 0 0 0 0 322 0 
0 0 0 0 0 0 0 628 0 0 0 0 
0 0 0 0 0 0 0 2 0 0 3934 2 
0 0 0 0 0 0 0 0 0 0 1070 0 
0 84 648 1528 261 0 0 0 0 0 0 0 
0 0 0 0 0 0 0 0 0 0 2842 0 
0 0 1 0 1814 0 17 0 0 20 0 10 
0 0 0 0 292 0 0 0 0 0 0 0 
0 139 0 186 405 3 0 0 2 0 254 0 
0 0 0 0 0 0 265 0 0 0 0 0 
0 0 0 0 0 0 0 0 0 1123 0 0 
2 0 6 7 0 596 0 0 0 0 3866 4 
0 0 0 0 0 0 0 0 1 1561 0 0 
0 0 0 0 0 0 0 0 0 0 2621 0 
0 0 0 0 0 0 0 6 0 459 1 0 
0 0 0 0 0 0 0 0 0 0 0 328 
0 0 135 0 8 0 15 14 20 0 0 2 
22 0 2 36 0 0 0 0 0 0 876 26 
0 0 0 0 0 0 0 0 0 0 697 0 
0 0 0 0 0 0 0 352 0 0 0 0 
0 14 3 0 0 0 0 609 2139 2 9 0 
0 0 0 0 0 566 0 0 0 0 0 0 
0 0 0 0 0 0 0 0 0 0 2218 0 
0 0 0 0 0 0 0 0 0 0 647 0 
0 65 17 725 5 1 11 0 0 0 0 0 
0 0 0 0 0 0 0 0 0 1 3479 0 
0 456 2 0 0 51 167 0 0 0 0 0 
0 0 0 0 0 2168 0 0 0 0 0 0 
0 0 0 0 0 0 0 0 0 0 0 1538 
0 0 0 0 1067 0 0 0 0 0 5 2 
0 0 0 0 0 0 0 0 0 0 1802 0 
0 0 0 0 0 1002 0 0 0 0 0 0 
0 0 0 0 0 0 0 0 0 0 768 0 
0 0 0 0 2 0 0 0 0 525 0 0 
0 0 0 0 0 0 0 0 0 538 0 0 
0 3 81 206 20 0 0 0 2 2 0 97 
0 69 0 167 2 0 3 0 3 0 826 0 
4 0 0 0 0 0 0 0 0 0 596 0 
0 0 10 0 0 206 0 28 0 0 190 10 
167 0 0 0 16 0 1 0 0 2 17 0 
0 0 0 1 0 0 0 0 0 0 1279 0 
0 0 0 0 0 0 0 5 0 0 339 13 
0 0 0 0 0 1136 0 0 0 1 0 0 
0 0 1 1 0 0 0 0 466 0 3 0 
0 0 0 0 0 0 0 0 0 0 824 0 
315 0 36 0 77 77 27 0 0 4 0 384 
0 0 0 0 0 0 0 0 0 0 0 675 
0 0 0 21 0 3 170 15 124 671 0 0 
0 0 0 0 0 0 0 0 0 0 1227 0 
167 0 0 0 0 0 0 0 0 0 0 383 
0 0 0 0 0 0 0 0 0 0 3256 0 
0 0 0 0 0 0 0 0 0 0 0 1994 
0 0 0 0 951 0 0 0 0 0 0 0 
0 0 0 0 0 0 0 0 0 0 1721 0 
0 302 2 0 8 0 25 82 187 0 40 80 
0 0 0 0 0 616 0 0 0 3 0 0 
1668 1 0 23 0 0 0 0 1 0 1 0 
0 0 0 0 0 754 0 0 0 0 0 0 
0 0 0 0 0 0 0 0 0 0 1170 0 
0 0 0 0 0 0 0 0 0 0 291 0 
0 2 0 0 485 0 0 0 0 0 0 0 
0 0 0 0 0 0 0 0 0 0 369 0 
0 0 0 0 0 635 0 0 0 0 0 0 
0 0 0 0 0 343 0 0 0 0 0 0 
0 0 0 4 0 94 1210 136 12 0 0 0 
0 0 0 0 0 0 0 0 0 0 726 0 
4 0 6 0 2 484 0 0 0 0 0 0 
122 542 4 935 0 0 1 335 0 8 7 0 
0 0 0 0 1 2571 1 0 0 0 0 0 
0 73 24 0 304 0 49 0 0 0 0 19 
0 0 0 3 0 0 486 0 0 0 0 4 
93 0 0 26 14 121 0 0 123 0 298 0 
0 1 0 0 0 0 0 0 0 0 2501 0 
0 200 550 0 1530 0 0 0 0 0 0 0 
76 0 282 5 0 0 665 0 0 0 0 890 
0 0 884 1 1 4 1 0 0 0 0 0 
266 9 0 0 0 41 0 1 0 269 3 1 
0 0 0 0 0 1 1 0 612 0 0 0 
0 0 0 0 0 0 0 0 0 0 1314 0 
0 0 0 0 0 0 0 0 0 0 1187 0 
0 0 0 0 0 0 0 0 0 0 389 0 
0 0 3 0 0 720 0 0 0 0 7 0 
0 0 0 0 0 0 0 0 0 0 1674 0 
6 25 0 12 0 265 1044 1 0 0 718 671 
1 0 0 0 0 0 0 0 0 0 2919 0 
0 0 0 0 0 0 0 0 0 0 0 1399 
0 0 0 0 0 2018 0 0 0 0 0 0 
0 0 0 0 0 1068 0 0 0 0 0 0 
0 0 0 0 0 1503 0 0 0 0 0 0 
0 0 0 0 0 547 0 0 0 0 0 0 
0 0 0 0 0 0 0 0 0 0 0 522 
0 0 0 2 811 798 0 0 0 0 9 0 
5 2 0 0 0 0 1 0 321 0 0 0 
0 0 2 0 0 1058 0 0 2 0 0 0 
0 403 0 0 24 0 2 0 0 652 0 0 
0 18 0 7 0 0 0 0 0 0 915 0 
0 0 0 0 0 877 0 0 0 0 0 0 
0 0 0 0 0 0 0 0 0 0 1456 0 
0 672 0 0 285 38 41 0 16 1 0 0 
43 35 0 0 1 0 0 0 0 99 131 26 
0 0 0 0 0 0 0 0 0 1 1642 0 
0 0 0 0 0 0 0 0 0 0 1372 0 
0 0 0 0 0 0 0 0 0 0 1326 0 
0 2646 0 0 45 0 0 0 0 0 2 0 
0 0 0 0 0 472 1 0 0 0 0 0 
0 0 0 0 0 0 0 0 0 0 1401 0 
0 0 0 0 0 0 0 833 0 0 0 0 
2 2 0 156 368 0 110 0 186 0 1 0 
0 0 0 0 0 0 0 0 0 0 658 0 
0 0 0 0 0 0 0 0 0 0 0 238 
0 0 0 1 0 5 14 0 187 164 0 0 
0 0 0 0 0 0 0 0 0 0 1412 0 
5 384 0 0 0 0 0 0 322 16 0 495 
0 0 0 0 0 0 0 0 0 0 1180 0 
0 0 0 0 0 0 0 0 0 0 1258 0 
0 0 0 0 0 0 0 0 0 0 1442 0 
0 0 0 0 0 0 0 0 0 1037 0 0 
221 3 0 0 0 0 0 0 1 1 0 68 
0 0 0 0 0 0 0 0 0 0 0 788 
0 0 0 0 0 0 0 0 0 0 824 0 
0 0 0 0 1 46 5 1 595 128 143 0 
0 0 0 0 0 0 0 446 0 0 0 0 
0 0 0 0 0 0 0 0 0 0 661 0 
0 0 0 0 0 0 0 0 0 0 512 0 
