9 9 0 0 2896 0 0 3 110 0 63 0 
0 0 0 0 0 0 502 0 0 634 226 1 
0 0 0 0 0 0 0 0 0 0 761 0 
0 0 0 0 0 2091 84 0 0 0 0 0 
0 0 0 0 0 0 0 0 0 0 433 0 
0 0 0 0 0 4508 0 0 0 0 35 0 
0 0 45 283 1204 3 0 0 3 2 0 0 
0 0 0 0 0 3917 0 5 0 0 0 0 
0 0 0 0 0 439 0 0 0 0 0 0 
0 0 0 0 0 1269 0 1 0 0 0 0 
0 0 0 0 0 967 0 1 0 0 0 0 
0 15 0 0 0 72 382 757 11 0 25 0 
0 0 0 0 438 0 0 0 0 0 0 0 
0 0 0 0 1266 1646 0 0 0 0 0 0 
1 80 3 52 0 452 140 0 4 1038 31 0 
0 0 0 0 0 4546 751 0 0 75 0 0 
0 0 0 0 0 0 0 0 0 0 0 853 
332 2151 0 0 0 0 0 0 0 0 0 28 
0 0 0 0 0 0 0 1 0 0 1323 1 
0 0 0 0 0 0 0 0 0 0 731 0 
0 0 0 0 0 3 0 0 0 0 2939 0 
48 34 0 0 0 23 0 1 0 0 0 1584 
0 0 0 0 0 0 0 0 0 0 2969 0 
0 0 0 152 0 0 0 0 0 0 1811 448 
0 0 0 0 0 0 1 0 0 1752 0 0 
0 0 0 0 0 0 0 0 0 444 0 0 
0 0 0 0 0 875 0 0 0 0 0 0 
0 789 461 0 0 0 2 0 1 0 0 0 
0 0 0 0 0 0 0 0 0 0 1325 0 
0 0 0 0 0 2311 0 0 0 0 0 0 
0 0 0 0 0 801 0 0 0 0 0 0 
0 0 0 0 0 676 0 0 0 0 0 0 
0 0 0 0 1290 0 0 0 0 0 0 0 
0 0 0 0 0 2509 0 0 0 0 0 0 
0 5 0 0 830 1846 0 0 0 0 0 0 
440 0 0 0 0 0 0 0 0 0 0 0 
0 1 1 0 0 0 15 71 0 22 1237 7 
0 2428 0 0 5 2 3 0 0 0 98 0 
0 0 0 0 0 0 0 0 0 0 322 0 
0 0 0 0 0 0 0 624 0 0 0 0 
0 0 0 0 0 0 0 0 0 0 3796 0 
0 0 0 0 0 0 0 0 0 0 882 0 
0 41 684 1537 255 0 7 0 0 0 0 0 
0 0 0 0 0 0 0 0 0 0 2783 0 
0 46 79 0 1591 4 0 0 76 0 0 66 
0 0 0 0 292 0 0 0 0 0 0 0 
0 1 0 0 1355 0 1 1 0 0 0 0 
0 0 0 0 0 0 265 0 0 0 0 0 
0 0 0 0 0 0 0 0 0 1121 0 0 
34 22 0 1 0 315 0 0 3 0 3475 0 
0 0 0 0 0 0 0 0 0 1553 0 0 
0 0 1 0 0 0 0 0 0 0 2345 0 
0 0 0 0 1 0 0 0 0 459 0 0 
0 0 1 0 0 0 0 0 0 0 0 327 
0 12 0 69 20 35 0 0 56 1 0 1 
0 3 6 0 0 0 13 8 0 0 939 0 
0 0 0 0 0 0 0 0 0 0 697 0 
0 0 0 0 0 0 0 353 0 2 0 0 
0 6 0 0 0 0 0 445 2311 0 10 0 
0 0 0 0 0 0 0 0 0 0 2239 0 
0 0 0 0 0 0 0 0 0 0 647 0 
0 0 0 678 0 1 127 0 15 0 3 0 
0 0 0 0 0 17 3 1 0 16 3440 0 
0 489 0 0 0 0 51 42 81 0 14 0 
0 0 0 0 0 2175 0 0 0 0 0 0 
2 0 0 0 0 0 0 0 0 1 0 1538 
0 0 0 0 1073 0 0 0 0 0 1 0 
0 0 0 0 0 0 0 0 0 0 1987 0 
0 0 0 0 0 836 0 0 0 0 0 0 
0 0 0 0 0 0 0 0 0 0 941 0 
0 0 12 0 0 0 0 4 0 511 0 0 
0 0 0 0 0 0 0 0 0 535 0 0 
0 0 0 0 0 0 103 0 0 0 0 308 
0 292 432 168 0 0 0 0 0 0 126 55 
0 0 0 0 0 1 0 0 0 0 605 0 
0 0 0 0 0 175 0 0 0 0 263 4 
0 3 0 3 0 1 134 59 0 0 3 0 
0 0 0 0 0 0 0 0 0 0 1296 0 
0 0 0 0 0 0 0 0 0 0 355 2 
0 0 0 0 0 1131 0 0 0 0 0 0 
4 0 0 1 0 0 5 0 459 2 0 0 
0 0 0 0 0 0 0 0 0 0 824 0 
101 57 0 59 255 0 0 0 0 0 0 460 
226 6 0 6 1 0 132 177 0 403 0 57 
0 0 0 0 0 0 0 0 0 0 1223 0 
22 0 0 0 0 0 0 0 0 0 0 401 
0 0 0 0 0 0 0 0 0 0 3306 0 
0 0 0 0 0 0 0 0 0 0 0 2644 
0 0 0 0 954 0 0 0 0 0 0 0 
0 0 0 0 0 0 0 0 0 0 1674 0 
520 0 0 0 42 0 0 0 0 85 81 1 
0 0 0 5 0 597 0 16 0 1 0 0 
1655 0 0 0 0 0 0 3 0 0 21 0 
0 0 0 0 0 1316 0 0 0 0 0 0 
0 0 0 0 0 0 0 0 0 0 1167 0 
0 0 0 0 0 0 0 0 0 0 291 0 
0 0 0 0 511 0 0 0 0 0 0 0 
0 0 0 0 0 0 0 0 0 0 433 0 
0 0 0 0 0 631 0 0 0 0 0 0 
0 0 0 0 0 155 1130 135 19 0 0 0 
0 0 0 0 0 0 0 0 0 0 728 0 
0 0 0 0 0 498 0 0 0 0 0 0 
0 9 0 761 280 0 0 92 799 14 0 0 
0 299 0 29 133 0 7 0 0 0 0 1 
0 0 0 0 1 0 447 0 0 0 0 0 
0 3 0 0 11 0 0 0 0 0 1583 0 
0 0 0 0 0 0 0 0 0 0 2475 0 
0 137 623 0 1427 0 0 0 0 9 0 0 
270 0 0 0 10 156 1290 0 132 59 0 2 
0 0 892 0 1 0 1 0 0 0 0 0 
0 0 276 0 0 0 0 35 152 0 114 13 
0 0 0 0 0 0 0 0 612 0 0 0 
0 0 0 0 0 0 0 0 0 0 1316 0 
0 0 0 0 0 0 0 0 0 0 1187 0 
0 0 0 0 0 0 0 0 0 0 389 0 
0 0 0 8 0 725 0 0 0 0 0 1 
0 0 0 0 0 0 0 0 0 0 1680 0 
0 0 3 0 1 1 2055 0 0 0 55 623 
0 0 0 0 0 0 0 1 0 0 2852 0 
0 0 0 0 0 0 0 0 0 0 0 1443 
0 0 0 0 0 2012 0 0 0 0 0 0 
0 0 0 0 0 1068 0 0 0 0 0 0 
0 0 0 0 0 1503 0 0 0 0 0 0 
0 0 0 0 0 563 0 0 0 0 0 0 
0 0 0 0 0 0 0 0 0 0 0 481 
13 0 0 7 759 843 0 0 0 1 1 0 
5 0 0 0 17 0 5 0 295 0 7 0 
0 0 0 0 0 1066 0 0 0 0 0 0 
0 749 0 0 0 0 0 37 10 251 0 33 
0 0 0 10 4 0 0 0 21 1 904 0 
0 0 0 0 0 877 0 0 0 0 0 0 
0 0 0 0 0 0 0 0 0 0 1508 0 
0 668 1 0 323 0 0 0 0 37 0 0 
0 0 2 126 0 5 0 0 200 1 0 0 
0 0 0 0 0 0 0 0 0 0 1643 0 
0 0 0 0 0 0 0 0 0 0 1370 0 
0 0 0 0 0 0 0 0 0 0 1338 0 
1 2586 0 0 46 0 0 2 0 0 12 0 
0 0 0 0 0 473 0 0 0 0 0 0 
0 0 0 0 0 0 0 0 0 0 1373 0 
0 0 0 0 0 0 0 813 0 0 0 0 
0 0 7 0 721 0 0 0 0 0 97 0 
0 0 0 3 0 0 0 0 0 0 659 0 
0 0 0 0 0 0 0 0 0 0 0 281 
0 0 0 0 0 0 11 0 196 164 0 0 
0 0 0 0 0 0 0 0 0 0 1420 0 
19 466 2 0 0 0 0 0 7 0 0 702 
0 0 0 0 0 0 0 0 0 0 1180 0 
0 0 0 0 0 0 0 0 0 0 1210 0 
0 0 0 0 0 0 0 0 0 0 1447 0 
0 0 0 0 0 0 0 0 0 1037 0 0 
407 0 0 0 0 0 0 0 0 0 0 14 
0 0 0 0 0 0 0 0 0 0 0 790 
0 0 0 0 0 0 0 0 0 0 831 0 
0 0 85 0 0 0 12 376 0 0 0 446 
0 0 0 0 0 0 0 467 0 0 0 0 
0 0 0 1 1 56 0 0 0 0 389 0 
0 0 0 0 0 0 0 0 0 0 512 0 
0 41 493 0 0 270 0 1061 14 33 0 0 
0 0 0 0 0 3011 10 869 0 0 0 0 
