14 0 82 0 2962 2 0 14 0 0 34 1 
0 0 0 0 0 3 0 0 0 383 1150 49 
0 0 0 0 0 0 0 0 0 0 761 0 
0 0 0 0 0 1928 103 0 0 0 1 0 
0 0 0 0 0 0 0 0 0 0 433 0 
0 0 0 0 0 4355 0 0 0 0 52 0 
0 0 58 293 1193 5 0 0 0 0 0 0 
0 0 0 0 0 1569 0 0 0 0 0 0 
0 0 0 0 0 439 0 0 0 0 0 0 
0 0 0 0 0 1374 0 0 0 0 0 0 
0 0 0 0 0 956 0 0 0 0 0 0 
2 0 0 63 10 4685 22 346 0 0 0 2 
0 0 0 0 713 0 0 0 0 0 0 0 
0 0 0 0 1424 1520 3 0 0 1 0 0 
0 0 0 4 254 0 18 1 71 1436 0 8 
0 0 0 0 0 4359 828 0 0 57 0 0 
0 0 0 0 0 0 0 0 0 0 0 861 
351 2169 0 0 0 0 0 0 0 0 0 31 
0 0 0 0 0 0 0 0 0 8 982 0 
0 0 0 0 1 0 0 0 0 0 699 0 
0 0 0 0 0 3 0 0 0 0 2946 0 
0 304 11 44 0 0 0 0 0 18 0 1326 
0 0 0 0 0 0 0 0 0 0 3000 0 
0 7 0 145 0 0 2 0 0 0 1692 656 
0 0 0 0 0 0 0 0 0 2050 0 0 
0 0 0 0 0 0 0 0 0 434 0 0 
1 0 0 0 3 1360 2 804 3 0 1 0 
75 496 10 351 0 0 0 0 0 191 0 128 
0 0 0 0 0 0 0 0 0 0 1325 0 
0 0 0 0 0 2288 0 0 0 0 0 0 
0 0 1 0 0 801 0 0 0 0 0 1 
0 0 0 0 0 917 0 0 0 0 0 0 
0 0 0 0 1290 0 0 0 0 0 0 0 
0 0 0 0 0 2514 0 0 0 0 0 0 
0 0 0 0 784 1901 0 0 2 0 1 0 
440 0 0 0 0 0 0 0 0 0 0 0 
141 0 0 9 0 8 0 0 9 0 1636 0 
0 2503 0 0 2 0 0 0 4 0 25 0 
0 0 0 0 0 0 0 0 0 0 322 0 
0 0 0 0 0 0 0 628 0 0 0 0 
0 0 5 0 5 0 0 0 1 3 4065 0 
0 0 0 0 0 0 0 0 0 0 1068 0 
0 0 678 1446 383 0 1 0 0 0 0 5 
0 0 0 0 0 0 0 0 0 0 2702 0 
94 55 0 23 1150 6 0 247 278 0 0 9 
0 0 0 0 292 0 0 0 0 0 0 0 
0 48 201 727 1 0 0 12 0 0 0 0 
0 0 0 0 0 0 265 0 0 0 0 0 
0 0 0 0 0 0 0 0 0 1124 0 0 
0 0 0 0 0 1117 0 0 61 0 3733 1 
0 0 0 0 0 0 0 0 0 1558 0 0 
0 0 0 0 0 0 0 0 0 0 2215 0 
0 0 0 0 0 0 0 12 0 454 0 0 
0 0 0 0 0 0 0 0 0 0 0 328 
0 22 0 1 1 135 0 28 1 2 4 0 
34 1 0 0 0 7 0 17 0 1 912 0 
0 0 0 0 0 0 0 0 0 0 697 0 
0 0 0 0 0 0 0 353 0 0 0 0 
0 4 1 0 0 0 0 463 2308 0 1 0 
0 0 0 0 0 566 0 0 0 0 0 0 
0 0 0 0 0 0 0 0 0 0 2207 0 
0 0 0 0 0 0 0 0 0 0 624 0 
11 0 0 562 0 0 0 18 0 0 0 233 
0 0 0 1 0 0 0 0 15 0 3537 0 
0 0 71 0 0 83 116 404 1 0 2 0 
0 0 0 0 0 2173 0 0 0 0 0 0 
0 12 1 0 0 0 0 4 0 0 2 1521 
0 0 0 0 1072 0 0 1 0 1 0 0 
0 0 0 0 0 0 0 0 0 0 1803 0 
0 0 0 0 0 1002 0 0 0 0 0 0 
0 0 0 0 0 0 0 0 0 0 768 0 
0 0 0 0 0 0 0 0 0 528 0 0 
0 0 0 0 0 0 0 0 0 538 0 0 
0 0 0 43 0 0 0 0 0 87 2 279 
0 0 0 6 0 0 24 1 0 52 888 99 
0 0 0 0 0 0 0 0 0 0 582 0 
0 0 0 38 0 265 0 0 0 0 139 0 
0 2 0 23 128 0 46 3 0 0 0 1 
0 0 0 0 0 474 1 0 0 0 0 0 
0 0 0 51 0 0 0 0 388 0 765 0 
0 0 0 0 0 0 0 0 0 0 356 1 
0 0 0 0 0 1128 0 0 0 0 0 0 
0 0 0 10 8 0 0 4 449 0 0 0 
0 0 0 0 0 0 0 0 0 0 824 0 
0 287 457 0 175 0 0 0 0 0 4 1 
0 0 0 0 0 0 0 0 0 0 0 675 
0 0 11 0 0 7 68 0 918 0 0 0 
0 1 0 0 0 0 0 0 0 0 1135 0 
165 0 0 0 0 0 0 0 0 0 0 385 
0 0 0 0 0 0 0 0 0 0 3248 0 
0 0 0 0 0 0 0 0 0 0 0 1859 
0 0 0 0 948 0 0 0 0 0 0 0 
0 0 0 0 0 0 0 0 0 0 1701 0 
0 0 17 79 0 0 0 77 207 0 0 345 
0 3 0 0 0 615 0 0 0 0 0 0 
1540 0 2 0 150 0 0 0 0 0 0 1 
0 0 0 0 0 753 0 0 0 0 0 0 
0 0 0 0 0 0 0 0 0 0 1195 0 
0 0 0 0 0 0 0 0 0 0 579 0 
0 0 0 0 487 0 0 0 0 0 0 0 
0 0 0 0 0 0 0 0 0 0 369 0 
0 0 0 0 0 641 0 0 0 0 0 0 
0 0 0 0 0 343 0 0 0 0 0 0 
0 0 0 0 0 120 1189 135 10 0 3 0 
0 0 0 0 0 0 0 0 0 0 756 0 
1 0 0 0 0 497 0 0 1 0 0 0 
422 522 1 786 0 0 0 1 0 126 0 96 
0 0 0 0 2 2551 0 0 0 0 0 0 
0 30 199 0 238 0 0 0 0 0 2 0 
0 0 0 0 0 7 484 0 0 0 0 2 
316 145 0 0 0 0 0 0 0 0 211 0 
0 0 0 0 0 0 0 0 0 0 2479 0 
0 172 603 1 1505 0 0 0 0 0 0 0 
0 0 505 124 0 45 630 2 0 0 18 594 
0 0 881 3 4 0 3 0 0 0 0 0 
0 0 16 0 57 129 0 0 81 309 0 0 
0 0 0 0 0 0 0 0 616 0 0 0 
0 0 0 0 0 0 0 0 0 0 1313 0 
0 0 0 0 0 0 0 0 0 0 1186 0 
0 0 0 0 0 0 0 0 0 0 395 0 
0 0 0 0 0 734 0 0 0 0 0 0 
0 0 0 0 0 0 0 0 0 0 1679 0 
375 0 0 0 2 441 910 2 0 0 477 582 
0 0 0 0 0 0 0 0 0 0 2912 0 
0 0 0 0 0 0 0 0 0 0 0 1390 
0 0 0 0 0 2007 0 0 0 0 0 0 
0 0 0 0 0 1068 0 0 0 0 0 0 
0 0 0 0 0 1503 0 0 0 0 0 0 
0 0 0 0 0 547 0 0 0 0 0 0 
0 0 0 0 0 0 0 0 0 0 0 521 
9 6 0 0 955 645 0 0 0 1 0 0 
0 0 20 0 0 0 11 0 285 13 0 0 
39 0 0 0 0 198 14 2 0 0 308 1 
0 975 0 2 0 0 95 0 0 9 0 0 
0 0 0 51 0 0 1 13 2 0 872 0 
0 0 0 0 0 877 0 0 0 0 0 0 
0 0 0 0 0 0 0 0 0 0 1284 0 
0 261 1 0 695 0 0 92 0 0 0 2 
0 5 0 0 0 0 0 4 0 326 0 0 
0 0 0 0 0 0 0 0 0 0 1643 0 
0 0 0 0 0 0 0 0 0 0 1372 0 
0 0 0 0 0 0 0 0 0 0 1356 0 
0 2623 0 0 37 0 4 0 0 0 14 0 
0 0 0 0 0 473 0 0 0 0 0 0 
0 0 0 0 0 0 0 0 0 0 1404 0 
0 0 0 0 0 0 0 808 0 0 0 0 
0 133 0 0 31 0 13 0 647 0 0 0 
0 0 0 0 0 0 0 1 0 0 640 1 
0 0 0 0 0 0 0 0 0 0 0 238 
0 0 0 0 0 0 30 0 163 178 0 0 
0 0 0 0 0 0 0 0 0 0 1407 0 
116 115 0 0 0 0 28 0 732 0 0 225 
0 0 0 0 0 0 0 0 0 0 1180 0 
0 0 0 0 0 0 0 0 0 0 1271 0 
0 0 0 0 0 0 0 0 0 0 1391 0 
0 0 0 0 0 0 0 0 0 748 0 0 
147 1 18 0 0 0 0 0 0 0 0 128 
0 0 0 0 0 0 0 0 0 0 0 785 
0 0 0 0 0 0 0 0 0 0 838 0 
2 1 0 37 0 0 0 0 331 0 547 1 
0 0 0 0 0 0 0 471 0 0 0 0 
0 0 0 0 0 0 0 0 0 0 512 0 
