4 0 0 2749 358 0 1 0 0 0 0 2 
0 0 0 0 0 1752 0 0 0 3 0 0 
44 1 0 23 0 307 0 64 12 307 15 0 
0 471 0 0 1 497 1038 0 0 23 0 1 
2 0 13 0 0 44 0 0 0 371 0 3 
0 0 0 0 0 0 1 0 0 807 3842 0 
0 377 692 468 0 0 0 0 0 0 0 7 
0 0 0 0 0 0 0 0 0 0 1559 0 
0 2 0 0 0 247 0 34 0 158 0 0 
0 0 0 0 0 0 0 0 0 1326 0 0 
0 0 0 0 0 0 0 0 0 0 871 0 
0 15 0 0 0 0 0 5100 0 15 0 0 
0 0 0 0 0 0 0 0 0 0 0 713 
0 0 0 0 442 869 0 0 0 0 1641 0 
0 0 0 0 0 0 0 0 0 0 1792 0 
0 1 0 0 0 0 0 0 0 5137 220 0 
0 0 857 0 0 0 0 0 0 0 0 0 
0 1607 950 2 0 0 2 0 0 0 0 0 
0 0 0 0 0 809 0 0 0 0 0 0 
0 0 0 0 736 0 0 0 0 0 0 0 
0 0 0 0 0 813 0 0 0 0 0 0 
0 0 0 0 1671 0 0 0 0 0 0 0 
0 32 0 0 3189 385 7 0 176 17 0 2 
53 0 0 477 1964 0 0 0 0 0 0 0 
0 0 0 0 0 2031 0 0 0 0 0 0 
0 0 0 0 0 0 55 0 48 0 2 335 
0 0 0 0 0 0 0 0 0 0 2181 0 
13 0 36 0 0 0 156 355 0 692 1 0 
0 0 0 0 1325 0 0 0 0 0 0 0 
5 0 0 0 0 691 234 2 0 203 1125 0 
0 0 0 0 0 1 0 0 0 796 0 0 
0 0 0 0 0 0 0 0 0 0 743 0 
0 0 0 0 0 0 0 0 0 0 1290 0 
0 0 0 0 0 0 0 0 0 0 2511 0 
0 528 1 58 929 0 111 505 23 485 47 0 
0 0 0 0 0 0 440 0 0 0 0 0 
0 1 0 0 0 0 1809 0 0 0 2 0 
0 0 0 0 0 0 0 1 0 0 2535 1 
0 0 0 0 0 0 0 0 322 0 0 0 
0 0 0 0 0 42 2 584 0 0 0 0 
0 0 0 0 1421 2701 0 2 0 1 0 5 
0 0 0 1 96 0 0 229 8 411 324 0 
0 13 0 495 1990 0 0 0 0 0 0 0 
4 0 6 1 0 2755 0 0 0 3 1 0 
0 0 0 0 0 0 0 0 0 1862 0 0 
0 0 0 0 0 0 0 0 0 0 292 0 
0 0 0 0 0 0 0 0 1 0 0 986 
0 3 6 0 0 255 0 0 0 1 0 0 
1 189 0 0 0 71 0 1618 0 0 0 20 
0 0 0 0 0 5371 0 6 0 0 0 0 
0 0 0 0 0 789 0 0 0 0 0 0 
0 0 0 0 0 2006 0 0 0 0 0 0 
0 0 1 0 0 0 0 432 0 0 0 0 
0 0 0 0 1121 0 0 0 0 0 0 0 
1 0 2 1 324 0 0 0 0 0 0 0 
0 0 0 0 0 194 0 0 0 0 0 0 
0 0 0 0 743 0 0 20 0 0 236 0 
0 0 0 0 0 697 0 0 0 0 0 0 
0 353 0 0 0 0 0 0 0 0 0 0 
2359 43 0 2 1 0 2 111 43 0 221 0 
0 0 0 0 0 0 0 0 0 566 0 0 
2 2 2 0 0 1999 0 227 0 0 0 1 
0 0 0 0 0 624 0 0 0 0 0 0 
0 0 0 0 0 0 0 0 0 0 824 0 
0 0 0 0 10 540 134 0 0 5 0 105 
0 0 0 0 2526 1204 0 2 0 0 0 0 
0 8 0 0 0 1 0 6 8 635 0 17 
0 0 0 0 0 0 0 0 0 2173 0 0 
0 1 0 1050 158 3 1 0 2 3 0 0 
0 0 0 0 0 0 0 0 0 0 1075 0 
12 74 2 0 326 5 12 137 0 0 0 0 
0 6 19 503 663 346 12 185 0 1 0 0 
0 509 0 290 0 42 4 0 0 0 0 157 
0 0 0 0 768 0 0 0 0 0 0 0 
0 0 0 0 0 8 6 515 0 0 0 0 
8 0 0 0 0 4 0 0 0 539 0 0 
0 0 0 329 0 0 0 0 0 0 0 0 
0 0 0 0 411 0 0 0 0 0 0 0 
0 0 2 0 0 0 0 12 0 1056 0 0 
3 0 289 0 0 26 0 1 0 0 255 16 
1 0 0 0 0 441 0 0 0 0 0 0 
0 0 0 203 0 0 0 0 0 0 0 0 
0 0 0 0 0 0 0 0 0 0 473 0 
0 0 0 0 2110 0 0 0 0 0 0 0 
0 0 0 0 0 0 0 0 0 0 357 0 
0 0 0 0 0 0 0 0 0 1139 0 0 
44 5 0 2 0 0 0 0 293 422 0 0 
0 0 0 0 0 824 0 0 0 0 0 0 
0 3 0 0 0 905 0 0 0 0 0 0 
0 0 0 0 675 0 0 0 0 0 0 0 
0 0 0 0 1004 0 0 0 0 0 0 0 
0 0 0 0 2033 0 0 0 0 0 0 0 
538 0 0 0 0 0 0 2 0 0 0 10 
650 317 251 1662 2 0 0 58 0 0 245 46 
217 0 0 1318 491 0 0 1 305 243 51 24 
211 0 0 0 0 344 279 1 0 68 0 51 
0 0 0 0 0 1158 0 0 0 0 0 0 
0 0 1 0 0 0 22 194 472 0 0 37 
0 6 0 0 0 0 0 0 0 2 611 0 
52 12 7 26 0 1607 0 0 0 1 1 0 
0 61 5 0 36 147 17 0 2 438 42 0 
770 0 0 0 74 2 258 0 26 74 0 3 
0 0 0 0 579 0 0 0 0 0 0 0 
0 0 0 0 0 0 0 0 0 0 482 0 
1 244 11 263 0 0 1 0 1088 0 0 0 
0 1 0 3 0 5 0 0 174 0 34 424 
0 0 0 0 0 0 0 0 0 0 343 0 
0 0 0 2 0 0 168 214 1073 0 0 2 
0 0 0 347 0 633 1 11 0 6 0 0 
0 0 0 0 0 0 0 174 0 112 182 27 
0 0 0 0 0 0 0 0 0 1953 0 0 
0 162 495 0 2 0 0 0 44 0 1819 39 
0 0 0 0 0 0 0 0 0 0 469 0 
0 1 0 0 0 123 369 0 0 0 0 0 
0 0 0 0 0 651 0 0 0 0 0 0 
2 0 64 0 1183 1194 0 5 1 0 0 1 
0 35 0 0 0 1 0 1 0 0 0 2250 
0 0 0 0 0 0 0 0 0 0 1919 0 
2 0 78 0 12 0 12 0 0 0 787 0 
0 266 172 0 326 1 0 487 0 0 0 111 
0 0 0 0 0 0 0 0 0 516 0 0 
0 0 0 0 5 0 0 12 600 0 0 0 
0 0 0 0 0 1116 0 0 0 0 0 0 
2 0 259 180 0 175 0 199 0 232 0 140 
0 0 0 0 0 389 0 0 0 0 0 0 
307 63 0 0 0 233 0 84 30 12 0 3 
0 0 0 0 0 1637 0 0 0 0 0 0 
14 0 109 105 0 1757 0 207 72 0 47 0 
2 663 0 245 4 589 0 417 0 585 233 106 
732 221 12 666 27 901 0 113 0 0 241 0 
0 2 1332 0 0 0 0 1 2 1 0 47 
1 0 0 0 0 0 0 0 1 0 1996 0 
0 0 0 0 0 0 0 0 0 0 1068 0 
0 0 0 0 0 0 0 0 0 0 1503 0 
0 0 0 1 0 383 161 0 0 2 0 0 
9 125 0 222 0 0 0 158 0 0 7 5 
0 0 0 0 0 1615 0 0 0 0 0 0 
47 0 41 66 1 0 0 17 7 0 0 151 
0 0 0 0 0 0 0 0 0 0 560 0 
0 374 250 6 126 72 146 10 0 0 96 10 
0 0 0 0 0 0 0 0 0 0 939 0 
0 0 0 0 0 0 0 0 0 877 0 0 
0 0 0 0 1909 0 0 0 0 0 0 0 
10 0 53 0 929 0 2 25 0 14 23 0 
35 0 0 0 120 0 0 180 0 0 0 0 
0 0 0 0 523 0 0 0 0 0 0 0 
0 0 0 0 884 0 0 0 0 0 0 0 
0 0 4 0 1340 0 17 0 1 0 0 2 
0 442 343 0 1908 0 1 3 0 0 0 0 
0 0 0 0 0 0 0 0 0 473 0 0 
331 0 0 0 0 0 1 4 223 0 815 28 
0 0 0 0 0 0 0 14 0 1265 0 0 
0 5 3 0 1 0 13 367 38 393 5 0 
38 78 0 76 0 438 0 0 0 0 0 0 
5 233 0 0 0 0 0 0 0 0 0 0 
0 0 0 0 0 0 371 0 0 0 0 0 
0 0 0 0 1381 0 0 0 7 0 0 0 
0 0 0 0 0 1240 0 0 0 0 0 0 
