0 2 0 2982 96 8 0 0 9 2 7 0 
1 0 0 0 0 1594 0 0 0 0 0 0 
0 3 187 0 5 493 40 0 33 0 0 0 
5 10 0 0 4 273 1719 5 1 1 0 14 
47 0 1 356 2 0 22 1 0 4 0 0 
0 0 0 0 0 0 0 0 8 490 3933 0 
0 417 738 378 0 0 0 0 0 0 0 12 
0 0 0 0 0 0 0 0 0 0 1560 0 
0 0 11 0 0 46 0 35 5 0 342 0 
1 0 0 0 0 0 0 0 0 1364 0 0 
0 0 0 0 0 0 0 0 0 0 957 0 
0 1 2 0 0 0 0 5060 0 89 0 0 
0 0 0 0 0 0 0 1 0 0 0 718 
0 13 0 0 430 535 0 0 0 12 1948 0 
0 0 0 0 0 0 0 0 0 1 1791 0 
0 15 3 5 0 1 0 0 0 5067 162 0 
0 0 864 0 0 0 0 0 2 0 0 0 
0 1706 833 4 0 1 0 0 1 0 0 0 
0 0 0 0 0 994 0 0 0 0 0 0 
0 0 0 0 725 0 0 0 0 0 0 0 
0 4 0 0 1 2937 0 0 0 0 0 0 
0 0 0 0 1696 0 0 0 0 0 0 0 
5 43 0 0 2757 142 0 42 0 1 2 0 
0 10 2 893 1565 0 14 0 0 0 0 0 
0 0 0 0 0 2046 0 0 0 0 0 0 
226 2 0 0 3 0 0 0 0 85 116 1 
0 0 0 0 0 0 0 0 0 0 2138 0 
159 9 63 26 0 5 0 318 11 661 0 0 
0 0 0 0 1325 0 0 0 0 0 0 0 
0 0 0 0 25 1260 0 0 0 6 1000 0 
0 0 6 0 0 0 0 0 0 789 0 0 
0 0 0 0 0 0 0 0 0 0 917 0 
0 0 0 0 0 0 0 0 0 0 1290 0 
0 0 0 0 0 0 0 0 0 0 2516 0 
0 438 1 0 134 2 257 1548 7 292 0 0 
0 0 0 0 0 0 440 0 0 0 0 0 
0 0 0 0 2 0 1801 0 0 0 0 0 
0 0 0 0 0 0 0 1 0 1 2531 0 
0 0 0 0 0 0 0 0 322 0 0 0 
0 32 1 0 0 3 8 524 2 58 0 0 
0 0 0 0 1488 2431 0 0 0 19 0 0 
0 0 53 0 123 0 0 199 0 645 51 0 
1 15 0 486 2020 0 0 0 0 2 0 0 
0 0 6 4 11 2808 0 0 0 0 0 2 
0 0 0 0 0 0 0 0 0 1862 0 0 
0 0 0 0 0 0 0 0 0 0 292 0 
0 0 0 0 0 0 0 0 0 0 0 993 
0 0 0 0 0 262 0 3 0 0 0 0 
0 0 4 0 0 22 1 1088 0 0 3 6 
1 0 0 0 0 4869 0 12 9 0 0 0 
0 13 0 0 0 1545 0 0 0 0 0 0 
0 0 0 0 0 2215 0 0 0 0 0 0 
0 0 0 0 0 0 0 460 0 0 0 0 
0 0 1 0 327 0 0 0 0 0 0 0 
0 0 0 0 0 194 0 0 0 0 0 0 
0 2 10 0 804 0 0 0 0 0 164 0 
0 0 0 0 0 697 0 0 0 0 0 0 
0 353 0 0 0 0 0 0 0 0 0 0 
2376 24 1 0 0 0 14 90 63 0 208 0 
0 0 0 0 0 0 0 1 0 565 0 0 
0 1 6 1 0 2191 12 0 0 27 0 0 
0 0 0 0 0 650 0 0 0 0 0 0 
0 0 0 0 0 0 0 0 0 0 824 0 
0 0 0 0 2551 899 2 0 0 0 4 0 
0 0 0 5 0 0 0 53 77 524 13 5 
0 0 0 2 0 0 0 0 0 2171 0 0 
0 1 0 1538 2 0 0 0 0 0 0 0 
0 0 0 0 0 0 0 0 0 0 1074 0 
0 0 47 278 449 905 10 0 0 7 0 128 
0 995 0 0 0 0 0 0 2 3 0 2 
0 0 0 0 768 0 0 0 0 0 0 0 
0 0 0 0 0 0 1 527 0 0 0 0 
0 2 6 0 0 9 1 1 0 518 0 0 
0 0 0 0 411 0 0 0 0 0 0 0 
0 1 0 0 0 0 1 0 0 1068 0 0 
0 0 112 0 4 100 0 6 0 0 178 196 
0 0 0 0 0 439 0 0 0 0 1 0 
0 0 0 203 0 0 0 0 0 0 0 0 
0 0 0 0 1015 0 0 0 0 0 0 0 
0 0 0 0 0 0 0 0 0 0 357 0 
0 0 0 0 0 0 0 0 0 1091 0 0 
0 0 0 0 0 0 0 0 188 283 0 0 
0 0 0 0 0 824 0 0 0 0 0 0 
0 0 0 0 0 922 0 0 0 0 1 0 
0 0 0 0 675 0 0 0 0 0 0 0 
0 0 0 0 1004 0 0 0 0 0 0 0 
0 0 0 0 1227 0 0 0 0 0 0 0 
537 0 0 0 0 0 0 0 0 0 0 13 
39 1230 296 679 0 59 0 821 0 0 0 121 
46 0 0 743 737 5 2 36 235 47 0 0 
789 0 0 0 0 97 59 0 0 8 0 0 
0 0 0 0 0 1699 0 0 0 0 0 0 
0 1 131 66 0 0 0 516 12 0 0 0 
0 0 0 0 5 0 0 0 0 0 613 0 
233 3 0 2 0 1332 71 30 1 20 0 0 
0 0 39 0 0 172 212 0 52 275 0 0 
711 0 1 0 0 6 104 0 56 136 0 172 
0 0 0 0 579 0 0 0 0 0 0 0 
0 0 0 0 0 0 0 0 0 0 487 0 
0 1 0 0 0 0 133 0 228 9 0 0 
0 0 0 0 0 0 0 3 0 0 472 160 
0 0 0 0 0 0 0 0 0 0 343 0 
0 0 0 0 0 0 130 213 1114 0 1 0 
2 240 21 0 0 434 0 22 0 0 7 0 
1 0 16 3 0 1 0 0 24 5 447 0 
0 0 0 0 0 0 0 0 0 1953 0 0 
0 0 888 2 13 0 1 0 5 0 1499 165 
0 0 0 0 2 0 0 2 0 0 465 0 
1 6 1 0 0 146 339 0 0 0 0 0 
0 0 0 0 0 672 0 0 0 0 0 0 
0 0 0 0 1063 1404 3 0 0 0 0 0 
0 34 0 0 0 0 0 0 0 0 0 2240 
0 0 0 0 0 0 0 0 0 0 1918 0 
0 2 76 0 4 0 3 0 2 0 805 0 
0 0 0 0 0 0 0 0 0 590 0 0 
0 0 0 26 0 0 0 0 518 23 48 0 
0 0 0 0 0 1303 0 0 0 0 0 0 
0 1 157 772 0 0 0 176 79 0 0 3 
0 0 0 0 0 392 0 0 0 1 2 0 
686 9 0 0 1 2 0 0 0 0 0 34 
0 0 0 0 0 1679 0 0 0 0 0 0 
0 1054 0 319 0 173 1 0 43 324 859 0 
520 0 0 209 74 846 0 0 88 0 1156 0 
0 0 1334 0 0 1 0 0 10 0 0 52 
0 0 0 0 0 0 0 0 1 0 2012 0 
0 0 0 0 0 0 0 0 0 0 1068 0 
0 0 0 0 0 0 0 0 0 0 1503 0 
0 0 0 1 0 345 186 3 0 0 12 0 
190 1 5 0 0 1 0 304 1 0 0 19 
0 0 0 0 0 1617 0 0 0 0 0 0 
38 0 0 0 0 57 154 0 79 0 1 0 
0 0 0 0 0 0 0 0 0 0 1052 0 
46 588 189 0 116 0 73 16 16 0 6 31 
0 0 0 0 0 0 0 0 0 0 939 0 
0 0 0 0 0 0 0 0 0 926 0 0 
0 0 0 0 1454 0 1 0 0 0 0 0 
0 5 0 35 859 0 0 0 0 157 0 0 
0 0 1 20 21 0 0 3 66 0 2 222 
0 0 0 0 1643 0 0 0 0 0 0 0 
0 0 1 0 1371 0 0 0 0 0 0 0 
0 1 0 0 1239 0 0 0 0 0 3 90 
22 316 450 2 1864 18 0 3 17 3 0 0 
0 0 0 0 0 0 0 0 0 473 0 0 
8 0 0 0 0 0 0 0 0 0 1395 0 
0 0 0 0 1 0 0 42 0 768 0 0 
0 0 0 0 46 0 28 51 0 699 0 0 
28 8 0 2 48 558 4 0 0 0 0 1 
0 237 0 1 0 0 0 0 0 0 0 0 
0 0 0 0 0 0 371 0 0 0 0 0 
4 0 0 0 1412 0 0 0 0 0 0 0 
0 0 0 0 0 1222 0 0 0 0 0 0 
0 0 0 0 1182 0 0 0 0 0 0 0 
3 8 0 24 2 122 1 0 932 0 0 188 
0 0 0 2 1388 0 0 0 0 0 0 0 
0 121 0 0 0 239 0 388 0 0 0 0 
292 1 0 0 0 1 0 0 0 1 0 0 
8 13 0 505 4 11 0 0 245 0 0 0 
0 0 0 0 840 0 1 0 0 0 0 0 
0 0 0 0 919 0 0 0 0 0 0 0 
0 0 0 0 0 0 0 0 0 468 0 0 
0 0 7 0 411 0 11 53 0 0 30 0 
