17 0 0 0 2918 0 0 0 86 0 66 0 
1 1 0 0 2 6 341 0 0 776 235 0 
0 0 0 0 0 0 0 0 0 0 759 0 
2 0 0 0 0 2097 92 0 0 0 0 0 
0 0 0 0 0 0 0 0 0 0 433 0 
0 0 0 0 0 4503 0 0 0 0 48 0 
0 0 28 285 1222 0 0 0 5 0 0 0 
0 0 0 0 0 3893 0 0 0 0 0 0 
0 0 0 0 0 441 0 0 0 0 0 0 
0 0 0 0 0 1269 0 0 0 1 0 0 
0 0 0 0 0 976 0 0 0 0 0 0 
0 6 0 0 0 38 515 694 0 0 9 0 
0 0 0 0 438 0 0 0 0 0 0 0 
0 2 6 0 1410 1495 0 0 0 0 0 0 
0 137 8 96 0 405 302 0 8 836 1 0 
0 0 0 0 0 4448 802 0 0 114 5 0 
0 0 0 0 0 0 0 0 0 0 0 855 
429 2067 0 0 0 0 0 0 0 0 2 11 
0 0 0 0 0 0 0 0 0 3 1321 0 
0 0 0 0 0 0 0 0 0 0 731 0 
0 0 0 0 0 5 0 0 0 0 2940 0 
158 0 0 0 2 0 0 0 0 0 0 1539 
0 0 0 0 0 0 0 0 0 0 2969 0 
0 0 4 144 0 0 0 0 0 1 1727 528 
0 0 0 0 0 0 0 0 0 1756 0 0 
0 0 0 0 0 0 0 0 0 444 0 0 
0 0 0 0 0 875 0 0 0 0 0 0 
0 680 522 0 0 0 0 0 1 1 0 49 
0 0 0 0 0 0 0 0 0 0 1325 0 
0 0 0 0 0 2316 0 0 0 0 1 0 
0 0 0 0 0 806 0 0 0 0 0 0 
0 0 0 0 0 676 0 0 0 0 0 0 
0 0 0 0 1290 0 0 0 0 0 0 0 
0 0 1 0 0 2515 0 0 0 0 0 0 
0 2 0 0 755 1924 0 0 0 0 0 0 
440 0 0 0 0 0 0 0 0 0 0 0 
0 9 0 0 0 0 0 17 0 11 1317 0 
0 2472 0 0 0 0 0 0 0 0 64 0 
0 0 0 0 0 0 0 0 0 0 322 0 
0 0 0 0 0 0 0 624 0 0 0 0 
0 0 0 0 0 22 10 0 0 0 3760 4 
0 0 0 0 0 0 0 0 0 0 884 0 
0 54 799 1393 278 1 0 0 0 0 0 0 
0 0 0 0 0 0 0 0 0 0 2800 0 
0 30 146 0 1620 0 0 0 6 1 0 59 
0 0 0 0 292 0 0 0 0 0 0 0 
0 0 0 0 1354 2 1 0 0 0 0 0 
0 0 0 0 0 0 265 0 0 0 0 0 
0 0 0 0 0 0 0 0 0 1121 0 0 
45 27 0 0 0 422 0 0 0 0 3351 0 
0 0 0 0 0 0 0 0 0 1553 0 0 
0 1 0 0 0 0 0 0 0 0 2345 0 
0 0 0 0 0 0 0 0 0 460 0 0 
0 0 0 0 0 0 0 0 0 0 0 328 
0 0 0 95 35 2 0 0 53 0 9 0 
13 0 0 0 0 0 103 10 0 0 835 0 
0 0 0 0 0 0 0 0 0 0 697 0 
0 0 0 0 0 0 0 355 0 0 0 0 
0 31 0 0 7 1 0 387 2334 0 11 0 
0 0 1 0 0 0 0 0 0 0 2234 0 
0 0 0 0 0 0 0 0 0 0 646 0 
1 12 0 577 0 0 199 0 0 0 22 13 
0 0 0 0 0 14 9 0 0 0 3461 0 
0 288 0 0 0 0 113 178 97 1 0 0 
0 0 0 1 0 2173 0 0 0 1 0 0 
0 0 0 0 1 0 0 0 0 0 0 1539 
1 0 0 0 1073 0 0 0 0 0 0 0 
0 0 0 0 0 0 0 0 0 0 1956 0 
0 0 0 0 0 836 0 0 0 0 0 0 
0 0 0 0 0 0 0 0 0 0 941 0 
5 0 0 1 0 0 0 1 0 518 2 0 
0 0 0 0 0 0 0 0 0 535 0 0 
0 0 96 0 0 0 139 0 0 0 0 176 
33 147 530 76 0 18 0 1 0 0 161 107 
5 0 0 0 1 1 3 0 0 0 592 2 
1 0 0 0 21 164 0 0 0 0 253 0 
3 0 6 0 0 2 79 46 0 67 0 0 
0 0 0 0 0 0 0 1 0 0 1290 0 
28 0 0 2 0 0 0 0 0 0 327 0 
0 1 0 0 0 1132 0 0 0 0 0 0 
0 0 0 3 0 0 0 0 467 0 0 1 
0 0 0 0 0 0 0 0 0 0 824 0 
116 44 0 4 362 0 0 0 5 0 0 400 
165 0 0 110 18 0 161 138 0 415 1 0 
0 0 0 0 0 0 0 0 0 0 1223 0 
21 0 0 0 0 0 0 0 0 0 0 402 
0 0 0 0 0 0 0 0 0 0 3323 0 
0 0 0 0 0 0 0 0 0 0 0 2648 
0 0 0 0 955 0 0 0 0 0 0 0 
0 0 0 0 0 0 0 0 0 0 1669 1 
519 0 0 0 0 0 0 0 0 71 104 34 
0 10 0 0 0 609 0 0 0 0 0 0 
1665 0 0 0 1 0 0 0 0 0 0 14 
0 0 0 0 0 1316 0 0 0 0 0 0 
0 0 0 0 0 0 0 0 0 0 1169 0 
0 0 0 0 0 0 0 0 0 0 291 0 
0 0 0 0 508 0 1 0 0 1 0 0 
0 0 0 0 0 0 0 0 0 0 433 0 
0 0 0 0 0 635 0 0 0 0 0 0 
1 0 0 0 0 111 1152 138 27 0 0 0 
0 0 0 0 0 0 0 0 0 0 730 0 
0 0 0 0 0 493 0 0 0 0 4 0 
0 8 0 651 313 4 0 32 548 0 0 54 
50 163 7 34 207 0 0 5 3 0 0 0 
0 0 0 0 0 0 457 0 0 0 0 0 
0 0 0 0 0 0 0 0 0 0 1600 0 
0 0 0 0 0 0 0 0 0 0 2466 0 
0 175 585 0 1438 0 0 0 0 0 0 0 
192 0 18 2 3 200 1311 0 158 35 0 0 
1 0 885 4 3 0 2 0 0 0 0 0 
0 0 434 0 0 0 7 71 62 14 0 3 
0 0 0 0 0 0 6 0 607 0 0 0 
0 0 0 0 0 0 0 0 0 0 1316 0 
0 0 0 0 0 0 0 0 0 0 1187 0 
0 0 0 0 0 0 0 0 0 0 395 0 
0 0 0 0 0 731 0 0 0 0 0 0 
0 0 0 0 0 0 0 0 0 0 1685 0 
0 0 9 0 3 9 2076 0 0 8 65 572 
0 0 0 0 0 0 0 0 0 0 2850 0 
0 0 0 0 0 0 0 0 0 0 0 1442 
0 0 0 0 0 2011 0 0 0 0 0 0 
0 0 0 0 0 1068 0 0 0 0 0 0 
0 0 0 0 0 1503 0 0 0 0 0 0 
0 0 0 0 0 547 0 0 0 0 0 0 
0 0 0 0 0 0 0 0 0 0 0 481 
0 0 0 0 895 722 1 0 2 0 0 2 
30 0 0 1 34 0 0 0 263 0 0 1 
0 0 0 1 1 1057 0 0 5 1 0 0 
38 653 13 0 0 1 0 0 31 344 0 0 
0 0 14 0 0 7 0 0 25 0 895 0 
0 0 0 0 0 877 0 0 0 0 0 0 
0 0 0 0 0 0 0 0 0 0 1507 0 
0 708 0 0 282 0 0 2 5 37 0 0 
0 0 1 92 0 0 0 0 240 1 0 0 
0 1 0 0 0 0 0 0 0 0 1642 0 
0 0 0 0 0 0 0 0 0 0 1371 0 
0 0 0 0 0 0 0 0 0 0 1343 0 
0 2567 0 5 59 0 0 2 0 0 9 0 
0 0 0 0 0 473 0 0 0 0 0 0 
0 0 0 0 0 0 0 0 0 0 1373 0 
0 0 0 0 0 0 0 813 0 0 0 0 
0 0 0 0 670 1 0 0 0 11 143 0 
0 0 0 0 1 0 0 0 0 0 661 0 
0 0 0 0 0 0 0 0 0 0 0 281 
0 0 0 0 0 0 19 0 174 178 0 0 
0 0 0 1 0 0 0 0 0 0 1411 0 
0 478 0 0 5 0 0 0 33 0 0 686 
0 0 0 0 0 0 0 0 0 0 1182 0 
0 0 0 0 0 0 0 0 0 0 1213 0 
0 0 0 0 0 0 0 0 0 0 1451 0 
0 0 0 0 0 0 0 0 0 1036 0 0 
400 2 1 0 0 0 0 0 0 0 0 18 
0 0 0 0 0 0 0 0 0 0 0 791 
0 0 0 0 0 0 0 0 0 0 829 0 
1 0 13 0 0 0 124 368 8 0 0 405 
0 0 0 0 0 0 0 468 0 0 0 0 
4 0 4 18 0 168 28 0 0 0 225 0 
0 0 0 0 0 0 0 0 0 0 512 0 
34 33 583 0 2 412 0 749 79 17 4 0 
0 6 1 0 1 3197 2 681 0 0 0 0 
0 0 0 157 46 0 0 21 95 6 0 19 
