0 5 30 3 3074 0 0 0 0 0 0 0 
0 0 0 0 0 0 0 0 5 1110 548 109 
0 0 0 0 0 0 0 0 0 0 772 0 
0 0 0 0 0 1932 90 0 0 0 0 1 
0 0 0 0 0 0 0 0 0 0 433 0 
0 0 0 1 0 4536 0 0 0 0 37 0 
0 0 40 305 1204 0 0 0 0 0 0 1 
0 0 0 0 0 1560 0 0 0 0 0 0 
0 0 0 0 0 441 0 0 0 0 0 0 
1 0 0 0 0 1364 0 0 0 0 0 0 
0 0 0 0 0 957 0 0 0 0 0 0 
2 45 0 0 62 4480 0 545 0 0 1 0 
0 0 0 0 713 0 0 0 0 0 0 0 
0 0 0 3 1556 1381 0 0 0 0 0 0 
0 0 0 0 359 7 0 0 0 1131 1 300 
9 0 0 0 0 4281 848 0 1 99 0 0 
0 0 0 0 0 0 0 0 0 0 0 857 
398 2136 0 0 0 0 0 0 0 1 0 23 
0 0 0 0 0 0 0 0 0 0 808 0 
0 0 0 0 0 0 0 0 0 0 736 0 
0 0 0 0 0 3 0 0 0 0 2932 0 
15 419 16 0 42 10 0 0 0 1 7 1183 
0 0 0 0 0 0 0 0 0 0 3807 0 
0 0 0 150 0 0 0 0 0 0 1499 843 
0 0 0 0 0 0 1 0 0 2048 0 0 
0 0 0 0 0 0 0 0 1 438 0 0 
127 35 0 0 0 738 10 1228 31 0 0 2 
1 210 0 12 65 0 325 0 0 1 0 640 
0 0 0 0 0 0 0 0 0 0 1325 0 
0 0 0 0 0 2288 0 0 0 0 0 0 
0 0 0 0 0 795 0 1 0 0 0 0 
0 0 0 0 0 743 0 0 0 0 0 0 
0 0 0 0 1290 0 0 0 0 0 0 0 
0 0 0 0 4 2503 2 0 1 0 0 0 
0 0 0 0 734 1952 0 0 0 1 1 0 
440 0 0 0 0 0 0 0 0 0 0 0 
0 2 2 0 0 0 0 0 12 0 1796 0 
0 2463 0 0 0 0 0 0 5 4 61 0 
0 0 0 0 0 0 0 0 0 0 322 0 
0 0 0 0 0 0 0 628 0 0 0 0 
0 78 0 0 0 0 0 0 1 0 3731 233 
0 0 0 0 0 0 0 0 0 0 1065 0 
0 0 726 1495 283 0 0 0 0 0 0 1 
0 0 0 0 0 0 0 0 0 0 2736 0 
0 281 24 0 1249 3 1 8 282 0 0 14 
0 0 0 0 292 0 0 0 0 0 0 0 
14 315 389 217 0 5 0 0 13 2 0 22 
0 0 0 0 0 0 265 0 0 0 0 0 
0 0 0 0 0 0 0 0 0 1892 0 0 
0 0 0 149 0 850 0 0 9 0 4184 0 
0 0 0 0 0 0 0 0 0 1567 0 0 
0 0 0 0 0 2 0 0 0 0 2213 0 
0 0 0 0 0 0 0 10 0 423 0 0 
0 0 0 0 0 0 0 0 0 0 0 328 
0 0 68 0 0 66 5 0 55 0 0 0 
0 0 0 0 0 0 17 0 0 4 972 0 
0 0 0 0 0 0 0 0 0 0 697 0 
0 0 0 0 0 0 0 353 0 0 0 0 
0 7 0 0 0 0 0 449 2320 0 6 0 
0 0 0 0 0 566 0 0 0 0 0 0 
0 0 0 0 0 0 0 0 0 0 2191 0 
0 0 0 0 0 0 0 0 0 0 626 0 
0 10 1 632 1 3 19 9 0 0 0 149 
0 0 7 35 0 0 0 1 1 0 3718 0 
8 0 42 31 0 0 0 129 0 0 0 464 
0 0 0 0 0 2168 0 0 0 0 0 0 
1 46 3 0 0 0 0 0 0 0 0 1486 
0 0 0 0 1067 0 0 0 7 0 0 0 
0 0 0 0 0 0 0 0 0 0 567 0 
0 0 0 0 0 0 0 0 0 0 1757 0 
0 0 0 0 0 1002 0 0 0 0 0 0 
0 0 0 0 0 0 0 0 0 0 768 0 
0 0 0 0 0 3 0 0 4 507 10 4 
0 0 0 0 0 0 0 0 0 547 0 0 
2 0 25 1 0 343 0 9 0 0 30 1 
0 0 9 0 0 0 0 0 0 12 938 111 
0 0 4 0 0 1 1 0 0 0 585 0 
3 27 0 6 0 356 37 0 0 6 1 1 
174 0 0 20 0 9 0 0 0 0 0 0 
0 0 0 0 0 477 0 0 0 0 0 0 
26 0 0 50 39 4 3 0 676 0 1275 39 
0 0 0 0 0 1 0 1 0 0 355 0 
0 0 0 0 0 1133 0 0 0 0 0 0 
101 0 0 0 0 0 0 0 605 1 0 59 
0 0 0 0 0 0 0 0 0 0 824 0 
6 285 414 9 167 0 0 0 11 14 0 3 
0 0 0 0 0 0 0 0 0 0 0 675 
0 80 0 0 3 15 335 2 432 0 3 134 
0 0 0 0 0 0 0 0 0 0 2033 0 
167 0 0 0 0 0 0 0 0 0 0 383 
0 0 0 0 0 0 0 0 0 0 3229 0 
0 0 0 0 0 0 0 0 0 0 0 2643 
0 0 0 0 953 0 0 0 0 0 0 0 
0 0 0 0 0 0 0 0 0 0 1166 0 
5 5 142 0 1 0 0 454 0 0 0 120 
0 0 0 0 0 616 0 0 0 0 2 0 
1594 15 0 0 0 0 0 93 7 0 0 0 
0 0 0 0 0 747 0 0 0 0 0 0 
0 0 0 0 0 0 0 0 0 0 1206 0 
0 0 0 0 0 0 0 0 0 0 579 0 
0 0 0 0 485 0 0 1 0 1 0 0 
0 0 0 0 0 0 0 0 0 0 1621 0 
0 0 0 0 0 639 0 0 0 0 0 0 
0 0 0 0 0 343 0 0 0 0 0 0 
0 1 0 0 0 126 1168 142 17 0 0 0 
0 0 0 0 0 0 0 0 0 0 997 0 
0 0 0 0 0 497 0 0 1 0 0 0 
312 408 0 447 1 0 130 0 10 51 421 174 
0 0 0 0 0 2573 0 0 0 0 0 0 
0 0 148 0 59 5 0 0 240 9 0 8 
0 0 0 0 0 0 487 6 0 0 0 0 
191 461 0 0 0 0 0 0 0 0 0 0 
0 0 0 0 0 0 0 0 0 0 2467 0 
7 127 592 0 1566 0 0 0 0 0 0 1 
0 0 0 665 56 1 393 0 10 3 266 525 
2 0 891 0 1 0 1 0 0 0 0 0 
0 0 0 0 0 0 0 0 0 0 1368 0 
43 7 0 36 0 199 2 0 294 11 0 0 
2 0 0 0 0 3 0 0 611 0 0 0 
0 0 0 0 0 0 0 0 0 0 1313 0 
0 0 0 0 0 0 0 0 0 0 1191 0 
0 0 0 0 0 0 0 0 0 0 389 0 
0 0 0 5 0 726 0 2 0 0 0 0 
0 0 0 0 0 0 0 0 0 0 1677 0 
299 1 443 0 1 510 661 3 0 0 516 380 
0 0 0 0 0 0 0 0 0 0 2913 0 
0 0 0 0 0 0 0 0 0 0 0 1386 
0 0 0 0 0 2000 0 0 0 0 0 0 
0 0 0 0 0 1068 0 0 0 0 0 0 
0 0 0 0 0 1503 0 0 0 0 0 0 
0 0 0 0 0 556 0 0 0 0 0 0 
0 0 0 0 0 0 0 0 0 0 0 526 
0 0 0 0 952 617 0 0 0 11 13 28 
28 22 16 0 7 0 0 0 256 0 0 0 
0 0 0 0 19 105 6 0 0 7 423 0 
0 713 0 0 0 0 288 65 0 15 0 0 
0 0 0 43 2 0 12 0 0 0 883 0 
0 0 0 0 0 877 0 0 0 0 0 0 
0 0 0 0 0 0 0 0 0 0 1909 0 
16 221 0 2 755 0 0 54 0 0 0 8 
0 0 0 0 0 0 0 0 0 335 0 0 
0 0 0 0 0 0 0 0 0 0 1643 0 
0 0 0 0 0 0 0 0 0 0 884 0 
0 0 0 0 0 0 0 0 0 0 1352 0 
0 2586 28 0 76 0 0 0 0 2 8 0 
0 0 0 0 0 473 0 0 0 0 0 0 
0 0 0 0 0 0 0 0 0 0 1406 0 
0 0 0 0 0 1 0 1278 0 0 0 0 
36 0 0 0 0 0 3 8 777 0 0 0 
0 0 0 0 0 0 0 0 0 0 633 0 
0 0 0 0 0 0 0 0 0 0 0 238 
0 0 1 0 0 0 16 0 169 185 0 0 
0 0 0 0 0 0 0 0 0 0 1391 0 
207 97 0 4 0 0 3 0 878 0 30 18 
