0 0 5 0 2843 0 32 65 1 0 8 138 
3 5 0 2 0 0 4 0 0 378 982 0 
0 0 0 0 0 0 0 0 0 0 759 0 
0 1 0 0 0 1931 96 0 0 0 0 0 
0 0 0 0 0 0 0 0 0 0 433 0 
0 0 0 0 0 4515 0 0 0 0 38 0 
1 0 41 323 1181 0 0 0 0 0 0 0 
0 0 0 0 0 1589 0 0 0 0 0 0 
0 0 0 0 0 440 0 0 0 0 0 0 
0 0 0 0 0 1305 0 0 0 0 0 0 
0 0 0 0 0 957 0 0 0 0 0 0 
27 0 2 0 0 4422 0 677 0 0 0 20 
0 0 0 0 719 0 0 0 0 0 0 0 
0 0 0 2 1554 1365 0 0 0 0 0 0 
0 614 0 0 0 167 0 26 0 976 3 0 
0 0 0 6 0 4354 805 0 18 138 1 3 
0 0 0 0 0 0 0 0 0 0 0 868 
338 2171 0 2 0 0 0 0 0 8 0 13 
0 0 0 0 0 0 1 0 0 21 1190 1 
0 0 0 0 0 0 0 0 0 0 730 0 
0 0 0 0 0 4 0 0 0 0 2950 0 
0 0 0 0 0 5 0 0 113 1 0 1575 
0 0 0 0 0 0 0 0 0 0 2984 0 
0 1 0 251 0 0 0 0 2 0 1334 766 
0 0 0 0 0 0 0 0 0 1751 0 0 
0 0 0 0 0 0 0 0 0 440 0 0 
0 0 0 0 0 685 0 0 0 0 0 0 
182 363 501 0 0 0 0 195 4 6 0 1 
0 0 0 0 0 0 0 0 0 0 1325 0 
0 0 0 0 0 2307 0 0 0 1 0 0 
0 0 0 0 0 801 0 0 0 0 0 0 
0 0 0 0 0 676 0 0 0 0 0 0 
0 0 0 0 1290 0 0 0 0 0 0 0 
0 0 0 0 0 2525 0 0 0 0 0 0 
0 0 0 5 760 1922 0 0 0 0 0 0 
440 0 0 0 0 0 0 0 0 0 0 0 
272 34 0 62 0 1 21 0 0 1 772 1 
0 2505 0 0 0 0 0 0 0 2 30 0 
0 0 0 0 0 0 0 0 0 0 322 0 
0 0 0 0 0 0 0 624 0 0 0 0 
0 0 4 2 0 0 0 0 0 0 3795 0 
0 0 0 0 0 0 0 0 0 0 1076 0 
0 62 646 1481 325 0 0 0 0 2 0 2 
0 0 0 0 0 0 0 0 0 0 2857 0 
0 26 0 0 1798 0 0 0 38 0 0 0 
0 0 0 0 292 0 0 0 0 0 0 0 
0 235 0 14 385 0 2 0 4 2 359 0 
0 0 0 0 0 0 265 0 0 0 0 0 
0 0 0 0 0 0 0 0 0 1123 0 0 
2 0 0 0 0 847 41 0 0 0 2954 0 
0 1 0 0 0 0 0 0 0 1553 0 0 
0 0 0 0 0 0 0 0 0 0 2621 0 
0 0 0 1 1 0 0 0 0 458 0 0 
0 0 0 0 0 0 0 0 0 0 0 328 
11 0 134 0 0 0 0 34 2 0 0 13 
0 0 1 1 0 0 0 0 0 0 970 5 
0 0 0 0 0 0 0 0 0 0 697 0 
0 0 0 0 0 0 0 353 0 0 0 0 
1 13 0 0 0 0 4 460 2296 0 4 0 
0 0 0 0 0 566 0 0 0 0 0 0 
0 0 0 0 0 0 0 0 0 0 2174 0 
0 0 0 0 0 0 0 0 0 0 646 0 
0 50 0 742 0 4 0 0 28 0 0 0 
3 0 0 0 0 2 0 1 0 0 3502 0 
84 329 6 0 0 83 166 0 0 2 6 0 
1 0 0 1 0 2175 1 0 0 0 0 0 
0 0 0 0 0 0 0 0 0 0 0 1530 
0 0 1 0 1072 0 0 0 2 0 0 0 
0 0 0 0 0 0 0 0 0 0 1913 0 
0 0 0 0 0 1002 0 0 0 0 0 0 
0 0 0 0 0 0 0 0 0 0 768 0 
0 0 0 3 5 0 0 0 0 519 0 0 
0 0 0 0 0 0 0 0 0 537 0 0 
0 0 0 134 35 109 0 0 26 0 0 107 
3 149 41 7 1 11 7 0 0 392 459 0 
0 0 0 0 0 0 0 0 0 0 603 0 
2 7 2 0 0 141 10 134 46 0 96 0 
0 1 0 0 0 0 0 0 0 0 202 0 
0 0 0 0 0 0 0 0 0 0 1282 0 
0 0 0 0 0 0 0 0 0 0 357 0 
0 0 0 0 0 1135 0 0 0 0 0 0 
0 0 0 0 0 0 7 0 464 0 0 0 
0 0 0 0 0 0 0 0 0 0 824 0 
358 7 79 0 0 0 0 20 0 5 0 460 
0 0 0 0 0 0 0 0 0 0 0 675 
55 0 3 0 0 2 323 1 0 604 18 0 
0 0 0 0 0 0 0 0 0 0 1228 0 
18 0 0 0 0 0 0 0 0 0 0 405 
0 0 0 0 0 0 0 0 0 0 3276 0 
0 0 0 0 0 0 0 0 0 0 0 2000 
0 0 0 0 945 0 0 1 0 0 0 0 
0 0 0 0 0 0 0 0 0 0 1694 0 
1 0 0 14 0 1 0 0 325 22 363 0 
0 0 0 1 0 614 0 3 0 0 0 0 
1487 109 7 5 0 0 1 56 11 11 4 0 
0 0 0 0 0 757 0 0 0 0 0 0 
0 0 0 0 0 0 0 0 0 0 1175 0 
0 0 0 0 0 0 0 0 0 0 291 0 
0 1 0 0 490 0 0 0 0 0 0 0 
0 0 0 0 0 0 0 0 0 0 372 0 
0 0 0 0 0 635 0 0 0 0 0 0 
0 0 0 0 0 127 1174 137 15 0 0 0 
0 0 0 0 0 0 0 0 0 0 727 0 
3 0 0 4 0 485 0 0 0 5 0 0 
124 283 0 1063 192 6 1 268 0 1 14 0 
2 0 0 0 1 2515 0 0 0 0 0 0 
0 0 246 0 223 0 0 0 0 0 0 0 
0 1 0 3 0 0 489 0 0 0 0 0 
0 3 6 0 0 836 0 11 0 0 469 3 
0 0 0 0 0 0 0 0 0 0 2485 0 
0 162 790 0 1312 0 0 0 0 1 0 1 
9 0 61 0 0 0 1550 0 137 11 3 147 
0 0 887 0 1 0 1 0 0 0 0 0 
321 3 0 0 0 4 0 0 75 189 0 0 
0 0 0 0 0 0 0 0 615 0 0 0 
0 0 0 0 0 0 0 0 0 0 1314 0 
0 0 0 0 0 1 0 0 0 0 1185 0 
0 0 0 0 0 0 0 0 0 0 389 0 
0 0 3 0 0 726 0 0 1 0 0 0 
0 0 0 0 0 0 0 0 0 0 1674 0 
0 362 0 0 0 237 1556 1 0 4 43 537 
0 0 0 0 0 0 0 0 0 0 2898 0 
0 0 0 0 0 0 0 0 0 0 0 1412 
0 0 0 1 0 2009 0 0 0 0 0 0 
0 0 0 0 0 1068 0 0 0 0 0 0 
0 0 0 0 0 1503 0 0 0 0 0 0 
0 0 0 0 0 547 0 0 0 0 0 0 
0 0 0 0 0 0 0 0 0 0 0 523 
0 0 5 0 880 727 0 0 0 0 0 8 
0 0 0 0 16 0 0 0 309 0 0 4 
2 0 0 0 0 1062 0 0 0 0 0 0 
26 467 13 0 16 31 0 0 0 528 0 0 
1 0 0 0 0 0 1 0 0 0 939 0 
0 0 0 0 0 877 0 0 0 0 0 0 
0 0 0 0 0 0 0 0 0 0 1467 0 
0 738 0 4 0 206 0 0 55 0 0 48 
71 0 0 8 0 0 0 13 11 182 45 4 
0 0 0 1 2 0 0 0 0 0 1640 0 
0 0 0 0 0 0 0 0 0 0 1371 0 
0 0 0 0 0 0 0 0 0 0 1317 0 
0 2589 0 4 85 0 3 0 0 0 8 0 
0 0 0 0 0 473 0 0 0 0 0 0 
0 0 0 0 0 0 0 0 0 0 1391 0 
0 0 0 0 0 0 0 836 0 0 0 0 
0 0 0 159 251 0 0 0 369 0 46 0 
0 0 0 0 0 0 0 4 0 0 651 0 
0 0 0 0 0 0 0 0 0 0 0 238 
0 0 0 0 0 0 17 0 187 166 0 0 
0 0 0 0 0 0 0 0 0 0 1420 0 
0 911 0 0 1 49 0 15 41 0 21 179 
0 0 0 0 0 0 0 0 0 0 1180 0 
0 0 0 0 0 0 0 0 0 0 1253 0 
0 0 0 0 0 0 0 0 0 0 1452 0 
0 0 0 0 0 0 0 0 0 1038 0 0 
401 0 0 0 0 2 0 0 3 0 0 15 
0 0 0 0 0 0 0 0 0 0 0 789 
0 0 0 0 0 0 0 0 0 0 825 0 
0 0 0 0 0 2 2 0 477 0 438 0 
0 0 0 0 0 0 0 446 0 0 0 0 
1 0 0 0 0 0 0 0 0 0 639 0 
0 0 0 0 0 0 0 0 0 0 515 0 
37 18 0 0 7 637 13 614 490 0 0 123 
