0 0 3 0 2634 145 25 0 205 27 78 0 
21 174 0 557 157 113 0 0 223 531 49 0 
0 0 0 0 0 0 0 0 0 0 773 0 
0 0 0 0 0 1891 92 0 0 0 0 206 
0 0 0 0 0 0 0 0 0 0 433 0 
1 0 0 1 0 4997 0 0 0 0 47 0 
1 0 37 297 1221 0 0 0 0 0 0 1 
0 0 0 0 0 1205 0 0 0 0 0 0 
0 0 0 0 0 441 0 0 0 0 0 0 
0 0 0 0 0 1167 0 0 0 0 0 0 
0 0 0 0 0 785 0 0 0 0 0 0 
244 0 184 16 541 3434 47 479 0 93 0 85 
0 0 0 0 598 0 0 0 0 0 0 0 
0 0 0 1 1416 1548 0 0 0 0 0 0 
105 113 368 8 579 2 0 0 49 242 0 325 
0 0 0 0 0 4838 1091 20 0 129 0 0 
0 0 0 0 0 0 1 735 0 0 0 0 
0 0 0 0 0 0 0 0 0 0 0 864 
318 2266 0 0 0 0 0 0 0 0 0 12 
0 0 0 0 0 0 0 0 0 0 810 0 
0 0 0 0 0 0 0 0 0 0 736 0 
0 0 0 0 0 0 0 0 0 0 808 0 
4 227 0 0 0 138 505 0 0 51 402 347 
0 1 0 0 0 0 0 0 0 0 3781 0 
0 0 9 252 0 0 0 0 0 0 1434 816 
0 0 0 0 0 0 0 0 0 1945 0 0 
0 0 0 0 0 0 0 0 0 441 0 0 
111 466 0 242 0 572 51 332 471 145 0 0 
62 0 5 0 57 1 1048 26 539 31 61 248 
0 0 0 0 0 0 0 0 0 0 631 0 
0 0 0 0 0 2236 0 0 0 0 0 0 
0 0 0 0 0 1137 0 0 0 0 0 0 
0 0 0 0 0 650 0 0 0 0 0 0 
0 0 0 0 1290 0 0 0 0 0 0 0 
0 0 0 0 0 1987 0 0 0 0 0 0 
0 0 0 0 747 1924 0 0 0 0 0 2 
440 0 0 0 0 0 0 0 0 0 0 0 
0 0 0 2 165 56 0 0 13 1 1575 0 
2 2468 1 0 0 0 0 10 0 1 54 0 
0 0 0 0 0 0 0 0 0 0 322 0 
0 0 0 0 0 0 0 628 0 0 0 0 
170 276 446 38 68 121 109 245 101 237 2425 370 
0 0 0 0 0 0 0 0 0 0 1061 1 
0 0 619 1523 339 0 1 0 0 1 0 0 
0 0 0 0 0 0 0 0 0 0 3053 0 
124 573 198 4 567 24 1 66 118 0 0 187 
0 0 0 0 292 0 0 0 0 0 0 0 
0 162 463 51 278 0 0 20 0 0 0 0 
0 0 0 0 0 0 265 0 0 0 0 0 
0 0 0 0 0 0 0 0 0 0 694 0 
0 0 0 0 0 0 0 0 0 1911 0 0 
85 601 6 341 54 1611 0 171 534 469 1349 85 
0 0 0 0 0 0 0 0 0 709 0 0 
0 0 0 0 0 0 0 0 0 0 2006 0 
0 0 0 0 0 0 0 9 0 424 0 0 
0 0 0 0 0 0 0 0 0 0 1409 0 
0 1 0 0 0 0 0 0 0 0 0 327 
1 0 0 0 0 0 41 0 0 0 2 150 
0 0 0 121 0 0 0 0 5 4 856 18 
0 0 0 0 0 0 0 0 0 0 697 0 
0 0 0 0 0 0 0 287 0 0 0 139 
0 67 1 15 0 0 0 392 2273 0 39 0 
0 0 0 0 0 294 0 0 0 0 0 0 
1 0 0 0 0 0 0 0 0 0 2972 0 
0 0 0 0 0 0 0 0 0 0 535 0 
73 0 0 537 78 0 69 0 67 0 0 0 
1 0 0 0 2 0 12 0 43 1180 0 0 
54 62 300 101 199 229 0 1 83 259 2616 281 
3 0 0 499 3 2 38 9 0 33 0 88 
0 2 0 0 0 2179 0 0 0 0 0 0 
197 507 99 0 0 0 180 0 10 2 3 178 
0 0 0 0 1070 0 0 0 0 0 0 0 
0 0 0 0 0 0 0 0 0 0 1337 0 
0 0 0 0 0 0 0 0 0 0 1745 0 
0 0 0 0 0 1002 0 0 0 0 0 0 
0 0 0 0 0 0 0 0 0 0 768 0 
0 0 0 0 8 0 0 0 0 521 0 0 
0 0 0 0 0 0 0 0 1 565 0 0 
0 0 0 0 0 0 0 0 0 0 0 329 
86 0 0 24 164 0 98 0 0 0 0 39 
0 82 33 0 96 0 93 0 0 0 744 36 
1 0 0 0 0 0 0 0 0 0 589 0 
0 42 12 0 0 331 5 5 1 15 34 0 
130 0 0 49 0 0 9 0 4 11 0 0 
0 0 0 0 0 463 0 0 0 0 0 0 
142 1 11 523 56 0 0 185 314 0 602 281 
2 0 0 0 0 0 0 0 3 0 353 0 
0 0 0 0 0 944 0 0 0 0 0 0 
139 0 0 0 0 0 0 0 549 0 0 78 
0 0 0 0 0 0 0 0 0 0 824 0 
0 0 0 0 0 537 0 0 0 0 0 0 
0 208 114 0 0 0 282 164 37 39 0 0 
0 0 0 0 0 0 0 0 0 0 0 675 
0 286 0 55 0 0 314 0 79 6 94 170 
0 0 0 0 0 0 0 0 0 0 2177 0 
166 0 0 0 0 0 0 0 0 0 0 384 
0 0 0 0 0 0 0 0 0 0 3229 0 
0 0 0 0 0 0 0 0 0 0 0 2650 
0 1 0 0 952 0 0 0 1 0 0 0 
0 0 0 0 0 0 0 0 0 0 554 0 
0 2 183 0 88 4 9 437 1 0 3 0 
1 0 0 0 1 618 0 0 0 0 0 0 
1414 0 0 3 0 107 0 13 66 25 0 77 
0 0 0 0 0 1024 0 0 0 0 0 0 
0 0 0 0 0 0 0 0 0 0 1201 0 
0 0 0 0 0 0 0 0 0 0 579 0 
0 0 1 0 462 0 0 1 0 0 0 0 
0 0 0 0 0 0 0 0 0 0 1604 0 
0 0 0 0 0 640 0 0 0 0 0 0 
0 0 0 0 0 343 0 0 0 0 0 0 
0 0 0 0 0 122 1209 120 15 0 0 0 
0 0 0 0 0 0 0 0 0 0 1252 0 
0 0 0 0 8 490 0 0 0 0 0 1 
0 0 4 913 0 220 134 0 56 77 170 212 
0 0 0 0 0 2544 0 0 0 0 0 0 
0 14 18 24 165 224 0 0 18 0 6 0 
0 0 0 0 0 0 490 0 0 0 3 0 
0 479 0 0 123 39 479 203 291 0 0 248 
0 0 0 0 0 0 0 0 0 0 2298 0 
0 126 557 10 1714 0 0 5 0 0 0 0 
47 3 166 397 249 0 164 0 37 148 605 103 
0 2 888 0 1 0 3 0 0 0 0 0 
0 0 0 0 0 0 0 0 0 0 1363 0 
9 247 0 29 26 0 3 0 113 0 0 0 
0 0 0 0 0 0 0 0 671 0 0 0 
0 0 0 0 0 0 0 0 0 0 918 0 
0 0 0 0 0 0 0 1 0 0 1190 0 
0 0 0 0 0 0 0 0 0 0 296 0 
0 0 0 0 0 733 0 0 0 0 0 0 
0 0 0 0 0 0 0 0 0 0 1200 0 
0 0 0 0 0 4 0 0 0 0 2672 0 
944 111 443 0 0 0 317 265 343 35 160 245 
0 0 0 0 0 0 2 0 0 0 2917 0 
0 0 0 0 0 0 0 0 0 0 0 1370 
0 0 0 0 0 956 0 0 0 0 0 0 
0 0 0 0 0 1068 0 0 0 0 0 0 
0 0 0 0 0 1503 0 0 0 0 0 0 
0 0 0 0 0 547 0 0 0 0 0 0 
0 0 0 0 0 1049 0 0 0 0 0 0 
0 0 0 0 0 0 0 0 0 0 0 526 
0 0 0 0 821 737 0 59 6 0 0 2 
0 0 1 0 0 54 0 0 134 0 142 0 
135 0 2 63 0 0 0 5 6 4 331 14 
0 1076 0 0 4 0 0 0 0 0 0 5 
0 0 186 4 142 187 24 0 1 0 385 0 
0 0 0 0 0 926 0 0 0 0 0 0 
0 0 0 0 0 0 0 0 0 0 1491 0 
5 897 0 0 32 0 0 0 98 0 0 0 
0 15 0 54 0 0 0 0 0 248 18 1 
68 0 1 25 0 23 88 1 0 0 160 157 
0 0 0 0 0 0 0 0 0 0 1158 0 
0 0 0 0 0 0 0 0 0 0 1384 0 
0 2678 0 0 52 10 0 0 0 0 3 0 
0 0 0 0 0 473 0 0 0 0 0 0 
0 0 0 0 0 0 0 0 0 0 1421 0 
