0 13 18 0 3039 0 40 0 0 0 0 0 
0 0 0 0 1 0 8 0 4 1012 672 75 
0 0 0 0 0 0 0 0 0 0 773 0 
0 0 0 0 0 1925 107 0 0 0 0 0 
0 2 0 0 0 0 0 0 0 0 431 0 
0 0 0 0 0 4512 0 0 0 0 38 0 
3 0 43 330 1170 0 0 0 2 1 0 0 
0 0 0 0 0 1559 0 0 0 0 0 0 
0 0 0 0 0 440 0 0 0 0 0 0 
0 0 0 0 0 1365 0 0 0 0 0 0 
0 0 0 0 0 958 0 0 0 0 0 0 
0 0 0 0 0 4823 41 241 14 0 0 0 
0 0 0 0 719 0 0 0 0 0 0 0 
0 0 2 0 1346 1581 0 0 8 1 0 0 
0 0 48 0 681 0 0 5 61 790 0 212 
1 0 0 0 0 4295 862 0 0 104 0 0 
0 0 0 0 0 0 0 0 0 0 0 860 
284 2241 0 0 0 0 0 0 0 0 0 26 
0 0 0 0 0 0 0 0 0 0 810 0 
0 0 0 0 0 0 0 0 0 0 736 0 
0 0 0 0 0 3 0 0 1 0 2935 0 
0 330 0 0 0 0 0 0 24 0 0 1344 
0 0 0 0 0 0 0 0 0 0 3680 0 
0 0 2 137 0 0 4 0 0 0 1734 619 
0 0 0 0 0 0 0 0 0 2042 0 0 
0 0 0 0 0 0 0 0 0 436 0 0 
206 0 0 34 0 850 0 1080 0 0 0 0 
0 851 0 54 28 0 109 0 0 0 0 211 
0 0 0 0 0 0 0 0 0 0 1325 0 
0 0 0 0 0 2284 0 0 0 0 0 0 
0 0 0 0 1 794 0 0 0 0 0 0 
0 0 0 0 0 771 0 0 0 0 0 0 
0 0 0 0 1290 0 0 0 0 0 0 0 
1 0 0 0 0 2515 0 0 0 0 0 0 
0 0 3 0 822 1874 0 0 0 0 0 0 
440 0 0 0 0 0 0 0 0 0 0 0 
1 0 0 0 0 0 0 2 0 7 1797 5 
0 2462 0 0 0 1 0 8 0 0 63 0 
0 0 0 0 0 0 0 0 0 0 322 0 
0 0 0 0 0 0 0 628 0 0 0 0 
0 0 0 0 0 20 3 0 57 0 3921 71 
0 0 0 0 0 0 0 0 0 0 1064 0 
0 0 683 1384 405 0 19 7 0 0 0 2 
0 0 0 0 0 0 0 0 0 0 2742 0 
14 220 75 0 1346 52 0 0 155 0 0 0 
0 0 0 0 292 0 0 0 0 0 0 0 
0 287 447 228 1 0 0 0 16 0 3 0 
0 0 0 0 0 0 265 0 0 0 0 0 
0 0 0 0 0 0 0 0 0 1905 0 0 
0 0 1 42 0 1299 0 7 7 0 3604 0 
0 0 0 0 0 0 0 0 0 1557 0 0 
0 0 0 0 0 0 0 0 0 0 2215 0 
0 0 0 0 0 0 0 19 0 414 0 0 
0 0 0 1 0 0 0 0 0 0 0 327 
1 13 47 0 0 3 0 2 128 0 0 0 
0 0 0 0 0 0 1 0 36 0 913 35 
0 0 0 0 0 0 0 0 0 0 697 0 
0 0 0 3 0 0 0 350 0 0 0 0 
3 2 0 0 0 0 0 519 2254 0 1 0 
0 0 0 0 0 566 0 0 0 0 0 0 
0 0 0 0 0 0 0 0 0 0 2203 0 
0 0 0 0 0 0 0 0 0 0 624 0 
0 0 0 485 67 45 2 0 35 16 2 172 
7 0 1 19 0 0 0 1 0 0 3561 8 
0 0 126 0 15 49 18 236 0 2 0 228 
0 0 0 0 0 2169 0 0 0 0 1 0 
0 14 0 0 0 0 0 2 0 0 0 1528 
0 0 0 2 1072 0 0 0 0 0 0 0 
0 0 0 0 0 0 0 0 0 0 573 0 
0 0 0 0 0 0 0 0 0 0 1765 0 
0 0 0 0 0 1002 0 0 0 0 0 0 
0 0 0 0 0 0 0 0 0 0 768 0 
0 0 0 1 1 2 0 0 0 523 0 1 
0 0 0 1 0 0 0 0 0 539 0 0 
0 0 2 0 0 333 1 0 2 0 50 23 
0 28 0 0 0 0 0 0 0 0 1029 13 
0 0 1 0 0 0 0 0 5 0 579 0 
0 0 0 0 7 328 48 3 0 0 57 0 
107 0 0 0 80 0 0 0 0 16 0 0 
0 0 0 0 0 476 0 0 0 0 0 0 
95 0 1 126 0 0 0 0 958 0 934 0 
0 0 0 0 0 0 2 0 0 0 355 0 
0 0 0 0 0 1129 0 0 0 0 0 0 
57 2 0 0 0 0 0 0 630 0 1 76 
0 0 0 0 0 0 0 0 0 0 824 0 
0 306 517 1 58 13 1 0 0 23 2 0 
0 0 0 0 0 0 0 0 0 0 0 675 
0 141 0 0 0 0 316 3 509 0 32 3 
0 0 0 0 0 0 0 0 0 0 1141 0 
164 0 0 0 0 0 0 0 0 0 0 386 
0 0 0 0 0 0 0 0 0 0 3225 0 
0 0 0 0 0 0 0 0 0 0 0 2639 
0 0 0 0 952 0 0 0 0 0 0 0 
0 0 0 0 0 0 0 0 0 0 1402 0 
0 0 132 17 0 0 0 416 0 0 0 162 
0 0 0 0 0 618 0 0 0 0 0 0 
1644 0 0 0 29 3 0 0 12 0 0 0 
0 0 0 0 0 753 0 0 0 0 0 0 
0 0 0 0 0 0 0 0 0 0 1207 0 
0 0 0 0 0 0 0 0 0 0 579 0 
0 0 0 0 488 0 0 0 0 0 0 0 
0 0 0 0 0 0 0 0 0 0 349 0 
0 0 0 0 0 640 0 0 0 0 0 0 
0 0 0 0 0 343 0 0 0 0 0 0 
0 0 0 0 0 132 1164 139 20 0 0 0 
0 0 0 0 0 0 0 0 0 0 996 0 
0 0 0 0 0 498 0 0 0 0 0 0 
257 691 0 654 0 0 47 1 0 116 38 149 
0 0 0 0 0 2559 0 0 1 0 2 0 
21 0 59 0 325 0 0 0 64 0 0 0 
1 0 0 0 0 0 491 0 0 1 0 0 
358 241 0 6 2 0 36 3 0 0 22 7 
0 0 0 0 0 0 0 0 0 0 2484 0 
0 104 706 0 1473 0 0 0 0 0 0 0 
0 0 0 935 37 0 329 0 0 0 134 484 
0 0 891 0 1 0 1 0 0 2 0 0 
0 0 0 0 0 0 0 0 0 0 1366 0 
59 0 0 0 0 209 0 11 169 135 0 1 
0 0 0 0 0 0 0 0 616 0 0 0 
0 0 0 0 0 0 0 0 0 0 1313 0 
0 0 0 0 0 1 0 0 0 0 1185 0 
0 0 0 0 0 0 0 0 0 0 395 0 
0 0 0 0 0 732 0 0 1 0 0 0 
0 0 0 0 0 0 0 0 0 0 1674 0 
398 0 290 0 0 498 1022 0 0 0 267 327 
0 0 0 0 0 0 0 0 0 0 2913 0 
0 0 0 0 0 0 0 0 0 0 0 1389 
0 0 0 0 0 2011 0 0 0 0 0 0 
0 0 0 0 0 1068 0 0 0 0 0 0 
0 0 0 0 0 1503 0 0 0 0 0 0 
0 0 0 0 0 547 0 0 0 0 0 0 
0 0 0 0 0 0 0 0 0 0 0 524 
1 0 0 0 642 866 0 5 0 4 0 98 
0 19 0 3 4 12 0 0 272 0 0 19 
5 27 2 0 13 99 27 10 0 6 371 0 
0 970 47 0 0 0 64 0 0 0 0 0 
0 0 0 0 0 2 9 0 51 2 876 0 
0 0 0 0 0 877 0 0 0 0 0 0 
0 0 0 0 0 0 0 0 0 0 823 0 
0 204 0 0 682 0 0 162 1 0 0 3 
0 0 0 4 0 0 5 0 0 320 0 6 
0 0 0 0 0 0 0 0 0 0 1643 0 
0 0 0 0 0 0 0 0 0 0 884 0 
0 0 0 0 0 0 0 0 0 0 1363 0 
0 2596 0 0 81 1 0 0 0 0 18 0 
0 0 0 0 0 473 0 0 0 0 0 0 
0 0 0 0 0 0 0 0 0 0 1406 0 
0 0 0 0 0 0 0 1279 0 0 0 0 
27 6 8 0 0 0 0 0 783 0 0 0 
0 1 0 0 0 0 0 0 0 0 630 0 
0 0 0 0 0 0 0 0 0 0 0 238 
1 0 0 0 0 0 20 0 175 175 0 0 
0 1 0 0 0 0 0 0 0 0 1393 0 
165 77 0 1 0 0 0 0 858 0 0 119 
0 0 0 0 0 0 0 0 0 0 1180 0 
0 0 0 0 0 0 0 0 0 0 1271 0 
0 0 0 0 0 0 0 0 0 0 1034 0 
