0 1 2 44 3011 0 0 0 0 0 43 0 
0 19 8 11 0 0 0 0 0 606 957 0 
0 0 0 0 0 0 0 0 0 0 761 0 
0 0 0 0 0 1934 94 0 0 0 0 0 
0 0 0 0 0 0 0 0 0 0 433 0 
0 0 0 0 3 4429 0 0 0 0 40 0 
0 0 27 353 1167 0 1 0 0 0 0 0 
0 0 0 0 0 1556 0 0 0 0 1 0 
0 0 0 0 0 440 0 0 0 0 0 0 
0 0 0 0 1 1364 0 0 0 0 0 0 
0 0 0 0 0 957 0 0 0 0 0 0 
0 0 0 64 0 4706 0 375 0 0 0 1 
0 0 0 0 719 0 0 0 0 0 0 0 
0 0 0 1 1532 1399 0 0 0 0 0 0 
0 32 0 0 14 0 0 0 1 1745 0 0 
0 1 0 0 0 4320 853 0 0 77 0 0 
0 0 0 0 0 0 0 0 0 0 0 866 
338 2184 0 0 0 0 1 0 0 0 0 26 
0 0 0 0 0 0 0 0 0 0 994 0 
0 0 0 0 0 0 0 0 0 0 725 0 
0 0 0 0 0 3 0 0 0 0 2941 0 
0 26 35 81 0 9 11 0 6 0 1 1527 
0 0 0 0 0 0 0 0 0 0 2988 0 
0 0 0 154 0 50 1 0 0 0 1529 754 
0 0 0 0 0 0 0 0 0 2045 0 0 
0 0 0 0 0 0 0 0 0 433 0 0 
48 10 0 0 0 999 0 1027 0 0 0 52 
179 265 5 214 0 0 0 20 1 534 0 33 
0 0 0 0 0 0 0 0 0 0 1325 0 
0 1 0 0 0 2294 0 1 0 0 0 0 
0 0 0 0 0 785 0 0 0 0 0 0 
0 0 0 0 0 916 0 0 0 0 0 0 
0 0 0 0 1290 0 0 0 0 0 0 0 
0 1 0 1 0 2516 0 0 0 0 0 0 
0 0 0 0 863 1817 0 0 0 3 0 0 
440 0 0 0 0 0 0 0 0 0 0 0 
0 0 30 0 0 1 0 0 0 0 1771 0 
0 2509 0 0 0 0 0 0 0 0 25 0 
0 0 0 0 0 0 0 0 0 0 322 0 
0 0 0 0 0 0 0 628 0 0 0 0 
0 0 0 17 0 0 0 1 0 1 3937 0 
0 0 0 0 0 0 0 0 0 0 1069 0 
0 0 755 1382 377 0 0 1 0 0 9 0 
0 0 0 0 0 0 0 0 0 0 2826 0 
2 1 3 0 1720 1 0 0 135 0 0 0 
0 0 0 0 292 0 0 0 0 0 0 0 
0 81 187 444 247 2 0 0 7 2 0 24 
0 0 0 0 0 0 265 0 0 0 0 0 
0 0 0 0 0 0 0 0 0 1121 0 0 
0 0 2 0 1 879 0 0 49 0 3950 0 
0 0 0 0 0 0 0 0 0 1558 0 0 
0 0 0 0 0 0 0 0 0 0 2215 0 
0 0 0 0 0 0 0 12 0 454 0 0 
0 0 0 0 0 0 0 0 0 0 0 328 
0 0 0 0 12 114 0 0 68 0 0 0 
0 0 0 0 0 0 0 4 0 0 961 0 
0 0 0 0 0 0 0 0 0 0 697 0 
0 0 0 0 0 0 0 352 0 0 0 1 
0 7 0 0 0 0 0 504 2251 4 10 0 
0 0 0 0 0 566 0 0 0 0 0 0 
0 0 0 0 0 0 0 0 0 0 2219 0 
0 0 0 0 0 0 0 0 0 0 649 0 
0 4 9 710 0 0 0 16 0 0 83 2 
3 0 0 0 1 0 0 0 0 0 3494 2 
15 19 0 0 0 183 105 320 0 0 0 35 
0 0 0 0 0 2173 0 0 0 0 0 0 
0 19 0 0 0 0 2 0 1 0 0 1513 
0 0 0 0 1073 0 0 0 0 0 1 0 
0 0 0 0 0 0 0 0 0 0 1817 0 
0 0 0 0 0 1002 0 0 0 0 0 0 
0 0 0 0 0 0 0 0 0 0 768 0 
0 0 0 0 0 1 0 0 0 527 0 0 
0 0 0 0 0 0 0 0 0 536 0 0 
0 0 5 179 0 0 0 0 0 0 0 227 
0 30 0 4 0 0 0 1 0 0 1034 0 
1 0 0 0 1 0 0 0 0 0 582 10 
0 0 14 2 0 315 0 0 0 0 65 38 
12 0 0 0 55 1 51 0 0 84 0 0 
0 0 0 1 0 0 0 0 82 158 774 0 
0 0 0 0 0 0 0 1 0 0 356 0 
0 0 0 0 0 1141 0 0 0 0 0 0 
0 0 0 0 0 3 3 0 465 0 0 0 
0 0 0 0 0 0 0 0 0 0 824 0 
45 164 411 0 267 31 6 0 1 0 0 0 
0 0 0 0 0 0 0 0 0 0 0 675 
22 0 0 0 0 0 180 0 428 374 0 0 
0 0 0 0 0 0 0 0 0 0 1226 0 
160 0 0 0 0 0 1 0 0 0 0 389 
0 0 0 0 0 0 0 0 0 0 3256 0 
0 0 0 0 0 0 0 0 0 0 0 1858 
0 0 0 0 953 0 0 0 0 0 0 0 
0 0 0 0 0 0 0 0 0 0 1722 0 
1 142 0 15 0 1 0 0 424 0 1 141 
0 0 0 0 0 608 0 0 0 0 11 0 
1517 0 0 28 28 0 0 67 5 46 0 1 
0 0 0 0 0 749 0 0 0 0 0 0 
0 0 0 0 0 0 0 0 0 0 1173 0 
0 0 0 0 0 0 0 0 0 0 579 0 
0 0 0 0 488 0 0 0 0 0 0 0 
0 0 0 0 0 0 0 0 0 0 371 0 
0 0 0 0 0 635 0 0 0 0 0 0 
0 0 0 0 0 343 0 0 0 0 0 0 
0 0 0 0 0 144 1148 150 15 3 0 0 
0 0 0 0 0 0 0 0 0 0 730 0 
0 0 0 0 0 495 0 0 0 0 0 1 
118 684 0 1114 0 5 0 0 17 0 0 16 
0 0 0 0 0 2544 0 0 0 0 0 0 
0 0 155 3 296 0 0 0 0 0 15 0 
0 0 0 0 0 4 485 0 1 0 3 0 
350 0 0 0 0 0 0 67 13 0 236 2 
0 0 0 0 0 0 0 0 0 0 2480 0 
0 186 549 0 1519 0 1 0 0 0 0 15 
5 8 213 0 1 0 734 0 0 0 2 955 
0 0 890 0 1 0 1 0 0 0 0 0 
17 0 0 0 0 278 0 0 0 297 0 0 
2 0 0 0 1 0 0 0 613 0 0 0 
0 0 0 0 0 0 0 0 0 0 1311 0 
0 0 0 0 0 0 0 0 0 0 1189 0 
0 0 0 0 0 0 0 0 0 0 389 0 
0 0 0 0 0 732 0 0 0 0 0 0 
0 0 0 0 0 0 0 0 0 0 1672 0 
38 209 0 0 0 218 567 125 0 0 638 966 
0 0 0 0 0 0 0 0 0 0 2895 0 
0 0 0 0 0 0 0 0 0 0 0 1392 
0 0 0 0 0 2019 0 0 0 0 0 0 
0 0 0 0 0 1068 0 0 0 0 0 0 
0 0 0 0 0 1503 0 0 0 0 0 0 
0 0 0 0 0 547 0 0 0 0 0 0 
0 0 0 0 0 0 0 0 0 0 0 521 
0 0 6 0 917 678 9 0 0 10 1 0 
19 0 0 0 1 0 0 0 309 0 0 0 
3 0 0 0 0 1054 0 0 0 0 0 0 
0 1004 15 0 0 0 2 10 0 24 26 0 
0 10 0 0 0 3 0 0 0 10 915 0 
0 0 0 0 0 876 0 0 0 0 1 0 
0 0 0 0 0 0 0 0 0 0 1454 0 
0 529 0 0 509 1 0 13 2 0 0 0 
0 0 0 9 0 0 0 0 49 215 62 0 
0 0 0 0 0 0 0 1 0 0 1642 0 
0 0 0 0 0 0 0 0 0 0 1372 0 
0 0 0 0 0 0 0 0 0 0 1332 0 
0 2587 0 0 89 0 0 0 4 0 14 0 
0 0 0 0 0 473 0 0 0 0 0 0 
0 0 0 0 0 0 0 0 0 0 1404 0 
0 0 0 1 0 0 1 808 0 0 0 0 
1 135 2 0 207 0 14 0 452 0 0 13 
0 0 0 0 0 0 0 0 0 0 652 0 
0 0 0 0 0 0 0 0 0 0 0 238 
0 0 0 0 0 0 16 0 184 168 0 3 
0 0 0 0 0 0 0 0 0 0 1411 0 
120 0 1 0 0 0 0 0 956 114 3 29 
0 0 0 0 0 0 0 0 0 0 1180 0 
0 0 0 0 0 0 0 0 0 0 1266 0 
0 0 0 0 0 0 0 0 0 0 1390 0 
0 0 0 0 0 0 0 0 0 748 0 0 
143 0 0 8 0 0 0 0 0 9 0 135 
0 0 0 0 0 0 0 0 0 0 0 785 
0 0 0 0 0 0 0 0 0 0 838 0 
0 0 0 162 0 0 22 0 234 0 496 5 
0 0 0 0 0 0 0 469 0 0 0 0 
0 0 0 0 0 0 0 0 0 0 512 0 
