0 5 0 2971 120 0 9 0 0 0 4 1 
0 0 0 0 0 1742 0 7 0 20 0 0 
2 0 0 0 0 612 7 0 2 53 97 0 
0 88 0 0 0 453 1399 3 71 0 0 18 
14 0 0 178 0 0 1 0 1 239 0 0 
0 0 10 0 0 0 0 0 6 840 3538 0 
4 420 630 486 0 0 0 0 0 1 1 5 
0 0 0 0 0 0 0 0 0 0 1559 0 
0 0 0 4 5 61 0 61 0 2 307 0 
0 0 0 0 0 1 0 0 0 1367 0 0 
0 0 0 0 0 0 0 0 0 0 962 0 
7 0 0 0 0 0 88 5031 0 5 0 7 
0 2 0 0 0 0 0 0 0 0 0 711 
0 0 0 6 318 729 0 0 0 0 1893 0 
0 0 0 0 0 0 0 0 0 0 1793 0 
0 0 0 0 0 0 1 3 0 5113 165 0 
0 6 853 0 2 0 0 0 0 1 0 0 
0 1645 878 15 3 5 0 0 0 0 0 0 
0 0 0 0 0 807 0 0 0 0 0 0 
0 0 0 0 1356 0 0 0 0 0 0 0 
0 0 0 0 0 2947 0 0 0 0 0 0 
0 0 0 0 1699 0 0 0 0 0 0 0 
0 0 1 0 2838 170 0 7 2 0 6 0 
0 0 1 517 1946 0 0 4 0 0 0 0 
0 0 0 0 0 2045 0 0 0 0 0 0 
214 1 0 0 0 33 0 0 98 62 2 24 
0 0 0 0 0 0 0 0 0 0 2167 0 
5 0 0 13 0 0 23 449 0 679 83 0 
0 0 0 0 1325 0 0 0 0 0 0 0 
1 0 70 0 28 1112 98 73 0 0 908 0 
0 0 0 0 0 0 0 0 0 794 0 1 
0 0 0 0 0 0 0 0 0 0 917 0 
0 0 0 0 0 0 0 0 0 0 1290 0 
0 0 0 0 0 0 0 0 0 0 2513 0 
0 494 6 22 724 0 156 1018 92 119 30 18 
0 0 0 0 0 0 440 0 0 0 0 0 
0 0 0 0 0 0 1800 3 0 0 0 0 
0 0 0 0 0 0 0 0 0 0 2534 0 
0 0 0 0 0 0 0 0 322 0 0 0 
0 1 0 0 1 0 0 584 2 40 0 0 
0 3 22 9 1840 2176 0 0 0 0 10 1 
0 6 8 0 362 0 0 187 0 482 30 0 
1 9 0 475 2028 0 0 0 0 0 0 0 
0 0 0 0 1 2709 14 0 0 0 0 0 
0 0 0 0 0 0 0 0 0 1862 0 0 
0 0 0 0 0 0 0 0 0 0 292 0 
0 0 0 0 0 0 0 0 0 0 0 984 
0 0 0 0 0 265 0 0 0 0 0 0 
71 101 0 0 0 25 1 933 0 28 0 0 
0 0 0 0 0 4909 6 0 0 0 0 0 
0 0 0 0 0 1559 0 0 0 0 0 0 
0 0 0 0 0 2215 0 0 0 0 0 0 
0 0 0 0 0 0 0 433 0 0 0 0 
0 0 0 0 328 0 0 0 0 0 0 0 
0 0 0 0 0 194 0 0 0 0 0 0 
4 0 0 0 830 0 0 0 7 0 135 0 
0 0 0 0 0 697 0 0 0 0 0 0 
0 353 0 0 0 0 0 0 0 0 0 0 
2408 17 0 0 0 0 2 106 78 1 164 0 
0 0 0 0 0 0 0 0 0 566 0 0 
0 0 0 0 0 2154 16 51 0 0 0 0 
0 0 0 0 0 625 0 0 0 0 0 0 
0 0 0 0 0 0 0 0 0 0 824 0 
0 0 0 0 2624 924 0 0 0 0 5 0 
0 0 5 0 0 33 0 8 0 620 11 0 
2 0 1 0 0 0 0 0 1 2160 0 0 
0 0 0 1530 10 0 0 0 0 0 0 0 
0 0 0 0 0 0 0 0 0 0 1074 0 
44 0 16 259 773 680 0 19 0 0 1 0 
0 983 0 6 0 1 0 0 9 3 0 0 
0 0 0 0 768 0 0 0 0 0 0 0 
0 0 2 0 0 0 0 526 0 0 0 0 
0 0 0 7 0 66 14 8 0 443 0 0 
0 0 0 0 411 0 0 0 0 0 0 0 
0 0 0 3 0 0 0 0 0 1068 0 0 
34 13 35 3 3 0 0 0 6 0 492 0 
0 0 0 0 0 436 0 1 1 0 0 0 
0 0 0 203 0 0 0 0 0 0 0 0 
0 0 0 0 0 0 0 0 0 0 476 0 
0 0 0 0 2122 0 0 0 0 0 0 0 
0 0 0 0 0 0 0 0 0 0 357 0 
1 0 0 0 0 0 0 0 0 1131 0 0 
0 0 0 0 0 0 0 0 189 282 0 0 
0 0 0 0 0 824 0 0 0 0 0 0 
0 0 0 0 0 920 2 0 0 3 0 0 
0 0 0 0 675 0 0 0 0 0 0 0 
0 0 0 0 1004 0 0 0 0 0 0 0 
0 0 0 0 1140 0 0 0 0 0 0 0 
535 0 0 0 0 0 0 0 0 0 0 15 
566 633 242 561 0 0 0 1026 0 0 104 107 
0 0 22 1055 588 0 69 7 123 0 0 0 
306 50 143 0 0 43 410 2 0 0 0 0 
0 0 0 0 0 1522 0 0 0 0 0 2 
0 29 1 3 0 0 73 298 313 0 9 0 
0 0 0 0 0 0 0 0 0 0 618 0 
185 0 0 0 18 1487 1 0 0 0 0 0 
0 0 36 18 73 0 68 0 0 335 0 221 
820 0 14 5 0 0 37 0 253 71 0 0 
0 0 0 0 579 0 0 0 0 0 0 0 
0 0 0 9 0 0 0 0 0 0 477 0 
0 0 0 2 4 60 84 0 210 4 0 6 
0 0 0 19 0 20 0 0 76 0 241 288 
0 0 0 0 0 0 0 0 0 0 343 0 
0 0 0 0 0 0 101 240 1116 0 0 0 
0 0 1 24 0 870 0 20 0 0 0 1 
1 0 0 3 0 0 101 15 0 56 320 0 
0 0 0 0 0 0 0 0 0 1955 0 0 
0 0 443 0 119 0 50 0 0 4 1566 384 
0 0 0 0 0 0 0 0 0 0 469 0 
0 0 0 0 0 155 338 0 0 0 0 0 
0 0 0 0 0 669 0 0 0 0 0 0 
0 2 0 178 913 1379 0 0 0 0 0 5 
0 37 0 0 0 0 0 0 0 0 0 2250 
0 0 0 0 0 0 0 0 0 0 1919 0 
0 0 49 0 9 0 2 0 0 0 831 0 
0 0 0 0 0 0 0 0 0 584 0 0 
0 0 0 0 0 0 0 0 617 0 0 0 
0 0 0 0 0 1317 0 0 0 0 0 0 
3 0 472 478 2 0 0 102 0 0 0 129 
0 0 0 0 0 395 0 0 0 0 0 0 
521 0 0 0 36 141 7 11 0 0 0 18 
0 0 0 0 0 1677 0 0 0 0 0 0 
0 1249 0 94 81 249 0 96 30 282 697 2 
255 21 0 499 0 1467 0 14 7 0 646 0 
0 0 1355 0 0 0 0 0 0 0 0 40 
0 0 0 0 0 0 0 0 0 0 2007 0 
0 0 0 0 0 0 0 0 0 0 1068 0 
0 0 0 0 0 0 0 0 0 0 1503 0 
0 0 0 0 4 415 123 0 0 5 0 0 
76 0 0 45 0 0 0 347 0 0 53 0 
0 0 0 0 0 1624 0 0 0 0 0 0 
71 42 0 0 0 0 194 0 0 22 0 0 
0 0 0 0 0 0 0 0 0 0 562 0 
0 639 399 0 27 0 0 0 0 0 18 0 
0 0 0 0 0 0 0 0 0 0 939 0 
0 0 0 0 0 0 0 0 0 877 0 0 
0 0 0 0 1397 0 0 0 0 0 0 0 
0 1 273 0 732 0 16 0 0 3 21 2 
45 0 0 0 0 0 101 8 0 0 0 181 
0 0 0 0 1643 0 0 0 0 0 0 0 
0 0 0 0 1370 0 0 0 0 0 0 0 
0 2 5 0 1354 0 0 0 0 0 0 41 
1 128 359 0 2166 25 10 2 0 1 0 0 
0 0 0 0 0 0 0 0 0 473 0 0 
0 22 10 0 0 4 34 8 0 0 1323 4 
0 0 0 0 0 0 0 10 0 1269 0 0 
0 0 0 0 0 0 0 344 10 427 43 0 
7 13 0 1 0 561 4 0 0 0 42 7 
0 232 0 0 0 0 0 0 0 0 6 0 
0 0 0 0 5 0 366 0 0 0 0 0 
3 0 16 0 1388 0 0 0 0 0 0 1 
0 0 0 0 0 1221 0 0 0 0 0 0 
0 0 0 0 1182 0 0 0 0 0 0 0 
0 181 25 0 2 1 64 0 869 0 0 128 
0 0 0 0 1907 0 0 0 0 0 1 0 
0 0 11 38 27 142 0 525 0 0 5 0 
247 0 0 0 1 0 0 0 40 5 2 0 
0 34 3 446 190 0 0 12 80 0 0 18 
