10 0 0 2922 154 0 0 0 0 0 3 0 
0 2 0 0 0 1297 0 0 0 0 0 0 
0 0 1 0 75 442 31 0 197 0 0 14 
0 0 7 22 4 419 1706 0 1 0 0 29 
0 0 28 227 35 1 58 0 0 1 83 0 
0 0 0 0 0 0 0 0 0 193 4364 0 
0 470 564 481 0 0 0 0 0 8 0 21 
0 0 0 0 0 0 0 0 0 0 3906 0 
1 0 0 0 0 348 0 45 0 0 0 47 
0 0 0 0 0 0 0 0 0 1306 0 0 
0 0 0 0 0 0 0 0 0 0 960 0 
5 130 10 0 0 0 0 655 0 181 0 281 
0 0 0 0 0 0 0 0 0 0 0 438 
3 24 5 0 578 581 0 4 0 23 1705 0 
0 0 0 0 0 0 0 0 0 0 1797 0 
0 1 14 0 0 0 0 0 0 5120 203 0 
0 0 843 0 4 3 0 0 0 5 1 0 
0 1681 816 1 0 9 0 0 0 0 0 3 
0 0 0 0 0 1328 0 0 0 0 0 0 
0 0 0 0 731 0 0 0 0 0 0 0 
0 0 0 0 0 2939 0 0 0 0 0 0 
0 0 0 0 1699 0 0 0 0 0 0 0 
0 9 5 90 2759 93 0 0 0 1 0 4 
16 0 0 332 2042 0 0 0 0 0 0 0 
0 0 0 0 0 1751 0 0 0 0 0 0 
0 0 81 0 360 0 1 0 0 0 1 0 
0 0 0 0 0 0 0 0 0 0 873 0 
0 0 0 134 0 0 0 0 253 813 2 51 
0 0 0 0 1325 0 0 0 0 0 0 0 
0 0 0 0 0 1160 0 0 227 1 933 0 
0 1 0 0 0 0 0 0 0 803 0 0 
0 0 0 0 0 0 0 0 0 0 676 0 
0 0 0 0 0 0 0 0 0 0 1290 0 
0 0 0 0 0 0 0 0 0 0 2516 0 
9 1340 0 17 0 29 1 1267 0 19 0 0 
0 0 0 0 0 0 440 0 0 0 0 0 
0 0 0 0 0 0 1353 0 0 0 0 0 
1 0 0 0 0 0 0 2 0 0 2531 0 
0 0 0 0 0 0 0 0 322 0 0 0 
12 0 0 1 0 0 0 560 25 0 1 25 
0 0 1 75 1611 2099 0 0 0 0 1 0 
0 0 2 2 524 0 230 0 0 116 0 2 
0 17 0 500 2006 0 0 0 0 0 0 0 
2 0 0 0 0 2818 0 0 0 0 0 0 
0 0 0 0 0 0 0 0 0 1862 0 0 
0 0 0 0 0 0 0 0 0 0 292 0 
0 0 0 0 0 0 0 1 0 0 0 1359 
0 0 0 0 0 255 0 1 0 0 0 9 
0 0 59 0 0 0 2 916 0 0 0 146 
0 0 0 5 0 3802 0 0 0 0 0 0 
0 0 0 0 0 1554 1 0 0 0 0 0 
0 0 0 0 0 2346 0 0 0 0 0 0 
0 0 0 0 0 0 0 460 0 0 0 0 
0 0 0 0 327 0 0 1 0 0 0 0 
0 0 0 0 0 194 0 0 0 0 0 0 
0 12 9 0 842 0 0 0 0 0 88 0 
0 0 0 0 0 697 0 0 0 0 0 0 
0 353 0 0 0 0 0 0 0 0 0 0 
2370 35 0 18 0 0 0 175 48 0 128 0 
0 0 0 0 0 2226 0 1 0 0 4 0 
0 0 0 0 0 646 0 0 0 0 0 0 
0 0 0 1 0 0 0 0 0 0 823 0 
0 0 0 11 2422 1033 0 0 49 1 0 0 
1 2 5 0 0 1 0 0 0 666 0 2 
0 0 0 0 0 0 0 0 0 2169 0 0 
1 0 0 1530 5 0 0 0 0 0 0 0 
0 0 0 0 0 0 0 0 0 0 1074 0 
0 0 139 104 634 906 0 0 14 0 1 163 
0 0 32 26 0 0 513 0 0 24 0 241 
0 0 0 0 941 0 0 0 0 0 0 0 
0 0 0 0 0 0 0 520 7 0 0 0 
1 3 0 0 0 10 0 0 15 472 35 0 
0 0 0 0 411 0 0 0 0 0 0 0 
0 0 1 0 0 1 0 0 0 1063 0 5 
0 202 0 0 0 1 0 0 399 1 0 1 
0 0 0 0 0 445 0 0 0 0 0 0 
0 0 0 203 0 0 0 0 0 0 0 0 
0 0 0 0 1297 0 0 0 0 0 0 0 
0 0 0 0 0 0 0 0 0 0 357 0 
0 0 1 0 0 0 0 0 0 1134 0 0 
0 1 0 0 0 0 0 0 180 290 0 0 
0 0 0 0 0 824 0 0 0 0 0 0 
2 0 0 0 0 928 0 0 0 0 0 0 
0 0 0 0 1007 0 0 0 0 0 0 0 
0 0 0 0 1228 0 0 0 0 0 0 0 
413 0 0 0 0 0 0 0 0 0 0 10 
0 613 0 1454 476 293 0 451 21 0 0 1 
0 0 0 0 2660 0 1 0 0 0 0 0 
846 53 0 0 0 0 0 0 0 0 50 0 
0 0 0 0 0 1704 0 0 0 0 0 0 
0 54 1 0 55 0 0 36 575 6 0 4 
1 0 0 0 0 0 0 2 0 0 616 0 
186 0 0 0 0 1487 0 0 7 0 0 5 
1 0 0 0 0 0 0 0 0 1317 0 0 
501 0 3 0 0 0 1 0 583 74 0 0 
0 0 0 0 291 0 0 0 0 0 0 0 
0 0 0 0 0 1 0 0 0 0 511 0 
18 0 0 0 0 0 0 1 132 0 0 220 
0 250 1 3 0 0 0 0 0 178 202 0 
0 0 0 0 0 0 117 225 1116 0 0 0 
15 633 0 0 0 0 8 44 5 6 17 0 
0 0 0 3 0 0 6 0 1 0 0 487 
0 0 0 0 0 0 0 0 0 1954 0 0 
0 0 0 0 0 0 0 0 0 0 469 0 
0 0 0 0 0 141 352 0 0 0 0 0 
0 0 0 0 0 1597 0 0 0 0 0 0 
0 0 0 0 965 1473 0 24 4 1 0 0 
1 28 0 0 0 0 0 1 0 0 0 2159 
0 0 0 0 0 0 0 0 0 0 1918 0 
0 0 64 0 3 0 5 3 0 0 821 0 
0 0 0 0 0 0 0 0 0 591 0 0 
2 0 0 0 0 44 0 0 562 0 1 1 
0 0 0 0 0 1313 0 0 0 0 0 0 
72 0 6 179 3 0 6 0 922 0 0 0 
0 0 0 0 0 389 0 0 0 0 0 0 
127 0 0 49 1 0 6 320 0 0 0 228 
0 0 0 0 0 1676 0 0 0 0 0 0 
1 817 0 23 0 433 3 1 0 0 1458 0 
61 0 0 1690 34 412 0 0 0 0 663 0 
0 0 1373 1 1 1 0 0 0 0 1 63 
0 0 0 0 0 1 0 0 0 0 2013 0 
0 0 0 0 0 0 0 0 0 0 1068 0 
0 0 0 0 0 0 0 0 0 0 1503 0 
0 4 0 0 0 366 172 4 0 1 0 0 
360 0 0 0 59 0 0 42 0 19 1 0 
0 0 0 0 0 1619 0 0 0 0 0 0 
4 0 3 10 0 5 0 0 307 0 0 0 
0 0 0 0 0 0 0 0 0 0 1067 0 
0 0 572 0 0 0 0 0 405 5 99 0 
0 0 0 0 0 0 0 0 0 0 937 0 
0 0 0 0 0 0 0 0 0 877 0 0 
0 0 0 0 1500 0 0 0 0 0 0 0 
0 0 0 0 985 0 0 49 0 0 0 0 
9 0 0 1 0 0 0 87 8 0 0 229 
0 0 1 0 1642 0 0 0 0 0 0 0 
0 0 0 0 1371 0 0 0 0 0 0 0 
0 2 0 0 1335 0 0 0 0 0 0 5 
0 206 544 0 1904 0 0 0 9 1 0 0 
0 0 0 0 0 0 0 0 1 472 0 0 
321 15 0 0 0 0 0 0 0 0 969 69 
0 0 0 0 0 0 0 19 0 792 1 0 
183 15 0 19 0 0 0 25 15 568 0 0 
0 407 1 115 0 123 1 0 11 6 0 0 
0 281 0 0 0 0 0 0 0 0 0 0 
0 0 0 0 0 0 369 0 0 0 0 0 
0 1 0 0 1407 8 0 0 0 0 0 0 
0 0 0 0 0 1202 0 0 0 0 0 0 
0 0 0 0 1180 0 0 0 0 0 0 0 
224 59 0 0 0 1 26 0 824 0 0 140 
0 0 0 0 1446 0 0 1 0 0 0 0 
0 0 0 1 0 1036 0 0 0 0 0 0 
417 1 0 0 0 1 0 0 0 2 0 0 
0 0 0 602 21 156 0 5 0 0 0 7 
0 0 0 0 828 0 0 0 0 0 0 0 
0 0 0 0 919 0 0 0 0 0 0 0 
0 0 0 0 0 0 0 0 0 469 0 0 
0 0 0 0 0 0 450 0 0 0 0 0 
1 3 4 0 325 0 0 0 0 157 0 22 
0 0 0 0 0 0 0 0 0 0 1910 0 
2 2 4 0 0 0 29 3814 0 0 0 29 
