1 0 0 0 2897 0 0 8 115 0 64 0 
0 3 0 0 0 0 509 0 0 647 192 0 
0 0 0 0 0 0 0 0 0 0 761 0 
0 0 0 0 0 2081 93 0 0 0 0 0 
0 0 0 0 0 0 0 0 0 0 433 0 
0 0 0 0 0 4506 0 0 1 0 47 0 
0 1 48 324 1163 0 0 0 0 0 0 2 
0 0 0 0 0 3903 0 0 0 0 0 2 
0 0 0 0 0 441 0 0 0 0 0 0 
0 0 0 0 0 1270 0 0 0 0 0 0 
1 0 1 0 0 965 0 0 0 0 0 0 
0 9 0 1 0 233 507 511 0 2 0 0 
0 0 0 0 436 0 0 0 0 0 2 0 
0 5 0 0 1399 1497 12 0 4 0 0 0 
0 120 0 60 0 206 21 14 9 1357 5 0 
0 0 0 0 0 4418 854 0 0 92 0 0 
1 0 0 0 0 0 0 0 0 0 0 854 
331 2166 0 0 0 0 0 4 0 1 2 7 
0 0 0 0 0 0 0 0 0 0 1324 0 
0 0 0 0 0 0 0 0 0 0 729 0 
0 0 0 0 0 3 0 0 0 0 2947 0 
6 2 0 1 6 14 0 4 0 0 0 1662 
0 0 0 0 0 0 0 0 0 0 2970 0 
0 0 0 157 0 0 0 0 0 0 1857 395 
0 0 0 0 0 0 0 0 0 1755 0 0 
0 0 0 0 0 0 0 0 0 445 0 0 
0 0 0 0 0 872 0 0 0 0 0 0 
0 850 352 17 0 0 0 0 6 0 4 24 
0 0 0 0 0 0 0 0 0 0 1325 0 
0 0 0 0 0 2317 0 0 0 0 0 0 
0 0 0 0 0 807 0 0 0 0 0 0 
0 0 0 0 0 675 0 1 0 0 0 0 
0 0 0 0 1290 0 0 0 0 0 0 0 
0 0 0 0 0 2514 0 0 0 0 0 0 
0 0 0 0 839 1838 0 0 0 0 0 0 
440 0 0 0 0 0 0 0 0 0 0 0 
0 0 0 0 6 14 0 0 0 21 1311 0 
0 2481 1 0 0 0 0 0 0 1 53 0 
0 0 0 0 0 0 0 0 0 0 322 0 
0 0 0 0 0 0 0 624 0 0 0 0 
0 0 5 0 0 0 3 1 0 0 3799 0 
0 0 0 0 0 0 0 0 0 0 883 0 
0 78 717 1432 293 0 2 0 0 2 0 1 
0 0 0 0 0 0 0 0 0 0 2765 0 
0 2 2 1 1768 0 7 0 21 13 0 48 
0 0 0 0 292 0 0 0 0 0 0 0 
0 0 0 0 1366 0 0 0 0 0 0 0 
0 0 0 0 0 0 265 0 0 0 0 0 
0 0 0 0 0 0 0 0 0 1124 0 0 
0 12 0 0 0 765 0 0 14 0 3036 0 
0 0 0 0 0 0 0 0 1 1553 0 0 
0 0 0 0 0 0 0 1 0 0 2345 0 
0 0 0 0 0 0 0 0 0 460 0 0 
0 0 0 0 0 0 0 1 0 0 0 327 
0 0 0 0 0 65 1 0 124 0 0 4 
15 0 0 0 0 1 0 0 0 0 944 0 
0 0 0 0 0 0 0 0 0 0 697 0 
0 0 0 0 0 0 0 355 0 0 0 0 
0 21 0 0 0 0 0 441 2299 0 13 0 
0 0 0 0 0 0 0 0 0 1 2215 0 
0 0 0 0 0 0 0 0 0 0 646 0 
0 1 0 541 0 0 66 1 0 1 152 62 
0 0 0 1 0 0 0 31 15 0 3431 1 
0 448 0 7 1 0 76 47 63 34 0 0 
0 0 0 0 0 2176 0 0 0 0 0 0 
0 0 0 0 0 0 0 0 0 0 0 1541 
0 0 0 0 1075 0 0 0 0 0 0 0 
0 0 0 0 0 0 0 0 0 0 1973 0 
0 0 0 0 0 836 0 0 0 0 0 0 
0 0 0 0 0 0 0 0 0 0 939 0 
0 0 3 1 0 0 0 0 0 522 1 0 
0 0 0 0 1 0 0 0 0 534 0 0 
10 17 0 0 5 1 195 0 24 0 2 157 
0 133 337 91 0 0 0 0 0 1 351 160 
0 0 0 0 0 1 0 0 1 0 599 0 
14 2 0 0 0 230 0 0 20 0 174 0 
0 0 0 0 1 49 96 0 14 4 39 0 
0 0 0 0 0 0 0 0 0 0 1294 0 
0 0 0 3 1 0 0 0 0 0 353 0 
0 0 0 0 0 1130 0 0 0 0 0 0 
0 0 0 0 1 0 0 1 469 0 0 0 
0 0 0 0 0 0 0 0 0 0 824 0 
236 49 2 0 182 21 0 0 0 0 0 442 
295 0 0 27 0 0 217 128 0 322 0 20 
0 0 0 0 0 0 0 0 0 0 1228 0 
21 0 0 0 0 0 0 0 0 0 0 402 
0 0 0 0 0 0 0 0 0 0 3302 0 
0 0 0 0 0 0 0 0 0 0 0 2643 
0 0 0 0 951 0 0 0 0 0 1 0 
0 0 0 0 0 0 0 0 0 0 1700 0 
396 0 0 0 35 18 0 0 1 117 163 0 
1 0 0 0 0 617 0 0 0 1 0 0 
1606 14 0 0 0 1 0 60 0 0 0 0 
0 0 0 0 0 1317 0 0 0 0 0 0 
0 0 0 0 0 0 0 0 0 0 1168 0 
0 0 0 0 0 0 0 0 0 0 291 0 
0 0 0 0 509 0 1 0 1 0 0 0 
0 0 0 0 0 0 0 0 0 0 432 0 
0 0 0 0 0 634 0 0 0 0 0 0 
0 0 0 0 0 120 1168 146 17 0 0 0 
0 0 0 0 0 0 0 0 0 0 730 0 
0 1 0 0 3 495 0 0 0 0 0 0 
0 22 0 1068 35 28 0 158 643 0 1 0 
0 309 11 4 136 0 0 0 0 9 0 0 
0 0 0 0 0 0 433 0 0 0 0 0 
0 0 0 0 0 0 0 1 0 0 1601 0 
0 0 0 0 0 0 0 0 0 0 2498 0 
1 187 516 1 1485 0 0 0 0 0 0 0 
142 0 0 0 0 328 1329 0 59 16 0 44 
0 0 890 0 1 0 1 1 0 0 1 0 
21 0 57 0 0 4 0 41 174 0 294 0 
0 0 0 0 0 0 0 0 602 0 0 9 
0 0 0 0 0 0 0 0 0 0 1317 0 
0 0 0 0 0 0 0 0 0 1 1187 0 
0 0 0 0 0 0 0 0 0 0 395 0 
0 0 0 0 0 734 0 0 0 0 0 0 
0 0 0 0 0 0 0 0 0 0 1681 0 
0 18 0 0 0 0 1940 9 3 0 22 749 
0 0 0 0 0 0 0 0 0 0 2862 0 
0 0 0 0 0 0 0 0 0 0 0 1442 
0 0 0 0 0 2017 0 0 0 0 0 0 
0 0 0 0 0 1068 0 0 0 0 0 0 
0 0 0 0 0 1503 0 0 0 0 0 0 
0 0 0 0 0 563 0 0 0 0 0 0 
0 0 0 0 0 0 0 0 0 0 0 480 
0 0 1 0 620 1000 3 1 0 0 0 0 
0 0 0 0 0 0 0 0 322 0 7 0 
0 0 0 0 0 1057 0 0 8 0 0 0 
0 340 0 0 83 0 0 132 0 497 3 25 
0 0 0 0 0 0 0 16 6 0 903 13 
0 0 0 1 0 876 0 0 0 0 0 0 
0 0 0 0 0 0 0 0 0 0 1508 0 
0 667 0 2 303 0 0 0 8 51 0 0 
1 0 0 125 2 72 0 17 117 0 0 0 
0 0 0 0 0 0 0 0 0 0 1643 0 
0 0 0 0 0 0 0 0 0 0 1371 0 
0 0 0 0 0 0 0 0 0 0 1341 0 
0 2577 0 0 49 1 0 0 7 0 16 0 
0 0 0 0 0 473 0 0 0 0 0 0 
0 0 0 0 0 0 0 0 0 0 1374 0 
0 0 0 0 0 0 0 807 0 0 2 2 
0 12 0 0 731 4 0 0 0 1 77 0 
0 0 0 0 0 0 0 0 0 0 664 0 
0 0 0 0 0 0 0 0 0 0 0 281 
0 0 0 0 0 0 17 0 171 181 2 0 
0 0 0 0 0 0 0 0 0 0 1406 0 
86 770 0 0 5 0 0 0 0 44 0 300 
0 0 0 0 0 0 0 0 0 0 1182 0 
0 0 0 0 0 0 0 0 0 0 1210 0 
0 0 0 0 0 0 0 0 0 0 1446 0 
0 0 0 0 0 0 0 0 0 1037 0 0 
399 0 0 0 0 0 0 0 0 0 2 20 
0 0 0 0 0 0 0 0 0 0 0 789 
0 0 0 0 0 0 0 0 0 0 830 0 
0 0 2 0 0 0 0 358 0 0 0 559 
0 0 0 0 0 0 0 469 0 0 0 0 
0 11 0 0 0 45 0 0 1 107 285 0 
0 0 0 0 0 0 0 0 0 0 512 0 
0 99 400 0 0 249 0 1078 0 0 0 84 
0 11 0 0 4 3237 49 591 0 0 0 0 
