228 234 257 356 252 315 252 257 195 225 336 222 
161 150 172 165 148 299 157 160 153 142 159 157 
117 114 115 123 112 125 110 121 100 133 114 118 
85 76 84 71 69 57 81 72 83 84 86 84 
193 219 190 173 183 188 198 211 193 169 177 170 
320 306 277 321 293 289 285 307 303 281 304 294 
612 570 588 617 596 576 540 580 665 603 671 581 
103 130 153 146 76 78 85 97 88 102 134 83 
0 0 0 0 0 0 0 0 0 0 1704 0 
80 84 65 73 83 126 96 72 96 85 81 63 
0 0 0 0 0 0 0 0 0 1225 0 0 
0 0 0 0 0 0 0 0 0 0 1566 0 
363 369 396 379 366 375 415 498 368 413 370 404 
442 409 430 445 438 418 434 362 404 418 386 387 
174 210 185 190 200 195 222 203 175 222 226 958 
274 296 287 288 298 293 290 293 284 265 350 274 
31 40 33 34 35 39 38 34 33 33 1582 42 
573 619 569 610 624 569 656 577 588 965 601 602 
10 14 10 7 14 5 11 9 10 557 10 13 
499 140 367 151 167 176 173 153 173 171 165 203 
190 513 354 235 176 195 155 167 175 183 174 188 
0 0 0 0 0 1339 0 0 0 0 0 0 
0 0 0 0 736 0 0 0 0 0 0 0 
0 0 0 0 0 2282 0 0 0 0 0 0 
1 0 3 1 1757 1 1 0 1 2 2 0 
321 351 366 314 337 316 352 305 360 337 356 365 
210 200 158 197 215 213 191 192 201 168 174 229 
0 0 0 0 0 937 0 0 0 0 0 0 
37 55 50 46 40 37 45 40 53 42 52 46 
1 1 0 0 0 0 0 0 0 0 2721 0 
202 202 182 180 180 162 175 185 192 159 193 155 
475 508 463 437 503 496 512 490 499 485 430 442 
238 238 239 227 251 240 217 243 223 250 252 225 
0 0 0 0 0 0 0 0 0 290 0 0 
0 0 0 0 0 0 0 0 0 0 455 0 
0 0 0 0 0 0 0 0 0 0 1290 0 
0 0 0 0 0 0 0 0 0 0 1977 0 
218 190 223 242 198 216 222 209 228 186 231 227 
0 0 0 0 0 0 440 0 0 0 0 0 
132 104 102 120 102 92 757 102 121 104 119 98 
158 149 148 149 144 153 136 145 129 153 713 151 
0 0 0 0 0 0 0 0 322 0 0 0 
51 48 43 38 51 54 64 75 51 66 45 42 
478 451 453 442 552 546 478 474 500 485 503 450 
205 168 159 200 214 188 186 197 165 213 180 192 
101 127 110 369 1181 87 116 95 102 100 96 97 
294 273 318 295 319 312 336 363 319 286 309 310 
0 0 0 0 0 0 0 0 0 2343 0 0 
0 0 0 0 0 0 0 0 0 0 292 0 
0 0 0 0 0 0 0 0 0 0 0 974 
15 25 15 19 20 17 18 20 16 23 23 24 
0 0 0 0 694 0 0 0 0 0 0 0 
185 151 175 170 158 149 167 163 155 145 156 152 
427 417 465 454 435 1113 477 400 425 422 413 436 
0 0 0 0 0 565 0 0 0 0 0 0 
0 0 0 0 0 2006 0 0 0 0 0 0 
285 296 265 287 291 290 276 386 276 260 279 252 
0 0 0 0 0 0 0 0 0 0 461 0 
0 0 0 0 1409 0 0 0 0 0 0 0 
0 0 0 0 206 0 0 0 0 0 0 0 
0 0 0 0 0 2828 0 0 0 0 0 0 
71 56 77 73 108 72 73 75 68 78 94 74 
0 0 0 0 0 697 0 0 0 0 0 0 
0 417 0 0 0 0 0 0 0 0 0 0 
386 261 247 240 209 222 233 205 223 266 210 227 
0 0 0 0 0 0 0 0 0 294 0 0 
262 227 243 268 222 303 231 232 246 250 238 251 
0 0 0 0 0 831 0 0 0 0 0 0 
2 2 0 3 1 1 0 1 1 1 822 0 
120 110 102 100 113 117 251 113 113 108 120 116 
388 365 377 349 440 391 315 361 377 373 394 370 
54 49 44 51 47 54 60 58 35 59 46 51 
0 0 0 0 0 0 0 0 0 1223 0 0 
78 84 76 138 107 77 65 81 86 61 69 70 
0 0 0 0 0 0 0 0 0 0 720 0 
0 0 0 0 0 0 0 0 0 0 255 0 
126 117 118 96 100 118 111 114 102 109 122 120 
200 200 215 204 194 209 202 211 202 206 179 209 
64 84 109 101 93 92 105 84 90 78 87 83 
0 0 0 0 768 0 0 0 0 0 0 0 
66 63 79 76 59 70 73 116 66 77 62 58 
48 46 50 45 36 44 34 50 63 56 42 49 
0 0 0 329 0 0 0 0 0 0 0 0 
107 115 104 114 93 98 110 99 74 109 125 95 
0 0 0 0 411 0 0 0 0 0 0 0 
167 221 172 186 216 208 228 184 191 185 191 209 
75 79 77 103 75 75 77 74 98 163 84 75 
4 2 3 5 2 2 5 278 0 2 2 3 
60 62 69 70 60 74 71 59 68 61 58 65 
15 13 12 13 13 284 16 2 13 9 22 18 
0 0 140 0 0 0 0 0 0 0 0 0 
0 0 0 203 0 0 0 0 0 0 0 0 
0 0 0 0 0 0 0 0 0 0 574 0 
0 0 0 0 2343 0 0 0 0 0 0 0 
56 58 44 46 62 63 61 54 46 68 65 63 
0 0 0 0 0 0 0 0 0 0 528 0 
0 0 0 0 0 0 0 0 0 987 0 0 
41 23 25 38 42 33 39 35 119 162 42 33 
0 0 0 0 0 0 0 0 0 0 0 276 
0 0 0 0 0 824 0 0 0 0 0 0 
40 48 42 57 35 44 39 45 48 53 49 43 
0 0 0 0 0 733 0 0 0 0 0 0 
0 0 0 0 675 0 0 0 0 0 0 0 
0 0 0 0 1001 0 0 0 0 0 0 0 
0 0 0 0 3147 0 0 0 0 0 0 0 
64 23 26 14 12 24 27 19 33 26 17 20 
201 192 188 202 187 224 189 222 207 213 217 216 
26 26 23 32 27 20 28 28 23 17 28 26 
235 254 286 241 266 247 221 248 247 273 283 240 
91 97 107 84 73 78 96 98 86 112 85 96 
0 0 0 0 0 554 0 0 0 0 0 0 
96 107 102 99 96 92 87 88 91 90 80 103 
0 0 0 0 0 0 0 0 0 0 1809 0 
44 57 63 42 51 33 60 38 49 43 61 41 
41 30 34 46 38 33 32 40 37 37 40 39 
43 36 34 43 41 32 24 46 44 46 116 43 
114 94 116 89 97 127 105 122 116 113 104 92 
57 68 74 84 59 70 80 66 80 71 63 64 
121 114 105 119 142 141 137 139 114 143 141 119 
0 0 0 0 0 0 0 0 0 786 0 0 
32 34 25 21 32 28 40 33 35 41 39 25 
0 0 0 0 1968 0 0 0 0 0 0 0 
34 35 40 41 37 31 47 33 37 47 190 40 
0 0 0 0 0 0 0 0 0 1471 0 0 
30 28 24 41 22 30 30 23 29 30 37 28 
42 57 70 65 51 48 57 48 53 48 58 49 
0 0 0 0 0 0 0 0 0 0 2073 0 
0 0 0 0 0 0 0 0 0 0 607 0 
0 0 0 0 0 1223 0 0 0 0 0 0 
96 68 83 99 86 124 142 136 364 83 89 93 
0 0 0 0 0 0 0 0 0 0 573 0 
86 68 77 69 79 101 87 76 80 87 78 74 
35 28 41 36 30 25 36 27 31 34 38 39 
0 0 0 0 290 0 0 0 0 0 0 0 
