0 0 0 3052 46 0 0 0 0 0 0 0 
0 0 0 0 0 1292 0 0 0 0 0 0 
2 2 0 1 21 708 24 2 1 0 0 0 
0 43 1 61 0 196 1730 0 0 0 0 0 
0 2 37 249 23 0 0 22 49 25 16 10 
0 0 0 0 0 0 0 0 0 168 4378 0 
0 351 776 410 0 0 2 0 1 0 0 5 
0 0 0 0 0 0 0 0 0 0 3902 0 
0 2 165 0 0 268 0 0 5 0 0 0 
0 0 0 0 0 0 0 0 0 1306 0 0 
0 0 0 0 0 0 0 0 0 0 984 0 
0 0 0 9 73 0 0 1040 0 138 0 2 
0 0 1 0 0 0 0 0 0 0 0 381 
0 0 0 11 503 878 0 0 1 0 1516 13 
0 0 0 0 0 0 0 0 0 0 1791 0 
0 0 0 0 0 2 0 0 0 5180 142 0 
0 0 865 0 0 0 0 0 0 0 0 0 
0 1680 835 4 0 0 1 0 0 0 1 0 
0 0 0 0 0 1294 0 0 0 1 0 0 
0 0 0 0 731 0 0 0 0 0 0 0 
6 1 0 0 0 2933 0 0 0 0 0 0 
0 1 0 0 1696 0 0 0 0 0 0 0 
0 0 18 3 1881 1054 0 10 4 0 0 0 
0 0 10 756 1638 0 5 0 0 3 0 0 
0 0 0 0 0 1752 0 0 0 0 0 0 
0 0 0 0 442 0 0 0 0 0 0 0 
0 0 0 0 0 0 0 0 0 0 871 0 
16 65 0 0 3 2 0 0 0 1166 0 0 
0 0 0 0 1325 0 0 0 0 0 0 0 
0 2 0 0 0 1158 30 30 259 0 825 12 
0 0 0 0 0 0 0 0 0 806 0 0 
0 0 0 0 0 0 0 0 0 0 676 0 
0 0 0 0 0 0 0 0 0 0 1290 0 
0 0 0 0 0 0 0 0 0 0 2518 0 
0 935 7 0 0 1 0 1716 0 15 0 0 
0 0 0 0 0 0 440 0 0 0 0 0 
0 0 0 0 0 0 1159 0 0 0 0 0 
0 0 0 1 0 0 2 0 0 0 2537 0 
0 0 0 0 0 0 0 0 322 0 0 0 
0 0 0 0 0 0 0 619 0 0 5 0 
0 0 35 0 1597 2154 0 2 5 0 4 0 
0 0 0 39 453 0 0 0 0 380 0 0 
0 11 0 484 2027 0 0 0 0 0 0 0 
0 0 0 1 0 2757 9 0 0 4 0 0 
0 0 0 0 0 0 0 0 0 1862 0 0 
0 0 0 0 0 0 0 0 0 0 292 0 
0 0 0 0 0 0 0 0 0 0 0 1354 
1 0 0 0 0 260 0 0 0 1 0 3 
0 0 10 55 15 2 0 956 0 0 0 86 
0 0 0 0 1 3845 0 0 0 0 0 0 
1 0 0 0 0 1554 0 0 0 0 0 0 
0 0 0 0 1 2620 0 0 0 0 0 0 
0 0 0 1 0 0 0 459 0 0 0 0 
0 0 0 0 328 0 0 0 0 0 0 0 
0 0 0 0 0 194 0 0 0 0 0 0 
0 0 0 0 811 0 0 0 14 8 129 0 
0 0 0 0 0 697 0 0 0 0 0 0 
0 353 0 0 0 0 0 0 0 0 0 0 
2415 9 0 0 0 0 0 172 23 0 155 0 
0 0 0 0 0 0 0 2 0 564 0 0 
30 4 0 1 0 2144 0 14 0 0 6 3 
0 0 0 0 0 647 0 0 0 0 0 0 
0 0 0 0 0 0 0 0 0 0 824 0 
0 11 5 0 2044 1407 0 0 1 5 1 0 
0 1 0 0 0 0 1 0 0 666 6 3 
0 0 1 0 0 0 1 0 0 2175 1 0 
0 1 0 1538 3 1 0 0 0 0 0 0 
0 0 0 0 0 0 0 0 0 0 1074 0 
0 0 0 0 87 1794 16 0 9 0 0 87 
2 269 0 4 0 0 642 4 25 56 0 0 
0 0 0 0 942 0 0 0 0 0 0 0 
0 0 0 0 7 1 3 515 0 0 1 0 
0 0 0 2 0 5 1 9 0 519 0 0 
0 0 0 0 411 0 0 0 0 0 0 0 
1 0 0 3 0 0 0 0 4 1063 0 0 
0 57 40 432 12 0 0 0 1 49 13 0 
0 0 0 0 0 438 0 0 0 1 0 0 
0 0 0 203 0 0 0 0 0 0 0 0 
0 0 0 0 1290 0 0 0 0 0 0 0 
0 0 0 0 0 0 0 0 0 0 357 0 
0 0 0 0 0 0 0 0 0 1141 0 0 
0 0 0 0 2 0 0 0 197 272 0 0 
0 0 0 0 0 824 0 0 0 0 0 0 
0 0 0 0 0 928 0 0 1 0 0 0 
0 0 0 0 1006 0 0 0 0 0 0 0 
0 0 0 0 1229 0 0 0 0 0 0 0 
411 0 0 0 0 0 0 0 0 0 0 12 
0 421 0 2538 35 112 1 126 0 62 0 0 
0 0 0 0 2633 0 0 0 0 0 0 0 
803 33 37 2 0 4 0 0 19 0 56 0 
2 0 0 0 0 1668 1 0 0 0 0 0 
0 141 10 0 58 0 0 259 255 0 5 0 
0 0 0 0 0 0 0 0 0 16 603 0 
143 0 0 0 0 1514 0 0 23 0 3 11 
0 48 67 0 0 0 0 0 10 626 2 0 
193 0 0 387 0 0 42 0 133 415 0 0 
0 0 0 0 291 0 0 0 0 0 0 0 
1 1 0 0 0 0 0 0 0 0 505 0 
0 0 0 0 0 0 0 54 0 0 0 317 
0 49 0 64 0 30 0 0 25 331 133 3 
0 0 0 0 0 2 120 216 1121 0 0 0 
0 424 0 20 1 0 14 267 0 0 0 0 
18 0 24 0 111 25 140 3 3 0 23 149 
0 0 0 0 0 0 0 0 0 1952 0 0 
0 0 0 0 0 0 0 0 2 0 467 0 
1 0 0 0 1 148 343 0 0 0 0 0 
0 0 0 0 0 1324 0 0 0 0 0 0 
27 0 4 0 1367 1115 0 0 0 0 0 0 
0 37 0 0 0 0 0 0 0 0 0 2214 
0 0 0 0 0 0 0 0 0 0 1918 0 
0 0 54 0 9 0 10 0 0 1 818 0 
0 0 1 0 0 0 0 0 0 592 0 0 
6 1 0 0 0 0 0 0 596 10 0 0 
0 0 0 0 0 1316 0 0 0 0 0 0 
126 0 273 465 0 0 11 2 264 32 0 15 
0 0 0 0 0 389 0 0 0 0 0 0 
416 0 0 0 0 1 0 197 0 0 0 116 
0 0 0 0 0 1675 0 0 0 0 0 0 
0 582 0 2 0 364 0 12 0 0 1772 3 
418 1 6 972 28 267 9 0 0 0 1189 0 
0 10 1383 0 0 0 0 0 0 0 0 30 
0 0 0 0 0 0 0 0 0 0 2009 0 
0 0 0 0 0 0 0 0 0 0 1068 0 
0 0 0 0 0 0 0 0 0 0 1503 0 
0 0 0 0 0 358 185 0 0 0 4 0 
350 22 15 64 16 0 0 12 0 0 0 0 
0 0 0 0 0 1623 0 0 0 0 0 0 
4 22 4 93 0 0 0 0 177 14 11 4 
0 0 0 0 0 0 0 0 0 0 1070 0 
16 0 272 0 1 0 10 3 685 0 92 2 
0 0 0 0 0 0 0 0 0 0 941 0 
0 0 0 0 0 0 0 0 0 877 0 0 
0 0 0 0 1485 0 0 0 0 0 0 0 
5 0 0 70 728 0 153 67 0 8 14 0 
0 14 1 12 52 0 0 23 1 0 0 231 
0 0 0 0 1643 0 0 0 0 0 0 0 
3 0 0 0 1369 0 0 0 0 0 0 0 
1 0 0 0 1297 0 2 17 10 0 0 6 
11 334 448 0 1817 0 0 0 0 0 60 0 
0 0 0 0 0 0 0 0 0 473 0 0 
34 3 0 0 156 0 0 0 0 0 1053 137 
0 0 0 0 0 0 0 14 0 821 0 0 
0 2 0 0 70 0 0 3 2 738 10 0 
0 125 0 0 0 530 7 0 0 0 0 0 
0 281 0 0 0 0 0 0 0 0 0 0 
0 0 0 0 0 0 370 0 1 0 0 0 
0 0 0 0 1426 0 0 0 0 0 0 0 
0 0 0 0 0 1208 0 0 0 0 0 0 
0 0 0 0 1180 0 0 0 0 0 0 0 
54 0 22 1 0 7 2 0 410 0 0 772 
0 0 0 0 1445 0 0 0 0 0 0 0 
0 0 0 0 0 1033 3 0 0 0 1 0 
421 0 0 0 0 0 0 0 0 0 0 0 
32 50 0 513 2 166 0 0 0 0 17 10 
0 0 0 0 824 0 0 0 0 0 0 1 
0 0 0 0 919 0 0 0 0 0 0 0 
0 1 0 0 0 0 0 0 0 445 0 0 
0 0 0 1 0 1 642 0 0 0 0 0 
0 0 2 0 275 2 0 0 0 233 0 0 
0 0 0 0 0 0 0 0 0 0 1917 0 
1 0 0 0 0 0 0 3872 0 0 0 0 
