76 0 0 0 2966 8 0 0 0 0 45 0 
18 0 0 0 0 0 0 0 96 604 849 16 
0 0 0 0 0 0 0 0 0 0 759 0 
0 0 0 0 0 1942 91 0 0 1 0 0 
0 0 0 0 0 0 1 0 0 0 432 0 
2 0 0 0 0 4392 0 0 0 0 35 0 
0 0 40 298 1201 0 0 0 0 0 1 5 
0 0 0 0 0 1561 0 0 0 0 0 0 
0 0 0 0 0 441 0 0 0 0 0 0 
0 0 0 0 0 1365 0 0 0 0 0 0 
0 0 0 0 0 957 0 0 0 0 0 0 
0 0 0 6 0 5061 0 46 0 0 20 0 
0 0 0 0 719 0 0 0 0 0 0 0 
0 0 0 0 1492 1432 0 0 0 0 0 0 
3 30 0 0 23 0 0 0 0 1734 0 0 
7 0 0 0 3 4334 845 0 0 70 0 0 
0 0 0 0 0 0 0 0 0 0 0 866 
337 2174 1 0 0 0 1 7 1 1 0 28 
0 0 0 0 0 0 0 0 0 0 993 0 
0 0 0 0 0 0 0 0 0 0 711 0 
0 0 0 0 0 4 0 0 0 0 2939 0 
0 0 103 15 40 0 5 0 4 0 0 1532 
0 0 0 0 0 0 0 0 0 0 2995 0 
21 0 0 369 0 0 0 0 0 0 1222 813 
0 0 0 0 0 0 0 0 1 1757 0 0 
0 0 0 0 0 0 0 0 0 433 0 0 
93 0 0 0 0 685 0 1325 8 8 0 18 
289 149 23 193 0 2 0 43 12 539 0 0 
0 0 0 0 0 0 0 0 0 0 1325 0 
0 0 0 0 0 2308 0 0 0 0 0 0 
0 0 0 0 0 800 0 0 0 0 0 0 
0 0 0 0 0 917 0 0 0 0 0 0 
0 0 0 0 1290 0 0 0 0 0 0 0 
0 0 0 0 0 2519 0 0 0 0 0 0 
0 0 0 0 790 1883 0 0 0 6 0 6 
440 0 0 0 0 0 0 0 0 0 0 0 
0 5 16 0 1 0 0 0 0 0 1780 0 
0 2427 4 0 0 0 9 0 0 0 96 0 
0 0 0 0 0 0 0 0 0 0 322 0 
0 0 0 0 0 0 0 628 0 0 0 0 
0 0 0 0 1 0 0 0 0 0 3989 0 
0 0 0 0 0 0 0 0 0 0 1069 0 
0 0 756 1443 310 0 0 0 0 2 1 0 
0 0 0 0 0 0 0 0 0 0 2840 0 
10 3 0 0 1593 0 0 0 212 44 0 0 
0 0 0 0 292 0 0 0 0 0 0 0 
0 65 65 431 390 10 0 0 0 6 20 0 
0 0 0 0 0 0 265 0 0 0 0 0 
0 0 0 0 0 0 0 0 0 1123 0 0 
0 0 90 17 0 1077 0 0 0 2 3705 0 
0 0 0 1 0 0 0 0 0 1560 0 0 
0 0 0 0 0 0 0 0 0 0 2215 0 
0 0 0 0 0 0 0 10 0 456 0 0 
0 0 0 0 0 0 0 0 0 0 0 328 
0 1 13 0 9 59 0 0 111 1 0 0 
37 0 6 0 4 0 0 19 0 0 906 3 
0 0 0 0 0 0 0 0 0 0 697 0 
0 0 0 0 0 0 0 352 0 1 0 0 
0 10 0 0 0 0 0 541 2219 0 6 0 
0 0 0 0 0 566 0 0 0 0 0 0 
0 0 0 0 0 0 0 0 0 0 2239 0 
0 0 0 0 0 0 0 0 0 0 647 0 
1 117 0 680 16 0 0 0 9 0 1 0 
1 2 0 0 0 0 0 0 0 2 3470 0 
0 106 22 0 14 217 152 164 0 0 1 0 
0 0 0 0 0 2170 0 0 0 0 0 2 
0 21 0 0 2 1 0 0 0 0 0 1509 
0 0 0 0 1072 0 0 2 2 0 0 0 
0 0 0 0 0 0 0 0 0 0 1748 0 
0 0 0 0 0 1002 0 0 0 0 0 0 
0 0 0 0 0 0 0 0 0 0 768 0 
0 21 0 1 0 0 0 0 0 506 0 0 
0 0 1 0 0 0 0 0 0 535 0 0 
0 0 0 109 14 9 0 0 0 0 0 279 
0 0 0 77 0 0 0 0 0 0 993 0 
1 3 0 0 0 0 0 0 0 1 589 0 
3 0 0 8 0 248 1 0 0 0 172 5 
83 1 0 7 38 0 43 0 0 31 0 0 
11 3 0 3 0 19 0 0 1 62 935 1 
0 0 0 0 0 0 0 2 0 1 354 0 
1 0 0 0 0 1139 0 0 0 0 0 0 
0 0 0 0 0 0 0 6 465 0 0 0 
0 0 0 0 0 0 0 0 0 0 824 0 
158 11 366 0 207 167 11 2 2 0 0 0 
0 0 0 0 0 0 0 0 0 0 0 675 
5 14 0 0 0 0 434 0 111 440 0 0 
0 0 0 0 0 0 0 0 0 0 1226 0 
160 0 0 0 0 0 0 0 0 0 1 380 
0 0 0 0 0 0 0 0 0 0 3255 0 
0 0 0 0 0 0 0 0 0 0 0 1939 
0 0 0 0 952 0 0 0 0 0 0 0 
0 0 0 0 0 1 0 0 0 0 1710 0 
7 295 0 0 0 0 0 27 331 6 0 59 
0 1 0 0 0 618 0 0 0 0 0 0 
1639 0 0 0 52 1 0 0 0 0 0 2 
0 0 0 0 0 753 0 0 0 0 0 0 
0 0 0 0 0 0 1 0 0 0 1173 0 
0 0 0 0 0 0 0 0 0 0 579 0 
0 0 0 0 485 0 0 1 0 0 0 0 
0 0 0 0 0 0 0 0 0 0 371 0 
0 0 0 0 0 634 0 0 0 0 0 0 
0 0 0 0 0 343 0 0 0 0 0 0 
0 0 0 0 0 119 1177 142 19 0 0 0 
0 0 0 0 0 0 0 0 0 0 731 0 
0 1 0 0 0 494 0 0 0 0 1 0 
95 725 0 1132 0 0 3 0 0 0 0 0 
0 0 0 0 0 2561 0 0 0 0 0 0 
0 53 28 0 383 0 5 0 0 0 0 0 
0 7 0 1 0 0 485 0 0 0 0 0 
7 0 2 0 0 19 0 0 98 18 525 0 
0 0 0 0 0 0 0 0 0 0 2459 0 
1 220 701 0 1322 0 0 0 0 22 0 13 
0 0 50 0 0 5 959 0 0 0 13 891 
0 0 890 0 1 0 1 0 0 0 0 0 
86 31 0 1 0 143 12 0 0 262 0 55 
0 0 0 0 0 1 0 0 614 0 0 0 
0 0 0 0 0 0 0 0 0 0 1318 0 
0 0 0 0 0 0 0 0 0 0 1189 0 
0 0 0 0 0 0 0 0 0 0 395 0 
0 0 1 0 0 729 0 0 0 0 0 0 
0 0 0 0 0 0 0 0 0 0 1675 0 
0 322 0 0 0 268 862 85 0 42 493 681 
0 0 0 0 0 1 0 0 0 0 2912 0 
0 0 0 0 0 0 0 0 0 0 0 1393 
0 0 0 0 0 2017 0 0 0 0 0 0 
0 0 0 0 0 1068 0 0 0 0 0 0 
0 0 0 0 0 1503 0 0 0 0 0 0 
0 0 0 0 0 547 0 0 0 0 0 0 
0 0 0 0 0 0 0 0 0 0 0 520 
0 0 21 1 830 773 0 0 0 0 0 0 
0 0 0 6 0 0 3 0 313 7 0 0 
0 0 0 0 0 1068 0 0 0 0 0 0 
0 743 3 0 0 6 0 0 0 306 5 18 
3 0 0 0 0 14 0 6 0 0 918 0 
0 0 0 0 0 877 0 0 0 0 0 0 
0 0 0 0 0 0 0 0 0 0 1457 0 
2 330 0 0 617 8 0 0 63 36 0 0 
0 0 0 0 0 0 0 0 1 245 89 0 
0 0 0 0 0 0 0 0 0 0 1643 0 
0 0 0 0 0 0 0 0 0 0 1371 0 
0 0 0 0 0 0 0 0 0 0 1333 0 
0 2553 2 5 106 0 1 0 0 23 1 0 
0 0 0 0 0 473 0 0 0 0 0 0 
0 0 0 0 0 0 0 0 0 0 1401 0 
0 0 0 0 0 0 0 809 0 1 0 0 
0 251 0 55 275 0 0 0 243 0 0 1 
0 0 0 0 0 0 0 0 0 0 652 0 
0 0 0 0 0 0 0 0 0 0 0 238 
0 0 0 0 0 0 28 0 187 156 0 0 
0 0 0 0 0 0 0 0 0 0 1406 0 
18 56 0 0 1 1 2 0 944 0 10 195 
0 0 0 0 0 0 0 0 0 0 1180 0 
0 0 0 0 0 0 0 0 0 0 1259 0 
0 0 0 0 0 0 0 0 0 0 1897 0 
0 0 0 0 0 0 0 0 0 1038 0 0 
201 0 0 0 5 0 0 0 0 0 24 74 
0 0 0 0 0 0 0 0 0 0 0 787 
0 0 0 0 0 0 0 0 0 0 845 0 
0 0 2 133 0 0 1 0 518 0 265 0 
0 0 0 0 0 0 0 469 0 0 0 0 
