0 6 0 3038 40 0 4 0 0 2 0 0 
0 0 0 0 0 1580 6 0 0 0 0 0 
0 2 0 0 0 758 0 0 0 0 0 0 
0 0 0 0 61 144 1811 0 7 0 4 0 
0 0 9 399 10 0 6 0 0 0 4 5 
25 0 0 0 0 0 0 0 0 258 4250 0 
0 383 626 525 1 1 0 0 0 0 0 10 
0 0 0 0 0 0 0 0 0 0 1582 0 
46 8 170 2 19 127 0 0 0 0 0 68 
0 0 0 0 0 0 0 0 0 1305 0 0 
1 0 0 0 0 0 0 0 0 0 956 0 
24 0 0 0 0 0 0 5084 0 43 0 0 
0 0 0 0 0 0 0 0 0 0 0 719 
0 3 0 0 608 572 0 9 0 26 1707 0 
0 0 0 0 0 0 0 0 0 0 1790 0 
0 0 0 0 0 0 0 0 0 5097 227 0 
0 0 866 0 0 1 0 0 0 0 0 1 
1 1652 873 9 0 0 0 0 1 0 0 0 
0 0 0 0 0 994 0 0 0 0 0 0 
0 0 0 0 711 0 0 0 0 0 0 0 
0 0 0 0 0 2948 0 0 0 0 0 0 
0 0 0 0 1698 0 0 0 0 0 0 0 
1 0 1 2 2653 326 0 4 0 0 6 0 
0 0 0 820 1515 9 0 0 0 0 0 2 
0 0 0 0 0 1757 0 0 0 0 0 0 
227 0 0 0 101 100 0 0 0 6 0 0 
0 0 0 0 0 0 0 0 0 0 685 0 
30 0 21 4 0 0 0 5 0 1180 0 12 
0 2 0 0 1323 0 0 0 0 0 0 0 
0 0 13 2 11 952 0 0 0 0 1335 0 
0 0 0 0 0 0 0 0 0 808 0 0 
0 0 0 0 0 0 0 0 0 0 676 0 
0 0 0 0 0 0 0 0 0 0 1290 0 
0 0 0 0 0 0 0 0 0 0 2519 0 
0 1205 0 4 40 14 0 1376 42 0 0 0 
0 0 0 0 0 0 440 0 0 0 0 0 
0 0 0 0 0 0 1158 0 0 0 1 0 
0 0 0 0 0 0 1 0 0 0 2535 0 
0 0 0 0 0 0 0 0 322 0 0 0 
0 1 0 0 0 0 0 623 0 0 0 0 
11 1 0 0 1647 2136 0 0 0 6 0 6 
0 0 0 84 532 0 0 78 0 387 0 1 
0 13 0 471 2040 0 0 0 0 0 0 0 
0 0 8 16 0 2795 0 0 0 18 0 3 
0 0 0 0 0 0 0 0 0 1862 0 0 
0 0 0 0 0 0 0 0 0 0 292 0 
0 0 0 0 0 0 0 0 0 0 0 1000 
0 0 1 0 0 262 0 1 0 1 0 0 
1 0 0 0 132 0 0 974 0 0 17 0 
0 0 0 0 0 3873 0 0 0 0 0 0 
0 0 1 0 0 1559 0 0 0 1 0 0 
0 0 0 0 0 2621 0 0 0 0 0 0 
0 0 0 0 0 0 0 460 0 0 0 0 
0 0 1 0 327 0 0 0 0 0 0 0 
0 0 0 0 0 194 0 0 0 0 0 0 
1 0 11 0 810 0 9 0 0 0 139 1 
0 0 0 0 0 697 0 0 0 0 0 0 
0 353 0 0 0 0 0 0 0 0 0 0 
2367 23 0 14 13 0 0 124 119 0 109 9 
3 0 0 0 0 0 0 0 0 563 0 0 
14 10 0 3 0 2173 0 0 0 0 0 0 
0 0 0 0 0 646 0 0 0 0 0 0 
0 0 0 0 0 0 0 0 0 0 824 0 
0 5 0 0 2510 964 0 0 10 0 0 0 
0 9 0 0 0 0 0 0 0 666 0 1 
0 0 0 0 0 0 0 0 0 2174 0 0 
0 0 0 1524 3 0 0 0 0 3 0 0 
0 0 0 0 0 0 0 0 0 0 1074 0 
8 0 0 10 255 1591 0 0 0 0 47 15 
18 313 0 0 0 0 315 0 350 0 0 6 
0 0 0 0 768 0 0 0 0 0 0 0 
0 0 0 0 0 0 1 523 3 0 0 0 
0 0 1 12 0 69 0 0 0 458 0 0 
0 0 0 0 411 0 0 0 0 0 0 0 
5 0 0 0 0 0 0 0 0 1065 0 0 
116 0 162 231 3 0 85 0 3 1 0 1 
0 0 0 0 0 437 0 0 0 0 0 0 
0 0 0 203 0 0 0 0 0 0 0 0 
0 0 0 0 1290 0 0 0 0 0 0 0 
0 0 0 0 0 0 0 0 0 0 357 0 
0 0 0 0 0 0 0 0 1 1139 0 0 
0 0 0 0 0 0 0 0 185 286 0 0 
0 0 0 0 0 824 0 0 0 0 0 0 
0 0 0 0 0 920 0 0 0 0 0 0 
0 0 0 0 675 0 0 0 0 0 0 0 
0 0 0 0 1006 0 0 0 0 0 0 0 
0 0 0 0 1227 0 0 0 0 0 0 0 
408 0 0 0 0 0 0 0 0 0 0 15 
6 221 31 2093 0 162 1 678 0 0 4 69 
1 51 0 316 1147 92 285 84 3 0 5 12 
553 231 18 0 0 108 0 26 0 0 0 10 
0 0 0 0 0 1705 4 0 0 0 0 0 
33 0 382 0 0 0 4 307 0 0 0 0 
0 0 0 0 0 0 0 0 0 0 617 1 
176 0 0 0 0 1506 0 0 0 0 0 11 
0 0 108 24 0 1 1 0 156 438 29 0 
236 5 0 311 0 0 0 0 0 600 20 0 
0 0 0 0 291 0 0 0 0 0 0 0 
0 1 0 0 0 0 9 0 0 0 478 0 
6 46 0 41 0 8 4 0 11 0 0 254 
0 257 0 18 0 0 0 32 52 59 186 27 
0 0 0 0 0 0 122 221 1109 0 0 1 
91 100 0 0 0 1 8 526 0 0 0 0 
0 0 0 9 0 1 0 0 163 0 0 324 
0 0 0 0 0 0 0 0 0 1953 0 0 
0 0 334 0 0 0 0 0 0 0 1926 269 
0 0 0 0 0 2 0 0 0 0 467 0 
0 0 0 0 0 159 334 0 0 0 0 0 
0 0 0 0 0 1320 0 0 0 0 0 0 
4 0 0 1 781 1649 0 11 0 0 33 0 
0 36 0 0 0 0 0 0 0 0 0 2230 
0 0 0 0 0 0 0 0 0 0 1918 0 
0 0 93 0 2 0 9 1 4 0 782 0 
1 0 0 0 0 0 0 0 0 591 0 0 
0 0 88 0 2 0 4 0 519 0 0 2 
0 0 0 0 0 1316 0 0 0 0 0 0 
0 0 411 497 0 0 0 60 198 0 6 15 
0 0 0 0 0 389 0 0 0 0 0 0 
591 0 0 4 0 0 0 125 0 0 11 0 
0 0 0 0 0 1679 0 0 0 0 0 0 
0 2076 0 0 0 62 0 0 0 0 603 0 
709 0 0 348 11 336 0 44 0 13 1443 0 
0 0 1359 0 0 0 0 0 0 0 0 47 
0 0 0 0 0 0 0 0 0 0 2019 0 
0 0 0 0 0 0 0 0 0 0 1068 0 
0 0 0 0 0 0 0 0 0 0 1503 0 
0 0 0 0 0 417 125 0 4 0 0 1 
107 80 0 0 62 0 0 229 0 0 0 43 
0 0 0 0 0 1619 0 0 0 0 0 0 
0 0 0 0 2 0 0 0 322 0 0 5 
0 0 0 0 0 0 0 0 0 0 1066 0 
137 70 84 0 0 31 0 0 556 0 202 1 
0 0 0 0 0 0 0 0 0 0 941 0 
0 0 0 0 0 0 0 0 0 877 0 0 
0 0 0 0 1461 0 0 0 1 0 0 0 
0 45 6 0 999 0 1 0 0 1 0 0 
0 13 0 0 98 0 0 0 0 0 0 223 
0 0 0 0 1643 0 0 0 0 0 0 0 
0 0 1 0 1369 0 0 0 0 0 0 0 
0 0 0 0 1316 0 0 2 0 0 0 0 
0 259 371 0 2064 0 0 0 0 0 0 0 
0 0 0 0 0 0 0 0 0 473 0 0 
0 75 0 0 39 0 1 2 0 38 1237 4 
0 0 0 0 0 0 0 16 0 817 0 1 
0 0 0 0 124 0 0 0 0 697 3 1 
21 0 6 0 0 628 0 0 0 0 0 0 
0 237 1 0 0 0 0 0 0 0 0 0 
1 0 0 0 0 0 370 0 0 0 0 0 
0 0 0 0 1407 0 0 0 0 0 0 0 
0 0 0 0 0 1209 0 0 0 0 0 0 
0 0 0 0 1182 0 0 0 0 0 0 0 
2 0 46 230 0 0 5 0 842 0 0 133 
0 0 0 0 1445 0 0 0 0 0 0 0 
0 0 0 0 0 1036 0 0 1 0 0 0 
405 0 0 16 0 0 0 0 0 0 0 0 
230 89 1 452 0 17 0 0 0 0 0 0 
0 0 0 0 827 0 0 1 1 0 0 1 
0 0 0 0 919 0 0 0 0 0 0 0 
1 0 0 1 0 0 0 0 0 445 0 0 
0 0 2 0 2 0 640 0 0 0 0 0 
0 0 0 0 401 0 0 107 0 4 0 0 
0 0 0 0 0 0 0 0 0 0 1940 0 
