1 0 0 2997 108 0 2 0 0 0 3 0 
0 0 0 0 0 1760 19 0 1 0 0 0 
6 66 10 0 0 40 1 0 30 577 0 43 
4 306 0 0 0 381 1330 0 0 0 1 0 
4 0 0 111 8 71 37 0 56 142 4 0 
0 0 4 2 3 2 0 2 0 631 3901 0 
0 395 648 487 0 0 0 0 0 0 0 20 
0 0 0 0 0 0 0 0 0 0 1563 0 
0 0 0 2 0 114 0 143 10 0 172 0 
0 0 0 0 0 0 0 0 0 1366 0 0 
0 0 0 0 0 0 0 0 0 0 956 0 
0 0 0 3 1 21 45 5026 0 27 0 0 
0 0 0 0 0 0 0 0 0 0 0 719 
0 30 7 0 387 701 11 0 0 21 1753 24 
0 0 0 0 0 0 0 0 0 0 1796 0 
0 0 1 2 0 0 0 0 2 5025 206 0 
0 0 858 0 0 0 0 0 1 0 0 0 
4 1746 791 13 0 0 0 0 0 0 0 0 
0 0 0 0 0 808 0 0 0 0 0 0 
0 0 0 0 736 0 0 0 0 0 0 0 
0 0 0 1 0 2932 0 0 0 0 0 0 
0 0 0 0 1694 0 0 0 0 0 0 0 
4 5 0 0 3041 563 0 1 30 0 29 0 
9 0 0 566 1887 0 0 4 0 0 33 0 
0 0 0 0 0 2044 0 0 0 0 0 0 
109 0 0 0 0 0 3 0 0 1 0 324 
0 0 0 0 0 0 0 0 0 0 2167 0 
0 18 0 0 0 6 150 200 8 572 299 1 
0 0 0 0 1325 0 0 0 0 0 0 0 
0 7 0 0 0 831 88 45 0 187 1135 0 
0 0 0 0 0 0 0 0 0 800 0 0 
0 0 0 0 0 0 0 0 0 0 769 2 
0 0 0 0 0 0 0 0 0 0 1290 0 
0 0 0 0 0 0 0 0 0 0 2512 0 
8 541 1 19 713 15 309 585 50 392 28 39 
0 0 0 0 0 0 440 0 0 0 0 0 
0 0 0 0 0 0 1812 0 0 0 0 0 
0 0 0 0 0 0 0 3 0 0 2531 0 
0 0 0 0 0 0 0 0 322 0 0 0 
0 0 0 0 4 0 0 621 0 3 0 0 
0 0 0 0 1673 2387 1 1 0 0 1 2 
0 0 1 0 271 0 3 124 0 302 361 0 
0 11 0 460 2030 0 0 0 0 0 0 0 
0 0 0 0 0 2698 23 0 0 0 0 0 
0 0 0 0 0 0 0 0 0 1862 0 0 
0 0 0 0 0 0 0 0 0 0 292 0 
0 0 0 0 0 0 0 0 0 0 0 984 
0 0 0 0 0 265 0 0 0 0 0 0 
0 275 0 0 0 90 0 1531 0 0 0 0 
0 0 0 4 4 4949 0 0 0 0 0 9 
0 0 0 0 0 1558 1 0 0 0 0 0 
0 0 0 0 0 2215 0 0 0 0 0 0 
0 0 0 0 0 0 0 433 0 0 0 0 
0 0 0 0 328 0 0 0 0 0 0 0 
0 0 0 0 0 194 0 0 0 0 0 0 
0 0 0 0 839 0 0 0 0 0 132 3 
0 0 0 0 0 697 0 0 0 0 0 0 
0 353 0 0 0 0 0 0 0 0 0 0 
2432 32 0 0 1 7 0 90 36 9 172 0 
0 0 0 0 0 0 0 0 0 566 0 0 
18 1 15 0 0 2098 0 102 0 0 0 0 
0 0 0 0 0 624 0 0 0 0 0 0 
0 0 0 0 0 0 0 0 0 0 824 0 
0 0 0 0 2744 972 0 25 0 14 16 0 
0 0 0 0 0 16 0 0 0 655 0 2 
0 0 0 0 0 0 0 3 0 2172 0 0 
0 0 0 1530 3 0 0 1 0 0 0 1 
0 0 0 0 0 0 0 0 0 0 1074 0 
0 0 0 0 434 0 0 104 0 0 0 31 
29 0 0 86 1095 446 0 80 0 9 0 0 
0 585 0 403 0 0 13 1 0 0 0 0 
0 0 0 0 768 0 0 0 0 0 0 0 
0 0 0 0 0 0 0 528 0 0 0 0 
17 0 0 0 0 11 0 20 0 490 0 3 
0 0 0 0 411 0 0 0 0 0 0 0 
0 3 0 0 0 0 0 0 0 1067 0 0 
6 5 153 0 0 0 0 0 47 0 376 0 
0 0 0 0 0 445 0 0 0 0 0 0 
0 0 0 203 0 0 0 0 0 0 0 0 
0 0 0 0 0 0 0 0 0 1 475 0 
0 0 0 0 2117 0 0 0 0 0 0 0 
0 0 0 0 0 0 0 0 0 0 357 0 
0 0 0 0 0 0 0 0 0 1133 0 0 
52 0 0 1 0 0 0 0 274 439 0 0 
0 0 0 0 0 824 0 0 0 0 0 0 
0 0 0 0 0 920 0 0 0 0 0 0 
0 0 0 0 675 0 0 0 0 0 0 0 
0 0 0 0 1004 0 0 0 0 0 0 0 
0 0 0 0 999 0 0 0 0 0 0 0 
538 0 0 0 0 0 0 0 0 0 0 12 
581 829 339 587 7 0 9 586 3 0 150 139 
49 0 0 1771 491 12 91 14 129 82 0 0 
190 84 6 0 0 69 479 0 118 0 0 9 
0 0 0 0 0 1413 0 0 0 0 0 0 
10 0 2 0 0 0 0 212 503 0 0 0 
0 1 0 0 0 0 0 0 0 0 617 0 
117 2 0 6 0 1565 0 0 0 0 0 0 
0 0 0 0 63 139 73 0 49 385 0 42 
776 0 0 0 0 0 219 24 158 6 0 23 
0 0 0 0 579 0 0 0 0 0 0 0 
0 0 0 0 8 0 0 4 0 0 476 0 
10 0 0 4 0 0 0 0 335 0 0 0 
0 0 0 0 0 0 0 0 130 1 48 463 
0 0 0 0 0 0 0 0 0 0 343 0 
0 0 0 0 0 0 154 215 1086 0 0 0 
0 23 33 375 0 558 0 8 0 0 0 0 
0 0 0 1 5 0 53 196 0 108 136 0 
0 0 0 0 0 0 0 0 0 1955 0 0 
0 0 429 0 133 0 0 0 74 0 1764 165 
0 0 0 0 1 0 0 0 0 0 468 0 
0 0 0 0 0 145 348 0 0 0 0 0 
0 0 0 0 0 670 0 0 0 0 0 0 
9 0 0 79 788 1536 0 16 1 0 0 31 
0 21 0 0 0 0 0 0 0 0 0 2259 
0 0 0 0 0 0 0 0 0 0 1919 0 
0 0 41 0 4 0 24 2 0 0 824 0 
0 253 188 0 728 0 0 96 1 0 0 99 
0 0 0 0 0 1 0 0 0 591 0 0 
0 0 59 0 0 0 0 0 557 0 0 0 
0 0 0 0 0 1320 0 0 0 0 0 0 
0 2 452 394 0 53 0 249 0 8 0 31 
0 0 0 0 0 389 0 0 0 0 0 0 
472 0 0 0 39 144 2 58 0 0 16 0 
0 0 0 0 0 1677 0 0 0 0 0 0 
0 680 1 73 143 400 0 279 36 334 854 0 
509 93 0 385 4 1288 0 0 0 0 634 6 
0 0 1352 0 0 0 0 0 0 0 0 37 
0 0 0 1 0 1 0 0 0 0 2008 0 
0 0 0 0 0 0 0 0 0 0 1068 0 
0 0 0 0 0 0 0 0 0 0 1503 0 
0 0 5 6 0 324 219 0 0 2 0 0 
42 24 3 329 0 0 0 110 0 0 0 16 
0 0 0 0 0 1614 0 0 0 0 0 0 
83 4 54 81 0 5 0 79 22 0 1 0 
0 0 0 0 0 0 0 0 0 0 560 0 
0 652 314 15 0 0 3 0 0 0 83 14 
0 0 0 0 0 0 0 0 0 0 940 0 
0 0 0 0 0 0 0 0 0 877 0 0 
0 0 0 0 821 1 1 0 0 0 0 0 
0 0 192 0 845 0 0 0 2 12 0 0 
81 0 165 28 0 0 10 51 0 0 0 0 
0 0 0 0 1643 0 0 0 0 0 0 0 
0 0 0 0 884 0 0 0 0 0 0 0 
0 0 0 0 1278 0 3 0 0 23 0 73 
0 252 464 0 1906 2 0 67 0 0 0 5 
0 0 0 0 0 0 0 0 0 473 0 0 
176 0 49 0 0 50 58 0 5 0 1067 0 
0 0 0 0 0 0 0 21 0 1258 0 0 
0 0 0 1 0 39 0 460 0 322 0 2 
0 0 0 0 0 623 0 3 1 0 0 0 
0 238 0 0 0 0 0 0 0 0 0 0 
0 0 0 0 0 0 371 0 0 0 0 0 
0 0 0 0 1384 0 0 0 0 0 1 0 
0 0 0 0 0 1229 0 0 0 0 0 0 
0 0 0 0 1180 0 0 0 0 0 0 0 
0 96 0 21 0 47 3 0 970 0 0 133 
0 0 0 0 1034 0 0 0 0 0 0 0 
