0 1 0 19 3006 0 0 0 31 0 41 0 
13 0 0 4 27 0 61 0 0 390 796 9 
2 0 0 0 0 0 0 0 0 0 759 0 
0 0 0 0 0 2098 90 0 0 0 0 0 
0 0 2 0 0 0 0 0 0 0 431 0 
0 0 0 0 0 4518 0 0 0 0 46 0 
0 1 62 312 1168 1 0 0 1 1 0 0 
0 0 0 0 0 3896 0 0 0 0 0 1 
0 0 0 0 0 441 0 0 0 0 0 0 
0 0 0 0 0 1304 0 0 1 0 0 0 
0 0 0 0 0 954 0 0 0 0 0 0 
0 0 4 14 0 626 214 411 0 1 0 0 
0 0 0 0 438 0 0 0 0 0 0 0 
0 2 1 5 1488 1391 0 0 0 0 13 20 
0 23 0 2 0 774 0 0 39 953 0 0 
0 3 0 0 0 4503 736 0 0 96 0 0 
0 0 0 0 0 0 0 0 0 0 0 862 
336 2168 10 0 0 0 0 0 0 0 0 5 
0 0 0 0 0 0 1 0 0 0 1319 0 
0 0 0 0 0 0 0 0 0 0 731 0 
0 0 0 0 0 3 0 0 0 0 2933 0 
0 0 10 0 0 9 45 0 0 0 0 1633 
0 0 0 0 0 0 0 0 0 0 2961 0 
0 0 0 93 0 0 0 0 0 0 1878 437 
0 0 0 0 0 0 0 0 0 1751 0 0 
0 0 0 0 0 0 0 0 0 441 0 0 
0 0 0 0 0 871 0 0 1 0 0 0 
44 748 262 0 0 0 0 0 0 0 0 199 
0 0 0 0 0 0 0 0 0 0 1325 0 
0 0 0 0 0 2328 0 0 0 1 0 0 
0 0 0 0 0 809 0 0 0 0 0 0 
0 0 0 0 0 675 1 0 0 0 0 0 
0 0 0 0 1290 0 0 0 0 0 0 0 
0 0 0 0 0 2517 0 0 0 0 0 0 
9 0 0 0 725 1936 12 0 0 0 0 0 
440 0 0 0 0 0 0 0 0 0 0 0 
0 0 0 0 0 3 0 0 0 0 1348 5 
18 2411 0 0 0 0 0 5 12 0 90 0 
0 0 0 0 0 0 0 0 0 0 322 0 
0 0 0 0 0 0 0 624 0 0 0 0 
0 0 0 0 0 0 0 0 0 0 3807 0 
0 0 0 0 0 0 0 0 0 0 873 0 
0 33 791 1397 297 0 0 0 1 0 1 0 
0 1 0 0 0 0 0 0 0 0 2782 0 
1 20 3 0 1811 0 0 0 0 0 4 23 
0 0 0 0 292 0 0 0 0 0 0 0 
0 0 0 0 1352 0 0 0 0 4 0 0 
0 0 0 0 0 0 265 0 0 0 0 0 
0 0 0 0 0 0 0 0 0 1124 0 0 
0 0 0 0 0 791 1 0 2 64 2936 0 
0 0 0 0 0 0 0 0 0 1554 0 0 
0 0 0 0 1 0 0 0 0 0 2620 0 
0 0 1 0 0 0 4 0 0 455 0 0 
0 0 0 0 0 0 0 0 0 0 0 328 
0 0 9 18 0 0 0 0 167 0 0 0 
0 0 0 40 0 4 0 0 0 0 927 1 
0 0 0 0 0 0 0 0 0 0 697 0 
0 0 0 0 0 0 0 351 3 0 0 0 
0 16 0 0 0 0 0 507 2242 2 6 0 
0 0 0 0 0 0 0 0 0 0 2225 0 
0 0 0 0 0 0 0 0 0 0 647 0 
3 0 0 650 0 0 4 0 2 23 98 44 
0 0 0 0 25 0 0 16 6 0 3451 0 
29 245 0 0 0 1 273 23 0 0 0 106 
0 0 0 0 0 2164 0 0 0 2 0 2 
1 0 1 0 0 0 3 0 0 0 1 1537 
0 0 0 0 1074 0 0 0 0 0 0 0 
0 0 0 0 0 0 0 0 0 0 1975 0 
0 0 0 0 0 836 0 0 0 0 0 0 
0 0 0 0 0 0 0 0 0 0 941 0 
0 0 0 0 0 0 0 0 0 527 0 0 
0 0 0 0 0 0 0 0 0 536 0 0 
140 0 172 29 0 0 7 0 0 0 0 63 
0 53 128 0 0 34 2 0 111 44 698 1 
0 5 0 1 0 0 0 0 0 0 599 0 
1 0 0 1 0 232 63 0 0 0 146 0 
0 1 0 0 10 192 0 0 0 0 0 0 
0 0 0 0 0 0 0 0 0 0 1285 0 
0 0 0 0 0 0 0 0 0 0 357 0 
0 0 0 0 0 1130 0 2 0 0 0 0 
0 0 14 2 0 0 0 0 454 0 0 1 
0 0 0 0 0 0 0 0 0 0 824 0 
520 2 0 70 0 0 19 0 64 0 0 253 
227 4 2 138 0 31 503 0 0 92 0 9 
0 0 0 0 0 0 0 0 0 0 1233 0 
22 0 0 0 0 0 0 0 0 0 0 401 
0 0 0 0 0 0 0 0 0 0 3318 0 
0 0 0 0 0 0 0 0 0 0 0 2639 
0 0 0 0 945 0 0 0 0 0 0 0 
0 0 0 1 0 0 0 1 0 0 1695 0 
8 0 0 0 3 0 0 0 0 21 698 0 
0 0 0 0 0 616 0 1 2 0 0 0 
1665 0 0 0 0 0 10 15 0 0 0 0 
0 0 0 0 0 1318 0 1 0 0 0 0 
0 0 0 0 0 0 0 0 0 0 1155 0 
0 0 0 0 0 0 0 0 0 0 291 0 
0 0 0 0 512 0 0 0 0 1 0 0 
0 0 0 0 0 0 0 0 0 0 371 0 
0 0 0 0 0 634 0 0 0 0 0 0 
0 0 0 0 0 111 1196 135 13 0 0 0 
0 0 0 0 0 0 0 0 0 0 730 0 
0 0 0 0 0 496 1 0 0 0 0 0 
0 91 0 892 235 0 0 459 256 22 0 0 
0 236 102 0 39 0 0 6 0 0 67 19 
0 0 0 0 0 0 493 0 0 0 0 0 
0 0 62 0 23 235 0 4 0 57 941 0 
0 0 0 0 0 0 0 0 0 0 2469 0 
0 244 732 0 1212 2 0 0 0 0 0 1 
300 0 0 3 0 0 1608 0 0 3 4 0 
0 0 886 0 2 0 3 0 0 0 1 0 
281 0 196 0 0 17 1 60 2 34 0 0 
0 0 0 0 0 0 0 0 611 0 0 0 
0 0 0 0 0 0 0 0 0 0 1316 0 
0 0 0 0 0 0 0 0 0 0 1195 0 
0 0 0 0 0 0 0 0 0 0 389 0 
0 0 0 1 0 730 1 0 0 0 0 0 
0 0 0 0 0 0 0 0 0 0 1673 0 
7 0 0 0 0 0 2274 0 0 82 0 378 
0 0 0 0 0 0 0 0 0 0 2868 1 
0 0 0 0 0 0 0 0 0 0 0 1430 
0 0 0 0 0 2016 0 0 0 0 0 0 
0 0 0 0 0 1068 0 0 0 0 0 0 
0 0 0 0 0 1503 0 0 0 0 0 0 
0 0 0 0 0 547 0 0 0 0 0 0 
0 0 0 0 0 0 0 0 0 0 0 478 
0 0 0 0 828 790 0 4 0 0 0 0 
0 0 40 0 0 0 0 0 285 3 1 0 
0 0 0 0 0 1063 0 0 2 0 0 0 
0 214 0 4 0 2 0 0 0 858 3 0 
20 0 0 0 11 0 0 0 0 0 820 89 
0 0 0 0 0 877 0 0 0 0 0 0 
0 0 0 0 0 0 0 0 0 0 1498 0 
0 770 1 0 94 73 0 0 0 49 4 50 
1 2 0 0 4 0 168 2 0 147 10 0 
0 0 0 0 0 0 0 0 0 0 1643 0 
0 0 0 0 0 0 0 0 0 0 1371 0 
0 0 0 0 0 0 0 0 0 0 1343 0 
33 2563 0 0 68 1 0 0 0 1 1 0 
0 0 0 0 0 473 0 0 0 0 0 0 
0 0 0 0 0 0 0 0 0 0 1373 0 
0 0 0 0 0 1 0 835 1 0 0 1 
0 4 0 0 742 37 36 6 0 0 0 0 
1 0 0 0 2 0 0 2 0 0 657 0 
0 0 0 0 0 0 0 0 0 0 0 281 
0 5 0 0 0 0 20 0 172 174 0 0 
0 0 0 0 0 0 0 0 0 0 1417 0 
4 1071 0 0 2 0 0 0 70 0 0 60 
0 0 0 0 0 0 0 0 0 0 1180 0 
0 0 0 0 0 0 0 0 0 0 1278 0 
0 0 0 0 0 0 1 0 0 0 1448 0 
0 0 0 0 0 0 0 0 0 1037 0 0 
409 0 0 0 0 0 0 0 0 0 0 12 
0 0 0 0 0 0 0 1 0 0 0 789 
0 0 0 0 0 0 0 0 0 0 822 0 
33 0 57 0 0 4 0 265 11 0 541 8 
0 0 0 0 0 0 0 442 0 0 0 0 
0 2 0 3 0 33 0 2 19 0 386 2 
0 0 0 0 0 0 0 0 0 0 512 0 
9 103 70 72 0 432 0 969 2 1 0 253 
0 0 0 0 0 3343 0 529 3 0 0 0 
