0 0 0 0 2908 0 2 0 144 0 44 0 
34 0 0 3 46 0 46 0 0 398 750 19 
0 0 0 0 0 0 0 0 0 0 759 0 
0 1 0 0 0 2096 91 0 0 0 0 0 
0 0 0 0 0 0 0 0 0 0 433 0 
0 0 0 1 0 4505 3 0 0 0 35 1 
0 0 49 344 1153 0 0 0 0 0 0 0 
0 0 0 0 0 3914 0 0 0 0 0 0 
0 0 0 0 0 441 0 0 0 0 0 0 
0 0 0 0 0 1305 0 0 0 0 0 0 
0 0 0 0 0 960 0 0 0 0 0 0 
0 0 0 0 0 736 177 349 7 0 0 1 
0 0 0 0 438 0 0 0 0 0 0 0 
0 0 0 0 1385 1526 0 3 1 0 0 0 
0 14 16 17 1 483 0 1 92 1140 9 17 
0 0 0 0 0 4555 727 0 0 50 0 0 
0 0 0 0 0 0 0 0 0 0 0 850 
337 2146 0 0 0 2 0 0 0 0 0 24 
0 0 0 0 0 0 0 0 0 0 1320 0 
0 0 0 0 0 0 0 0 0 0 731 0 
0 0 0 0 0 4 0 0 0 0 2924 0 
0 0 0 0 0 64 54 1 0 0 0 1576 
0 0 0 0 0 0 0 0 0 0 2954 0 
0 0 0 109 15 0 0 0 2 0 1829 453 
0 0 0 0 0 0 0 0 0 1748 0 0 
0 0 0 0 0 0 0 0 0 442 0 0 
0 0 0 0 0 870 0 0 0 0 0 0 
29 720 326 0 0 0 0 0 7 1 0 170 
0 0 0 0 0 0 0 0 0 0 1325 0 
0 0 0 0 0 2325 0 0 0 0 0 0 
0 0 1 0 0 803 0 0 0 0 0 3 
0 0 0 0 0 675 0 0 0 1 0 0 
0 0 0 0 1290 0 0 0 0 0 0 0 
0 0 2 1 0 2514 0 0 0 0 0 0 
0 0 0 0 881 1801 0 0 0 0 0 0 
440 0 0 0 0 0 0 0 0 0 0 0 
0 9 0 0 0 1 19 0 0 4 1320 0 
1 2422 0 0 1 0 0 0 17 1 93 0 
0 0 0 0 0 0 0 0 0 0 322 0 
0 0 0 0 0 0 0 628 0 0 0 0 
0 0 0 0 0 25 0 3 0 0 3757 0 
0 0 0 0 0 0 0 0 0 0 873 0 
0 42 683 1492 298 0 0 0 0 0 2 1 
0 0 0 0 0 0 0 0 0 0 2821 0 
0 3 0 0 1768 0 0 5 0 0 11 75 
0 0 0 0 292 0 0 0 0 0 0 0 
10 1 0 0 1353 0 0 0 0 0 0 0 
0 0 0 0 0 0 265 0 0 0 0 0 
0 0 0 0 0 0 0 0 0 1124 0 0 
0 0 0 0 0 760 0 3 0 69 2963 0 
0 0 0 0 0 0 0 0 0 1557 0 0 
0 0 0 0 0 0 0 0 0 0 2346 0 
0 0 0 0 0 0 0 0 0 460 0 0 
0 0 0 0 0 0 0 0 0 0 0 328 
0 0 13 56 0 0 6 1 111 7 0 0 
0 0 0 32 0 1 0 33 0 0 892 0 
0 0 0 0 0 0 0 0 0 0 697 0 
0 0 0 0 0 0 0 354 0 0 0 0 
0 37 0 0 0 0 0 499 2217 0 22 0 
0 0 4 0 0 0 0 0 0 0 2227 0 
0 0 0 0 0 0 0 0 0 0 647 0 
0 7 0 637 0 0 0 0 0 37 100 43 
0 4 0 0 10 3 0 2 0 0 3491 0 
43 396 0 0 0 0 31 162 4 0 0 41 
0 0 0 0 0 2175 0 0 0 0 0 0 
0 0 0 0 0 2 0 0 0 8 0 1533 
12 2 0 0 1056 0 0 3 0 0 1 0 
0 0 0 0 0 0 0 0 0 0 1948 0 
0 0 0 0 0 836 0 0 0 0 0 0 
0 0 0 0 0 0 0 0 0 0 941 0 
0 0 0 0 0 0 0 0 0 520 0 7 
0 0 0 0 0 1 0 0 0 535 0 0 
123 0 93 2 0 0 39 1 0 0 0 153 
3 132 112 1 0 42 0 0 40 142 590 9 
0 0 0 0 0 0 0 0 4 0 602 0 
0 2 0 0 0 94 106 0 3 0 240 0 
0 0 0 2 5 191 5 0 0 0 0 0 
3 1 0 0 0 0 0 0 0 0 1281 0 
0 0 2 0 7 0 0 3 0 0 345 0 
0 0 0 0 0 1133 0 0 0 0 0 0 
0 0 0 3 1 0 0 0 467 0 0 0 
0 0 0 0 0 0 0 0 0 0 824 0 
245 12 0 33 0 3 201 0 4 0 0 430 
291 0 0 167 0 0 467 0 0 78 0 4 
0 0 0 0 0 0 0 0 1 0 1232 0 
20 0 0 0 0 0 0 0 0 0 0 403 
0 0 0 0 0 0 0 0 0 0 3327 0 
0 0 0 0 0 0 0 0 0 0 0 2646 
0 0 0 0 944 0 0 0 0 0 0 0 
0 0 0 0 0 0 0 0 0 0 1704 0 
17 0 0 0 119 0 39 0 0 0 555 0 
0 0 0 0 0 619 0 0 0 0 0 0 
1589 0 0 1 0 1 45 51 1 0 0 0 
0 0 0 0 0 1318 0 0 0 0 0 0 
0 0 0 0 0 0 0 0 0 0 1155 0 
0 0 0 0 0 0 0 0 0 0 291 0 
0 0 0 0 512 0 0 0 0 0 0 0 
0 0 0 0 0 0 0 0 0 0 373 0 
0 0 0 0 0 633 0 0 1 0 0 0 
0 0 0 0 0 103 1183 146 21 0 0 0 
0 0 0 0 0 0 0 0 0 0 728 0 
0 0 0 0 2 486 0 2 2 0 5 0 
1 55 0 1039 336 0 0 285 218 20 0 0 
0 131 223 0 69 0 0 0 0 0 46 0 
0 0 0 0 0 0 491 0 0 0 0 2 
0 0 0 0 4 6 0 0 0 0 1589 0 
0 0 0 0 0 0 0 0 0 0 2475 0 
0 232 578 0 1372 0 0 0 0 0 0 2 
184 0 0 0 0 11 1666 57 0 0 0 0 
0 0 891 0 2 1 3 0 1 0 0 0 
334 23 182 0 0 0 0 20 8 24 0 0 
0 0 1 0 0 0 0 0 609 1 0 0 
0 0 0 0 0 0 0 0 0 0 1314 0 
0 0 0 0 0 0 0 0 0 0 1193 0 
0 0 0 0 0 0 0 0 0 0 389 0 
0 0 0 0 0 731 0 0 1 0 0 0 
0 0 0 0 0 0 0 0 0 0 1680 0 
0 0 1 0 0 0 2299 0 1 85 0 355 
0 0 0 0 0 0 0 0 0 0 2873 0 
0 0 0 0 0 0 0 0 0 0 0 1443 
0 0 0 0 0 2015 0 0 0 0 0 0 
0 0 0 0 0 1068 0 0 0 0 0 0 
0 0 0 0 0 1503 0 0 0 0 0 0 
0 0 0 0 0 547 0 0 0 0 0 0 
0 0 0 0 0 0 0 0 0 0 0 480 
9 0 0 0 993 578 0 40 0 0 0 0 
0 0 23 1 0 0 5 0 300 0 0 0 
0 0 0 2 0 1067 0 0 0 0 1 0 
1 240 0 0 0 0 0 0 0 840 0 0 
0 0 0 17 14 0 0 4 0 0 885 21 
0 0 0 0 0 877 0 0 0 0 0 0 
0 0 0 0 0 0 0 0 0 0 1501 0 
0 760 0 11 104 25 0 0 0 140 0 0 
0 0 1 0 0 0 128 8 65 132 0 0 
0 0 0 0 0 0 0 0 0 0 1643 0 
0 0 0 0 0 0 0 0 0 0 1371 0 
0 0 0 0 0 0 0 0 0 0 1337 0 
0 2572 0 22 43 2 0 0 0 0 26 3 
0 0 0 0 0 473 0 0 0 0 0 0 
0 0 0 0 0 0 0 0 0 0 1373 0 
0 0 0 0 0 0 0 836 0 0 0 0 
9 0 0 0 613 7 96 92 8 0 0 0 
0 0 0 0 0 0 0 0 0 0 663 0 
0 0 0 0 0 0 0 0 0 0 0 281 
0 0 0 0 0 0 19 0 187 165 0 0 
0 0 0 0 0 0 0 0 0 0 1415 0 
0 1007 0 0 40 0 1 0 33 0 2 121 
0 0 0 0 0 0 0 0 0 0 1180 0 
0 0 0 0 0 0 0 0 0 0 1273 0 
0 0 0 0 0 0 0 0 0 0 1451 0 
0 0 0 0 0 0 0 0 0 1038 0 0 
403 0 0 0 0 0 0 0 0 0 0 18 
0 0 0 0 0 0 0 0 0 0 0 789 
0 0 0 0 0 0 0 0 0 0 824 0 
50 0 11 1 0 0 12 390 0 0 455 0 
0 0 0 0 0 0 0 445 0 0 0 0 
0 24 0 2 0 0 0 0 0 0 416 8 
0 0 0 0 0 0 0 0 0 0 512 0 
2 152 117 22 0 455 0 849 0 0 0 316 
0 0 7 0 0 3331 0 538 0 0 0 0 
