0 10 0 28 3017 0 1 0 27 0 7 6 
0 0 0 0 181 0 40 0 0 257 815 0 
0 0 0 0 0 0 0 0 0 0 759 0 
0 0 0 0 0 2101 90 0 0 0 0 0 
0 0 0 0 0 0 0 0 0 0 433 0 
0 0 0 0 0 4498 0 0 0 0 53 0 
0 0 46 343 1158 0 0 0 0 0 0 0 
0 0 0 0 0 3910 0 0 0 0 0 0 
0 0 0 0 0 439 0 0 0 0 0 0 
0 0 0 0 0 1306 0 0 0 0 0 0 
1 0 0 0 0 959 0 0 0 0 0 0 
0 0 0 31 0 636 360 243 0 0 0 0 
0 0 0 0 438 0 0 0 0 0 0 0 
0 0 0 1 1559 1360 0 0 1 0 0 0 
2 48 0 0 1 677 0 1 47 1015 0 0 
0 0 0 0 0 4388 771 0 0 169 0 0 
0 0 0 0 0 0 0 0 0 0 0 862 
312 2171 30 0 0 0 0 0 0 0 0 6 
0 0 0 0 0 0 0 0 0 0 1318 1 
0 0 0 0 0 0 0 0 0 0 729 0 
0 0 0 0 0 4 0 0 0 0 2934 0 
0 0 29 0 0 11 43 0 0 0 0 1608 
0 0 0 0 0 0 0 0 0 0 2968 0 
0 0 0 76 0 0 0 0 0 9 1871 444 
0 0 0 0 0 0 0 0 0 1755 0 0 
0 0 0 0 0 0 0 0 0 442 0 0 
1 0 0 0 0 871 0 0 0 0 0 0 
33 694 276 0 2 6 0 0 0 0 0 242 
0 0 0 0 0 0 0 0 0 0 1325 0 
0 0 0 0 0 2326 0 0 0 0 0 0 
0 0 0 0 0 811 0 0 0 0 0 0 
0 0 0 0 0 676 0 0 0 0 0 0 
0 0 0 0 1290 0 0 0 0 0 0 0 
0 0 0 0 0 2514 0 0 0 0 0 0 
0 0 0 0 944 1741 0 0 0 0 0 0 
440 0 0 0 0 0 0 0 0 0 0 0 
0 0 0 0 0 0 10 0 20 0 1322 0 
0 2415 0 0 0 0 1 0 0 0 121 0 
0 0 0 0 0 0 0 0 0 0 322 0 
0 0 0 0 0 0 0 628 0 0 0 0 
1 4 1 0 0 0 4 0 1 1 3790 1 
0 0 0 0 0 0 0 0 0 0 873 0 
0 11 795 1417 292 0 0 0 2 1 0 0 
0 0 0 0 0 0 1 0 0 0 2780 0 
0 16 0 0 1841 0 0 0 0 1 0 4 
0 0 0 0 292 0 0 0 0 0 0 0 
0 0 0 0 1347 0 0 0 1 8 0 0 
0 0 0 0 0 0 265 0 0 0 0 0 
0 0 0 0 0 0 0 0 0 1123 0 0 
0 0 0 15 0 655 0 0 0 27 3103 0 
0 0 0 0 0 0 0 0 0 1555 0 0 
0 2 0 0 1 0 0 0 0 0 2619 0 
0 0 0 0 0 0 0 0 0 460 0 0 
0 0 0 0 0 0 0 0 0 0 2 326 
0 0 32 64 0 0 0 2 96 0 0 0 
0 0 0 43 0 9 0 14 59 0 832 0 
0 0 0 0 0 0 0 0 0 0 697 0 
0 0 0 0 0 0 0 354 0 0 0 0 
1 12 0 0 0 0 0 616 2140 0 5 0 
0 0 0 0 0 0 0 0 0 2 2222 0 
0 0 0 0 0 0 0 0 0 0 647 0 
0 0 0 660 0 0 0 0 0 0 127 37 
0 0 1 1 11 0 0 1 0 3 3476 0 
0 157 0 1 0 0 249 51 0 0 0 219 
0 0 0 0 0 2176 0 0 0 0 0 0 
0 0 0 0 0 7 0 0 0 7 0 1531 
0 0 0 0 1073 0 0 0 1 0 0 0 
0 0 0 1 0 0 0 0 0 0 1974 0 
0 0 0 0 0 836 0 0 0 0 0 0 
0 0 0 0 0 0 0 0 0 0 942 0 
0 0 2 0 0 0 0 0 0 525 0 0 
0 0 0 0 0 0 0 0 0 536 0 0 
107 0 181 29 0 6 0 0 0 0 2 86 
0 67 69 0 0 2 7 0 91 71 764 0 
0 0 0 0 0 5 0 2 0 1 591 8 
0 0 6 0 0 237 49 0 0 0 150 0 
0 14 0 0 9 179 0 0 0 1 0 0 
0 0 0 0 0 0 0 0 0 0 1281 0 
2 8 0 0 0 0 0 0 3 0 344 0 
0 0 0 0 0 1131 0 0 0 0 0 0 
14 0 0 0 0 0 5 0 451 1 0 0 
0 0 0 0 0 0 0 0 0 0 824 0 
587 10 0 35 0 0 31 5 32 1 0 227 
232 0 3 39 0 31 594 0 0 109 0 0 
0 0 0 0 0 0 0 0 0 0 1233 0 
18 0 0 0 0 0 0 0 0 0 0 405 
0 0 0 0 0 0 0 0 0 0 3320 0 
0 0 0 0 0 0 0 0 0 0 0 2645 
0 0 0 0 943 0 0 0 0 0 2 0 
0 0 0 0 0 0 0 0 0 0 1696 0 
0 0 0 0 0 0 0 5 0 0 725 0 
6 0 0 0 0 612 1 0 0 0 0 0 
1683 1 0 0 0 4 0 2 0 0 0 0 
0 0 0 0 0 1319 0 0 0 0 0 0 
0 0 0 0 0 0 0 0 0 1 1153 0 
0 0 0 0 0 0 0 0 0 0 291 0 
0 0 0 0 509 0 0 0 0 0 0 0 
0 0 0 0 0 0 0 0 0 0 371 0 
0 1 0 0 0 631 0 0 0 0 0 0 
0 0 0 0 0 140 1181 122 10 0 0 1 
0 0 0 0 0 0 0 0 0 0 726 0 
0 1 0 0 0 464 0 4 0 14 14 0 
0 151 0 702 362 0 0 521 211 2 0 5 
0 246 112 3 47 0 7 50 0 2 2 0 
0 0 0 0 0 0 487 1 0 0 0 5 
0 0 126 0 24 280 0 0 0 34 861 0 
0 0 0 0 0 0 0 0 0 0 2475 0 
6 205 638 1 1325 0 0 0 0 0 0 16 
320 0 0 0 0 1 1574 1 0 22 0 0 
0 1 887 0 1 0 1 0 0 0 0 0 
290 10 163 0 7 3 0 57 17 40 4 0 
0 0 0 0 0 0 0 0 611 0 0 0 
0 0 0 0 0 0 0 0 0 0 1314 0 
0 0 0 0 0 0 0 0 0 2 1192 0 
0 0 0 0 0 0 0 0 0 0 389 0 
0 0 2 0 0 728 0 0 0 0 2 0 
0 0 0 0 0 0 0 0 0 0 1670 0 
19 0 0 0 0 3 2275 4 0 62 1 379 
0 0 0 0 0 0 0 0 0 0 2878 0 
0 0 0 0 0 0 0 0 0 0 0 1430 
0 0 0 0 0 2014 0 0 0 0 0 0 
0 0 0 0 0 1068 0 0 0 0 0 0 
0 0 0 0 0 1503 0 0 0 0 0 0 
0 0 0 0 0 547 0 0 0 0 0 0 
0 0 0 0 0 0 0 0 0 0 0 482 
0 0 0 0 911 712 0 0 0 0 0 0 
0 0 59 0 0 0 0 0 267 3 0 0 
2 0 0 0 0 1065 0 0 0 0 0 1 
0 217 8 0 0 0 0 0 0 856 0 0 
0 0 0 0 23 3 0 0 0 0 877 37 
0 0 0 0 1 876 0 0 0 0 0 0 
0 0 0 0 0 0 0 0 0 0 1499 0 
2 745 0 0 36 117 0 0 1 77 0 60 
0 0 0 0 0 0 128 24 0 176 6 0 
0 0 0 0 0 0 0 0 0 0 1643 0 
0 0 0 0 0 0 0 0 0 0 1372 0 
0 0 0 0 0 0 0 0 0 0 1355 0 
8 2595 6 0 51 0 0 6 0 0 1 0 
0 0 0 0 0 473 0 0 0 0 0 0 
0 0 0 0 0 0 0 0 0 0 1373 0 
0 0 0 0 0 0 0 835 0 0 0 0 
0 7 0 31 669 0 109 0 5 0 0 4 
0 0 0 0 0 0 0 0 0 1 663 0 
0 0 0 0 0 0 0 0 0 0 0 281 
0 0 0 0 0 0 12 0 168 191 0 0 
0 0 0 0 0 0 0 0 0 0 1418 0 
1 1132 0 0 28 1 8 0 23 0 0 13 
0 0 0 0 0 0 0 0 0 0 1180 0 
0 0 0 0 0 0 0 0 0 0 1273 0 
0 0 0 0 0 0 0 0 0 0 1452 0 
0 0 0 0 0 0 0 0 0 1037 0 0 
400 0 0 0 0 4 0 0 0 0 0 17 
0 0 0 0 0 0 0 0 0 0 0 791 
0 0 0 0 0 0 0 0 0 0 825 0 
2 0 46 0 0 16 2 288 22 0 543 0 
0 0 0 0 0 0 0 446 0 0 0 0 
0 0 0 0 10 39 0 0 26 0 376 0 
0 0 0 0 0 0 0 0 0 0 512 0 
32 116 137 53 0 412 0 826 0 0 0 339 
0 0 0 0 0 3299 1 560 4 0 1 0 
