0 0 0 2979 93 1 0 0 0 0 26 0 
0 0 0 4 0 1281 0 2 0 0 0 0 
2 0 4 0 99 606 0 50 0 0 0 0 
0 0 0 0 0 333 1692 0 3 0 1 0 
0 1 52 339 0 0 0 0 41 0 0 0 
2 0 0 0 0 1 0 0 0 188 4370 0 
0 410 660 469 0 0 0 0 2 4 0 2 
0 0 1 0 0 0 0 0 0 0 3905 0 
9 13 68 3 0 315 0 0 1 5 0 26 
0 0 0 0 0 0 0 0 0 1308 0 0 
0 0 0 0 0 0 0 0 1 0 959 0 
1 0 0 0 0 0 2 1015 0 233 0 0 
0 0 0 0 0 0 0 0 0 0 0 438 
6 0 0 29 450 684 0 0 0 0 1760 1 
0 0 0 0 0 0 0 0 0 0 1789 0 
0 5 1 0 0 0 0 0 0 5143 187 0 
0 0 862 1 0 0 0 0 0 2 0 0 
0 1670 839 7 0 0 0 0 0 0 0 0 
0 0 0 0 0 1299 0 0 0 0 0 0 
0 0 0 0 731 0 0 0 0 0 0 0 
0 0 0 0 2 2935 0 0 0 0 0 0 
2 0 0 0 1694 0 0 0 0 0 0 0 
0 0 0 55 2168 670 0 14 52 0 0 5 
4 0 0 793 1592 0 0 0 0 0 0 0 
0 0 0 0 0 1755 0 0 0 0 0 0 
0 0 0 0 433 0 1 0 0 1 0 7 
0 0 0 0 0 0 0 0 0 0 871 0 
33 172 1 0 0 0 0 0 0 1046 0 1 
0 0 0 0 1325 0 0 0 0 0 0 0 
0 0 0 0 0 1092 0 0 62 0 1126 36 
0 0 0 0 0 0 0 0 0 806 0 0 
0 0 0 0 0 0 0 0 0 0 676 0 
0 0 0 0 0 0 0 0 0 0 1290 0 
0 0 0 0 0 0 0 0 0 0 2516 0 
0 911 0 1 0 0 0 1748 3 13 0 0 
0 0 0 0 0 0 440 0 0 0 0 0 
0 0 1 1 0 0 1156 0 0 0 0 0 
0 0 0 0 0 0 0 0 0 0 2538 0 
0 0 0 0 0 0 0 0 322 0 0 0 
0 0 0 1 0 0 0 601 0 0 0 22 
0 30 0 0 1707 2043 0 0 1 0 19 0 
0 0 7 24 265 0 0 0 0 576 3 0 
0 8 0 497 2020 0 0 0 0 0 0 0 
0 0 1 0 2 2785 0 0 0 2 0 0 
0 0 0 0 0 0 0 0 0 1862 0 0 
0 0 0 0 0 0 0 0 0 0 292 0 
1 0 0 0 0 0 0 0 0 0 0 1356 
0 0 0 1 0 262 0 0 0 0 0 2 
0 5 42 28 0 0 93 667 0 37 0 251 
0 0 0 0 0 3813 0 5 0 0 0 0 
0 0 0 0 0 1556 0 0 0 0 0 0 
0 0 0 0 0 2620 0 1 0 0 0 0 
0 0 0 0 0 0 0 460 0 0 0 0 
0 0 0 0 328 0 0 0 0 0 0 0 
0 0 0 0 0 194 0 0 0 0 0 0 
0 1 0 0 754 0 0 2 17 1 201 0 
0 0 0 0 0 697 0 0 0 0 0 0 
0 353 0 0 0 0 0 0 0 0 0 0 
2477 19 0 0 0 0 0 44 32 0 204 0 
85 1 0 0 30 2093 3 0 0 4 7 0 
0 0 0 0 0 647 0 0 0 0 0 0 
0 0 0 0 0 0 0 0 0 0 824 0 
12 0 0 0 2161 1341 0 0 0 0 0 0 
2 0 17 0 0 0 1 0 0 656 1 0 
0 1 0 0 0 0 0 0 0 2172 0 0 
0 0 0 1533 3 0 0 1 1 0 0 0 
0 0 0 0 0 0 0 0 0 0 1079 0 
0 14 0 32 102 1664 1 0 0 0 3 184 
0 98 0 0 2 0 842 6 0 48 6 0 
0 0 0 0 941 0 0 0 0 0 0 0 
0 0 0 0 0 0 0 522 3 2 0 0 
0 7 0 0 0 2 0 58 0 469 0 0 
0 0 0 0 411 0 0 0 0 0 0 0 
0 0 0 0 0 0 0 1 0 1070 0 0 
0 43 0 417 60 7 0 6 30 21 19 0 
0 0 0 0 0 437 0 0 0 0 0 0 
0 0 0 203 0 0 0 0 0 0 0 0 
0 0 0 0 1285 0 0 0 0 0 0 0 
0 0 0 0 0 0 0 0 0 0 357 0 
0 0 0 0 0 0 0 0 0 1134 0 0 
0 0 0 0 0 0 1 1 184 285 0 0 
0 0 0 0 0 824 0 0 0 0 0 0 
2 0 0 0 0 927 0 0 0 0 0 1 
0 0 0 0 1007 0 0 0 0 0 0 0 
0 0 0 0 1228 0 0 0 0 0 0 0 
411 0 0 0 0 0 0 0 0 0 0 12 
3 310 0 2334 120 327 0 141 0 33 26 0 
0 0 0 0 2641 0 0 0 4 0 0 0 
842 73 1 0 1 0 0 1 0 0 33 0 
0 0 0 2 0 1673 0 0 0 0 0 0 
0 143 0 0 3 1 0 378 205 0 0 0 
0 0 0 0 0 0 0 0 0 1 617 0 
318 0 1 0 0 1343 3 1 23 0 3 0 
0 0 0 0 0 0 0 0 1 1315 0 1 
245 3 0 146 0 6 117 0 145 504 0 0 
0 0 0 0 291 0 0 0 0 0 0 0 
0 0 0 0 0 0 0 0 2 0 501 0 
0 0 5 1 2 0 1 28 8 0 0 326 
0 0 0 53 6 26 4 0 0 462 70 9 
0 4 1 0 0 0 112 263 1071 0 0 0 
0 404 0 0 0 0 22 299 1 0 0 0 
35 0 0 0 89 6 111 0 0 10 8 237 
0 0 0 0 0 0 0 0 0 1952 0 0 
0 0 0 0 0 0 1 0 0 0 468 0 
0 0 0 0 0 149 344 0 0 0 0 0 
0 0 0 0 1 1324 0 0 0 0 0 0 
0 0 4 4 1253 1228 0 0 0 0 0 0 
0 33 0 0 0 0 0 0 0 0 0 2157 
0 0 0 0 0 0 0 0 0 0 1918 0 
0 0 100 0 4 1 1 0 0 0 787 0 
0 0 1 0 0 0 0 0 0 592 0 0 
73 8 0 0 1 0 8 0 515 0 0 6 
0 0 0 0 1 1311 0 0 0 0 0 0 
81 0 225 378 0 8 0 0 426 0 0 78 
0 0 0 0 0 389 0 0 0 0 0 0 
428 4 9 0 0 0 1 205 3 0 0 80 
0 0 0 0 0 1680 0 0 0 0 0 0 
0 745 0 0 0 325 0 77 0 0 1594 0 
308 0 0 1193 0 206 11 0 1 0 1168 0 
0 5 1385 0 0 0 0 0 0 0 0 37 
0 0 0 0 0 0 0 2 0 0 2014 0 
0 0 0 0 0 0 0 0 0 0 1068 0 
0 0 0 0 0 0 0 0 0 0 1503 0 
1 0 0 0 0 361 176 0 0 4 5 0 
414 0 0 35 12 0 0 5 8 0 0 5 
0 0 0 0 0 1622 0 0 0 0 0 0 
0 0 1 0 0 0 0 4 317 10 0 0 
0 0 0 0 0 0 0 0 0 0 1060 0 
96 0 352 24 0 0 33 0 395 0 176 5 
0 0 0 0 0 0 0 0 0 0 941 0 
0 0 0 0 0 0 0 0 0 877 0 0 
0 0 0 0 1488 0 0 0 0 0 0 0 
0 0 0 11 998 0 17 8 1 5 0 0 
0 0 0 27 25 0 0 0 0 0 0 282 
0 0 0 0 1643 0 0 0 0 0 0 0 
0 0 0 0 1370 0 0 0 0 0 0 0 
0 5 1 0 1318 1 0 0 8 0 0 0 
0 260 756 0 1593 0 2 0 8 27 21 0 
0 0 0 0 0 0 0 0 0 473 0 0 
55 0 0 0 218 0 0 0 0 0 989 123 
0 0 0 0 1 0 0 12 0 823 0 0 
21 0 7 0 2 0 0 0 0 795 0 0 
7 76 0 3 0 546 27 0 0 0 3 0 
0 280 1 0 0 0 0 0 0 0 0 0 
1 0 0 2 0 0 368 0 0 0 0 0 
0 5 0 0 1404 0 0 0 1 0 0 0 
0 0 0 0 0 1203 0 0 0 0 0 0 
0 0 0 0 1180 0 0 0 0 0 0 0 
123 6 7 0 0 0 0 14 309 0 0 805 
0 0 0 0 1450 0 0 0 0 0 0 0 
0 0 0 0 0 1027 9 0 0 0 0 1 
420 0 0 0 0 0 0 1 0 0 0 0 
0 14 0 469 0 257 0 0 0 0 0 52 
0 1 0 0 819 0 0 0 0 0 0 0 
0 0 0 0 919 0 0 0 0 0 0 0 
1 0 1 0 2 0 0 5 0 437 0 0 
0 0 0 0 0 0 645 0 0 0 0 0 
0 3 0 0 259 0 1 1 1 247 0 0 
0 0 0 0 0 0 0 0 0 0 1915 0 
9 0 0 0 0 0 0 3884 0 0 0 0 
