9 0 0 2902 173 0 4 0 0 0 5 0 
0 0 0 0 1 1295 0 0 0 0 0 0 
0 0 0 4 83 439 54 0 139 0 1 39 
0 0 10 25 0 356 1749 0 0 0 4 44 
0 0 19 235 29 19 54 0 0 0 77 0 
0 0 0 4 0 0 0 0 0 185 4355 0 
0 469 637 394 0 0 0 0 0 5 0 41 
0 0 0 0 0 0 0 0 0 0 3914 0 
0 0 2 0 0 399 0 27 0 0 0 13 
0 0 0 0 0 0 0 0 0 1305 0 0 
0 0 0 0 0 0 0 0 0 0 962 0 
3 127 1 0 0 0 0 684 0 175 0 272 
0 0 0 1 0 0 0 0 0 0 0 437 
0 12 5 0 592 513 0 2 0 20 1777 0 
0 0 0 0 0 0 0 0 0 0 1794 0 
0 0 0 0 0 0 0 0 2 5184 151 0 
0 0 848 0 0 0 0 0 0 0 3 0 
0 1707 801 1 1 0 0 1 0 0 0 0 
0 0 0 0 0 1327 0 0 0 0 0 0 
0 0 0 0 731 0 0 0 0 0 0 0 
0 0 0 0 0 2939 0 0 0 0 0 0 
0 0 0 0 1701 0 0 0 0 0 0 0 
0 19 0 79 2735 125 0 0 0 2 0 5 
11 0 0 344 2023 0 0 0 0 0 8 0 
0 0 0 0 0 1753 0 0 0 0 0 0 
0 0 100 1 339 0 0 0 0 0 3 0 
0 0 0 0 0 0 0 0 0 0 872 0 
0 1 0 91 2 5 0 0 159 985 0 10 
0 0 0 3 1322 0 0 0 0 0 0 0 
0 0 0 0 0 1204 0 0 179 0 940 0 
0 0 0 0 0 0 0 0 0 805 0 0 
0 0 0 0 0 0 0 0 0 0 676 0 
0 0 0 0 0 0 0 0 0 0 1290 0 
0 0 0 0 0 0 0 0 0 0 2520 0 
0 1352 1 18 2 5 0 1281 0 21 0 0 
0 0 0 0 0 0 440 0 0 0 0 0 
0 0 1 0 0 0 1352 0 0 0 0 0 
0 0 0 2 0 0 0 4 0 0 2528 0 
0 0 0 0 0 0 0 0 322 0 0 0 
9 0 0 0 0 12 0 555 20 0 1 31 
0 0 0 75 1684 2033 0 0 0 0 5 0 
0 0 0 0 449 1 222 13 0 185 0 0 
0 10 0 519 1992 0 0 0 0 0 0 0 
1 0 0 0 0 2796 0 25 0 0 0 0 
0 0 0 0 0 0 0 0 0 1862 0 0 
0 0 0 0 0 0 0 0 0 0 292 0 
0 0 0 0 0 0 0 0 0 0 0 1357 
0 0 0 0 0 256 1 2 0 0 0 6 
0 0 57 0 0 0 0 909 0 0 1 157 
0 0 0 8 0 3788 0 0 0 0 0 7 
0 0 0 0 0 1555 0 0 0 0 0 0 
0 0 0 0 0 2346 0 0 0 0 0 0 
0 0 0 0 0 0 0 460 0 0 0 0 
0 0 0 0 328 0 0 0 0 0 0 0 
0 0 0 0 0 194 0 0 0 0 0 0 
0 6 3 0 828 0 7 3 0 0 118 0 
0 0 0 0 0 697 0 0 0 0 0 0 
0 353 0 0 0 0 0 0 0 0 0 0 
2376 40 0 3 0 0 0 135 39 0 181 1 
0 0 0 0 1 2217 7 0 0 0 0 0 
0 0 0 0 0 647 0 0 0 0 0 0 
0 0 0 0 0 0 0 0 0 0 824 0 
6 0 0 5 2330 1082 18 0 29 0 0 0 
3 4 0 0 0 0 0 0 0 663 7 0 
0 0 0 0 0 0 0 0 0 2170 0 0 
0 0 0 1532 4 0 0 0 1 0 0 0 
0 0 0 0 0 0 0 0 0 0 1075 0 
0 1 115 64 714 883 8 0 17 0 0 157 
0 0 27 51 0 0 540 0 0 42 0 176 
0 0 0 0 942 0 0 0 0 0 0 0 
0 0 2 2 0 0 0 523 0 0 0 0 
1 1 9 4 0 14 0 0 27 451 27 2 
0 0 0 0 411 0 0 0 0 0 0 0 
0 0 0 0 0 0 0 0 0 1070 0 0 
0 155 0 1 11 6 0 0 414 13 4 0 
0 0 1 0 0 445 0 0 1 0 0 0 
0 0 0 203 0 0 0 0 0 0 0 0 
0 0 0 0 1304 0 0 0 0 0 0 0 
0 0 0 0 0 0 0 0 0 0 357 0 
0 0 0 0 0 0 0 0 0 1136 0 0 
0 2 0 0 0 0 3 0 194 272 0 0 
0 0 0 0 0 824 0 0 0 0 0 0 
0 0 1 0 0 929 0 0 0 0 0 0 
0 0 0 0 1006 0 0 0 0 0 0 0 
0 0 0 0 1228 0 0 0 0 0 0 0 
414 0 0 0 0 0 0 0 0 0 0 9 
0 687 0 1307 489 390 0 424 13 0 0 0 
0 0 0 0 2667 0 0 0 0 0 0 0 
835 34 0 0 0 0 0 3 0 0 75 2 
0 0 0 0 0 1705 0 0 0 4 0 0 
0 69 1 0 47 0 0 25 572 7 0 9 
0 0 0 0 0 0 0 3 2 0 614 0 
233 0 0 2 0 1440 0 0 5 0 1 3 
1 0 0 0 0 0 0 0 0 1317 0 0 
508 0 11 0 0 0 0 0 525 119 0 0 
0 0 0 0 292 0 0 0 0 0 0 0 
0 0 0 0 0 0 0 0 0 0 510 0 
16 0 0 0 0 0 0 0 55 0 0 300 
0 199 0 12 0 0 0 0 0 213 211 0 
0 0 0 0 0 0 107 207 1139 0 0 0 
43 543 0 0 0 1 0 120 12 0 10 0 
0 0 0 0 0 0 0 0 8 0 0 489 
0 0 0 0 0 0 0 0 0 1954 0 0 
0 2 0 0 0 0 0 0 0 0 467 0 
0 0 0 0 0 163 329 0 0 1 0 0 
1 0 0 0 0 1599 0 0 0 0 0 0 
0 0 0 0 1090 1367 0 19 0 0 0 0 
0 34 0 0 0 0 0 0 0 0 0 2157 
0 0 0 0 0 0 0 0 0 0 1918 0 
0 0 126 0 4 0 12 0 0 0 755 0 
0 0 0 0 0 0 0 0 0 591 0 0 
0 0 0 2 0 34 0 0 575 0 0 0 
0 0 0 0 0 1305 0 0 0 0 0 0 
92 0 28 194 0 0 1 1 864 0 0 7 
0 0 0 0 0 388 1 0 0 0 0 0 
99 13 0 46 2 0 0 282 1 0 0 289 
0 0 0 0 0 1679 0 0 0 0 0 0 
0 926 0 5 0 291 4 0 0 0 1500 10 
38 0 0 1832 34 377 0 1 0 0 578 0 
0 0 1400 1 0 0 2 0 0 3 0 38 
0 0 0 0 0 0 0 0 0 0 2015 0 
0 0 0 0 0 0 0 0 0 0 1068 0 
0 0 0 0 0 0 0 0 0 0 1503 0 
1 0 0 0 0 382 161 0 0 3 0 0 
315 0 0 0 52 0 0 61 0 43 7 0 
0 0 0 0 0 1620 0 0 0 0 0 0 
0 0 4 0 0 0 0 1 324 0 0 0 
0 0 0 0 0 0 0 0 0 0 1066 0 
0 0 532 0 0 0 3 1 435 0 110 0 
0 0 0 0 0 0 0 0 0 0 937 0 
0 0 0 0 0 0 0 0 0 877 0 0 
0 0 0 0 1500 1 0 0 0 0 0 0 
0 0 0 0 1012 0 0 21 0 0 0 2 
20 1 0 0 0 0 0 77 2 0 0 234 
0 0 0 0 1643 0 0 0 0 0 0 0 
0 0 0 0 1372 0 0 0 0 0 0 0 
0 0 0 3 1333 0 2 0 0 0 0 0 
1 134 540 0 1982 0 1 0 11 0 0 0 
0 0 0 0 0 0 0 0 0 473 0 0 
323 19 0 0 0 0 0 0 0 0 944 88 
0 0 0 0 0 0 0 15 0 798 0 0 
57 17 0 22 0 0 3 5 19 691 0 11 
2 503 0 42 0 108 0 0 0 1 7 0 
0 280 0 1 0 0 0 0 0 0 0 0 
0 0 0 0 0 0 369 0 0 0 0 0 
0 0 0 0 1409 2 0 0 3 0 0 0 
0 0 0 0 0 1203 0 0 0 0 0 0 
0 0 0 0 1180 0 0 0 0 0 0 0 
207 97 0 0 0 7 13 0 719 0 0 232 
0 0 0 2 1440 0 0 0 0 0 0 0 
0 0 0 0 3 1032 0 0 0 0 1 1 
421 0 0 0 0 0 0 0 0 0 0 0 
0 0 0 593 93 102 0 0 0 0 0 4 
0 0 0 0 830 0 0 0 0 0 4 0 
0 0 0 0 919 0 0 0 0 0 0 0 
1 0 0 2 0 0 0 0 0 465 0 0 
1 0 0 0 0 0 447 0 0 0 0 2 
0 0 0 0 374 4 2 0 0 120 0 12 
0 0 0 0 0 0 0 0 0 0 1910 0 
0 11 0 0 0 0 26 3845 0 0 0 1 
