17 0 0 2875 191 0 5 0 0 0 2 1 
0 0 0 0 0 1293 0 0 1 0 0 0 
0 0 1 5 81 450 47 0 153 0 0 24 
0 0 11 21 0 417 1692 0 0 0 2 45 
0 0 18 236 46 16 37 0 0 2 78 0 
0 2 0 0 0 0 0 0 0 178 4374 0 
0 396 662 441 0 0 0 0 0 6 0 39 
0 0 0 0 0 0 0 0 0 0 3914 0 
0 0 0 0 0 411 0 20 0 0 0 10 
0 0 0 0 0 0 0 0 0 1305 0 0 
1 0 0 0 0 0 0 1 0 0 959 0 
2 127 2 0 0 0 0 709 0 192 0 230 
0 0 0 2 0 0 0 0 0 0 0 436 
0 13 6 0 590 534 0 2 2 27 1748 0 
0 0 0 0 0 0 0 0 1 0 1793 0 
0 0 3 0 0 0 0 0 0 5140 192 0 
0 0 850 0 0 0 0 0 0 0 1 0 
0 1746 762 1 0 2 0 0 0 0 0 0 
0 0 0 0 0 1327 0 0 0 0 0 0 
0 0 0 0 731 0 0 0 0 0 0 0 
0 0 0 0 0 2941 0 0 0 0 0 0 
0 0 0 0 1701 0 0 0 0 0 0 0 
0 27 0 66 2722 138 0 0 0 5 0 3 
10 0 0 307 2071 0 0 0 0 0 2 0 
0 0 0 0 0 1755 0 0 0 0 0 0 
0 0 116 4 323 0 0 0 0 0 0 0 
0 1 0 0 0 0 0 0 1 0 870 0 
0 0 0 83 1 11 0 0 200 933 2 23 
0 0 0 1 1324 0 0 0 0 0 0 0 
0 0 0 0 0 1190 0 0 224 0 907 0 
0 0 0 0 0 0 0 0 0 805 0 0 
0 0 0 0 0 0 0 0 0 0 676 0 
0 0 0 0 0 0 0 0 0 0 1290 0 
0 0 0 0 0 0 0 0 0 0 2519 1 
3 1315 0 21 0 5 0 1319 0 17 0 1 
0 0 0 0 0 0 440 0 0 0 0 0 
0 0 0 0 0 0 1354 0 0 0 0 0 
0 2 0 1 0 0 0 6 0 0 2525 0 
0 0 0 0 0 0 0 0 322 0 0 0 
13 0 0 0 0 7 0 540 30 0 0 34 
0 0 0 103 1625 2058 0 1 0 0 4 0 
0 0 1 0 483 0 216 12 0 159 0 0 
0 11 0 481 2029 0 0 0 0 0 0 0 
3 0 0 0 0 2797 0 13 0 0 0 0 
0 0 0 0 0 0 0 0 0 1862 0 0 
0 0 0 0 0 0 0 0 0 0 292 0 
0 0 0 0 0 0 1 0 0 0 0 1354 
0 0 0 0 0 254 0 0 0 0 0 11 
0 0 44 0 0 0 0 928 0 0 0 152 
0 0 0 9 0 3788 0 0 0 0 0 3 
0 0 0 0 0 1554 1 0 0 1 0 0 
0 0 0 0 0 2346 0 0 0 0 0 0 
0 0 0 1 0 0 0 459 0 0 0 0 
0 0 0 0 328 0 0 0 0 0 0 0 
0 0 0 0 0 194 0 0 0 0 0 0 
0 5 5 0 854 0 7 3 0 0 94 0 
0 0 0 0 0 697 0 0 0 0 0 0 
0 353 0 0 0 0 0 0 0 0 0 0 
2339 40 0 10 0 0 0 145 61 0 180 0 
0 0 0 0 0 2227 5 0 1 0 0 0 
0 0 0 0 0 646 0 0 0 0 0 0 
0 0 0 0 0 0 0 0 0 0 824 0 
5 0 0 3 2328 1118 9 0 24 0 0 0 
7 2 0 0 0 0 0 0 0 664 4 0 
0 0 0 0 0 0 0 0 0 2171 0 0 
0 1 0 1534 1 0 0 0 1 0 0 0 
0 0 0 0 0 0 0 0 0 0 1074 0 
0 0 121 56 651 942 2 0 16 0 0 171 
0 0 23 47 0 1 567 0 0 36 0 162 
0 0 0 0 942 0 0 0 0 0 0 0 
0 0 2 3 0 1 0 520 0 0 1 0 
0 0 4 1 0 14 0 0 23 474 20 0 
0 0 0 0 411 0 0 0 0 0 0 0 
0 0 0 1 0 0 0 0 0 1069 0 0 
0 184 0 2 4 6 0 0 402 7 0 0 
1 0 0 0 0 443 0 0 1 0 0 1 
0 0 0 203 0 0 0 0 0 0 0 0 
0 0 0 0 1297 0 0 0 0 0 0 0 
0 0 0 0 0 0 0 0 0 0 357 0 
0 0 0 0 0 0 0 0 0 1135 0 0 
0 2 0 0 0 0 2 0 196 271 0 0 
0 0 0 0 0 824 0 0 0 0 0 0 
0 0 0 0 0 930 0 0 0 0 0 0 
0 0 0 0 1007 0 0 0 0 0 0 0 
0 0 0 0 1227 0 0 0 0 1 0 0 
415 0 0 0 0 0 0 0 0 0 0 8 
0 611 0 1354 534 354 0 432 20 0 0 0 
0 0 0 0 2667 0 0 0 0 0 1 0 
861 29 0 0 0 0 0 0 1 0 58 0 
0 0 0 0 0 1711 0 0 0 1 0 0 
0 74 5 0 39 0 0 26 573 7 0 6 
0 0 0 0 0 0 2 2 1 0 613 0 
236 0 0 0 0 1439 0 0 3 0 1 5 
1 0 0 0 0 0 0 0 0 1315 2 0 
517 0 9 0 0 0 0 0 511 124 0 0 
0 0 0 0 292 0 0 0 0 0 0 0 
0 0 0 0 0 0 0 0 0 0 511 0 
14 0 2 0 0 0 0 0 92 0 0 263 
0 232 0 2 0 0 0 0 0 171 227 0 
0 0 0 0 0 0 112 213 1132 0 0 0 
32 581 0 0 0 1 1 82 14 2 16 0 
0 0 0 0 0 0 0 0 2 0 0 495 
0 0 0 0 0 0 0 0 0 1954 0 0 
0 2 0 0 0 0 0 0 0 0 467 0 
0 0 0 0 0 147 346 0 0 0 0 0 
0 0 0 0 0 1600 0 0 0 0 0 0 
0 0 0 0 1094 1370 0 13 0 0 0 0 
0 41 0 0 0 0 0 0 0 0 0 2153 
0 0 0 0 0 0 0 0 0 0 1918 0 
0 0 106 0 2 0 13 0 0 0 775 0 
0 0 0 0 0 0 0 0 0 591 0 0 
0 0 0 2 0 29 0 0 580 0 0 0 
0 0 0 0 0 1313 0 0 0 0 0 0 
70 0 11 201 0 1 2 0 901 0 0 2 
0 0 0 0 0 389 0 0 0 0 0 0 
122 6 0 54 0 0 0 286 0 0 4 260 
0 0 0 0 0 1679 0 0 0 0 0 0 
0 898 0 11 0 380 1 0 0 0 1439 7 
36 0 0 1795 30 367 1 7 0 0 622 0 
0 1 1403 0 0 0 4 0 0 3 0 33 
0 0 0 0 0 0 0 0 0 0 2013 0 
0 0 0 0 0 0 0 0 0 0 1068 0 
0 0 0 0 0 0 0 0 0 0 1503 0 
2 3 0 0 0 404 137 0 0 1 0 0 
328 0 0 0 39 0 0 64 0 39 8 0 
0 0 0 0 0 1619 0 0 0 0 0 0 
0 0 1 0 0 0 0 0 328 0 0 0 
0 0 0 0 0 0 0 0 0 1 1065 0 
0 0 601 0 0 0 1 0 377 0 102 0 
0 0 0 0 0 0 0 0 0 0 937 0 
0 0 0 0 0 0 0 0 0 877 0 0 
0 0 0 0 1499 2 0 0 0 0 0 0 
0 0 0 0 1018 0 0 18 0 0 0 1 
14 0 0 1 0 0 0 73 4 0 0 242 
0 0 0 0 1643 0 0 0 0 0 0 0 
0 0 0 0 1369 0 0 0 1 0 0 1 
1 0 0 3 1320 0 7 0 0 0 0 0 
5 175 560 0 1920 1 0 0 2 1 0 0 
0 0 0 0 0 0 0 0 0 473 0 0 
346 17 0 2 0 0 0 0 0 0 940 69 
0 0 0 0 0 0 0 8 0 805 0 0 
69 28 0 22 0 1 2 14 21 660 0 8 
0 486 0 59 0 110 0 0 2 2 4 0 
0 278 0 1 0 0 0 1 1 0 0 0 
0 0 0 0 0 0 369 0 0 0 0 0 
0 0 0 0 1417 1 0 0 0 0 0 0 
0 0 0 0 0 1203 0 0 0 0 0 0 
0 0 0 0 1180 0 0 0 0 0 0 0 
222 96 0 0 0 6 22 0 722 0 0 207 
0 0 0 0 1446 0 0 0 0 0 0 0 
0 0 0 0 1 1035 0 0 0 1 0 0 
421 0 0 0 0 0 0 0 0 0 0 0 
0 0 0 611 60 113 0 0 0 0 0 7 
0 0 0 0 829 0 0 0 0 0 0 0 
0 0 0 0 919 0 0 0 0 0 0 0 
0 0 0 0 0 0 0 0 0 468 0 0 
0 0 0 0 0 0 448 0 0 0 0 1 
0 0 0 0 367 5 0 0 0 123 0 17 
0 0 0 0 0 0 0 0 0 0 1910 0 
0 7 0 0 0 0 27 3841 0 0 0 7 
