0 19 39 0 2073 85 150 31 181 187 250 112 
76 29 58 473 232 17 0 73 541 281 6 66 
0 0 0 0 0 0 0 0 0 0 773 0 
0 0 0 0 0 1919 85 0 0 0 0 186 
0 0 0 0 0 0 0 0 0 0 433 0 
0 0 0 0 0 5328 0 0 0 0 51 0 
0 193 36 348 1078 1 1 0 0 0 1 0 
0 0 0 0 0 1208 0 0 0 0 0 0 
0 0 0 0 0 441 0 0 0 0 0 0 
0 0 0 0 0 1058 0 0 0 0 0 0 
0 0 0 0 0 517 0 0 0 0 0 0 
341 85 220 177 363 2568 66 729 186 186 46 164 
13 3652 37 31 155 1 0 6 73 0 1 0 
0 0 0 0 677 0 0 0 0 0 0 0 
0 0 0 0 1527 1766 0 0 0 0 0 0 
87 166 258 169 370 0 7 5 0 337 35 348 
0 0 0 0 0 5056 951 311 0 82 0 0 
0 0 0 0 0 0 0 722 0 0 0 0 
0 0 0 0 0 0 0 0 0 0 0 530 
325 2267 1 0 0 0 0 0 0 0 0 8 
0 0 0 0 0 0 0 0 0 0 810 0 
0 0 0 0 0 0 0 0 0 0 738 0 
0 0 0 0 0 0 0 0 0 0 807 0 
42 277 269 37 2 183 185 20 135 444 206 384 
0 0 0 0 1 0 0 0 0 0 3779 0 
0 0 21 484 2 28 12 34 9 0 1442 617 
0 0 0 0 0 0 0 0 0 1925 0 0 
0 0 0 0 0 0 0 0 0 443 0 0 
67 209 47 217 0 532 157 214 708 122 47 98 
196 0 5 0 75 0 640 44 362 54 172 534 
0 0 0 0 0 0 0 0 0 0 2023 0 
0 0 0 0 0 2237 0 0 0 0 0 0 
0 0 0 0 0 1072 0 0 0 0 0 0 
0 1 0 0 0 548 0 0 0 0 0 0 
0 0 0 0 1290 0 0 0 0 0 0 0 
0 1 1 9 0 1964 0 0 6 0 0 5 
1 0 0 0 789 1899 0 3 0 0 0 0 
440 0 0 0 0 0 0 0 0 0 0 0 
88 26 0 36 203 91 34 10 0 0 1267 57 
0 2464 0 0 2 0 0 1 0 0 70 0 
0 0 0 0 0 0 0 0 0 0 322 0 
0 0 0 0 0 0 0 628 0 0 0 0 
239 332 553 166 0 302 229 308 164 422 1469 484 
0 0 0 0 0 0 0 0 0 0 1069 0 
0 0 633 1415 408 0 0 2 0 4 0 6 
0 0 0 0 0 0 0 0 0 0 3134 0 
158 467 179 0 233 45 102 197 73 0 213 195 
0 0 0 0 292 0 0 0 0 0 0 0 
68 308 355 64 221 0 6 71 0 0 0 0 
0 0 0 0 0 0 265 0 0 0 0 0 
0 0 0 0 0 0 0 0 0 0 694 0 
0 0 0 0 0 0 0 0 0 1919 0 0 
286 729 128 163 216 1315 4 344 388 478 1086 113 
0 0 0 0 0 0 0 0 0 671 0 0 
0 0 0 0 0 0 0 0 0 0 2006 0 
0 0 0 0 0 0 0 7 0 426 0 0 
0 0 0 0 0 0 0 0 0 0 1409 0 
0 0 0 0 0 0 0 0 0 0 0 206 
0 0 7 0 108 0 0 0 1 0 0 78 
0 0 84 209 0 0 0 0 0 0 699 0 
0 0 0 0 0 0 0 0 0 0 697 0 
0 0 0 0 0 1 0 283 0 2 0 141 
3 113 0 0 0 0 0 362 2302 0 10 0 
0 0 0 0 0 294 0 0 0 0 0 0 
0 0 0 0 0 0 0 0 0 0 2966 0 
0 0 0 0 0 0 0 0 0 0 535 0 
55 0 0 398 127 0 24 0 189 30 1 0 
0 0 0 0 0 0 18 0 52 1216 0 0 
43 79 254 339 134 615 250 240 335 316 1413 227 
0 16 102 238 72 0 0 109 0 136 0 0 
0 0 0 0 0 2171 2 0 0 0 0 1 
113 300 100 43 156 107 201 0 40 10 5 99 
0 161 0 159 198 1 224 0 48 24 0 0 
0 0 0 0 0 0 0 0 0 0 1315 0 
0 0 0 0 0 0 0 0 0 0 1740 0 
0 0 0 0 0 1002 0 0 0 0 0 0 
0 0 0 0 0 0 0 0 0 0 768 0 
0 0 0 3 0 0 0 0 0 861 0 0 
0 0 0 0 0 0 0 0 0 564 0 0 
0 0 0 0 0 0 0 0 0 0 0 329 
87 0 0 7 211 0 105 0 0 0 1 0 
0 72 0 19 29 0 53 0 0 34 880 0 
0 0 0 0 1 0 0 0 0 0 578 0 
2 97 28 0 0 150 36 1 17 1 113 0 
105 0 4 0 0 0 52 3 0 36 0 3 
0 0 0 0 0 432 0 0 0 0 0 0 
155 5 114 383 264 255 10 144 352 7 176 251 
9 0 0 0 8 1204 0 0 0 0 0 8 
3 0 0 0 0 0 0 7 0 5 342 0 
0 0 0 0 0 988 0 0 0 0 0 0 
112 1 0 0 0 0 0 1 586 1 4 61 
0 0 0 0 0 0 0 0 0 0 839 0 
0 0 0 0 0 529 0 0 0 0 0 0 
89 177 62 48 9 148 114 78 96 8 0 9 
0 0 0 0 0 0 0 0 0 0 0 675 
82 298 0 113 0 9 380 0 6 0 65 51 
0 0 0 0 0 0 0 0 0 0 2628 0 
169 0 0 0 0 0 0 0 0 0 0 381 
0 0 0 0 0 0 0 0 0 0 3219 0 
0 0 0 0 0 0 0 0 0 0 0 2646 
0 0 0 0 944 0 0 0 0 0 0 0 
0 0 0 0 0 0 0 0 0 0 554 0 
5 0 173 0 192 2 0 244 21 48 40 3 
0 0 0 0 0 617 0 0 1 2 0 0 
1155 7 52 250 0 0 0 92 17 31 71 26 
0 0 1 0 0 1020 0 0 0 0 0 0 
0 0 0 0 0 0 0 0 0 0 2614 0 
0 0 0 0 0 0 0 0 0 0 1603 0 
0 0 0 0 716 0 1 0 0 0 0 0 
0 0 0 0 0 0 0 0 0 0 1610 0 
0 0 0 0 0 641 0 0 0 0 0 0 
0 0 0 0 0 343 0 0 0 0 0 0 
0 0 0 0 0 129 1174 148 15 0 0 0 
0 0 0 0 0 0 0 0 0 0 1251 0 
0 1 0 0 0 497 0 0 0 0 0 0 
0 0 0 0 0 0 0 0 0 0 290 0 
119 15 1 309 36 149 223 1 353 36 80 459 
0 0 0 0 0 2553 0 0 0 0 0 0 
3 7 6 0 23 122 5 18 0 0 32 0 
0 0 0 0 0 0 0 0 0 0 884 0 
0 0 0 2 0 0 485 0 0 0 0 0 
65 325 0 4 234 72 536 60 180 150 39 245 
0 0 0 0 0 0 0 0 0 0 2299 0 
5 245 1455 1 507 5 0 0 0 0 3 0 
59 85 32 254 291 85 489 0 127 74 327 96 
0 0 880 0 1 0 13 0 7 0 0 0 
0 0 0 0 0 0 0 0 0 0 1371 0 
0 149 0 22 8 0 0 0 248 0 0 0 
0 0 0 0 0 0 0 0 671 0 0 0 
0 0 0 0 0 0 0 0 0 0 980 0 
0 0 0 1 0 0 0 0 0 0 1190 0 
0 0 0 0 0 0 0 0 0 0 296 0 
0 0 0 6 0 719 1 0 0 4 0 0 
0 0 0 0 0 0 0 0 0 0 1006 0 
0 0 0 0 0 3 0 0 0 0 2676 0 
692 169 653 46 36 73 373 209 444 62 63 47 
0 0 0 0 0 0 0 0 0 0 2902 0 
0 0 0 0 0 0 0 0 0 0 0 1702 
0 0 0 0 0 960 0 0 0 0 0 0 
0 0 0 0 0 2028 0 0 0 0 0 0 
0 0 0 0 0 540 0 0 0 0 0 0 
0 0 0 0 0 547 0 0 0 0 0 0 
0 0 0 0 0 1049 0 0 0 0 0 0 
0 0 0 0 0 0 0 0 0 0 0 526 
0 0 0 0 910 692 0 11 0 0 0 11 
0 0 31 0 48 110 30 0 21 0 85 1 
7 3 0 0 0 1 0 0 21 23 491 14 
0 649 36 0 71 0 0 0 0 0 0 2 
0 36 23 0 145 335 16 12 0 62 251 0 
