6 1 0 0 3032 29 0 0 45 0 0 0 
0 0 0 0 19 0 0 12 35 1272 406 17 
0 0 0 0 0 0 0 0 0 0 773 0 
0 0 0 0 0 1934 89 0 0 0 0 0 
0 0 0 0 0 0 0 1 0 0 432 0 
0 3 0 0 0 4515 0 0 0 0 43 0 
0 0 34 319 1194 0 0 0 0 0 0 0 
0 0 0 0 0 1558 0 0 0 0 0 0 
0 0 0 0 0 441 0 0 0 0 0 0 
0 0 0 2 0 1324 0 0 0 0 0 0 
0 0 1 0 0 958 0 0 0 0 0 0 
0 1 0 8 74 4692 1 347 0 0 0 0 
0 0 0 0 713 0 0 0 0 0 0 0 
0 3 0 1 1510 1446 0 0 0 0 0 0 
35 20 0 0 444 0 0 0 5 827 0 461 
1 0 0 0 0 4387 845 0 0 47 4 0 
0 0 0 0 0 0 0 0 0 0 0 857 
329 2209 0 0 0 2 0 2 0 0 0 21 
0 0 0 0 0 0 0 0 0 0 809 0 
0 0 0 0 0 0 0 0 0 0 736 0 
0 0 0 0 0 0 0 0 0 0 813 0 
15 461 0 0 1 0 0 0 7 0 134 1054 
0 0 0 0 0 0 0 0 0 0 3805 0 
0 1 0 144 0 1 0 0 0 0 1637 712 
0 0 0 0 0 0 0 0 0 2035 0 0 
0 0 0 0 0 0 0 0 0 440 0 0 
273 0 0 28 0 732 0 945 195 0 0 0 
0 197 6 26 167 0 383 0 0 10 62 402 
0 0 0 0 0 0 0 0 0 0 1325 0 
0 0 0 0 0 2274 0 0 0 0 0 0 
0 0 0 0 0 798 0 0 2 1 0 0 
0 0 0 0 0 740 0 0 3 0 0 0 
0 0 0 0 1290 0 0 0 0 0 0 0 
2 0 0 0 0 2512 0 0 0 0 0 0 
0 0 0 0 782 1878 0 0 0 4 8 0 
440 0 0 0 0 0 0 0 0 0 0 0 
0 15 0 0 0 10 32 0 162 0 1593 0 
0 2456 0 1 0 0 7 0 0 0 73 0 
0 0 0 0 0 0 0 0 0 0 322 0 
0 0 0 0 0 0 0 628 0 0 0 0 
0 0 43 9 0 0 0 0 0 4 3923 117 
0 0 0 0 0 0 0 0 0 0 1068 0 
1 0 621 1655 235 0 0 0 0 0 0 0 
0 0 0 0 0 0 0 1 0 0 2765 0 
2 325 160 0 1041 0 1 1 306 0 1 25 
0 0 0 0 292 0 0 0 0 0 0 0 
0 457 259 207 39 0 0 0 0 0 16 0 
0 0 0 0 0 0 265 0 0 0 0 0 
0 0 0 0 0 0 0 0 0 1897 0 0 
0 12 0 231 0 1319 0 11 0 0 3811 0 
0 0 0 1 0 0 0 0 0 1578 0 0 
0 0 0 0 0 0 0 0 0 0 2006 0 
0 0 0 0 0 0 0 17 0 416 0 0 
0 0 1 0 0 0 0 1 0 0 0 326 
1 18 88 0 0 38 0 0 48 0 1 0 
0 0 0 0 0 0 0 0 0 2 983 1 
0 0 0 0 0 0 0 0 0 0 697 0 
0 0 0 0 0 0 1 352 0 0 0 0 
0 14 0 0 0 0 0 490 2265 1 12 0 
0 0 0 0 0 566 0 0 0 0 0 0 
0 0 0 0 0 0 0 0 0 0 2222 0 
0 0 0 0 0 0 0 0 0 0 625 0 
14 0 0 680 0 2 58 0 25 17 0 28 
0 4 6 0 0 0 0 28 0 6 3655 0 
2 0 219 51 20 1 16 0 0 0 0 366 
0 0 0 0 0 2175 0 0 0 0 0 0 
110 578 2 0 24 3 3 0 0 0 0 501 
1 0 0 0 1073 0 0 0 0 0 0 0 
0 0 0 0 0 0 0 0 0 0 572 0 
0 0 0 0 0 0 0 0 0 0 1736 0 
0 0 0 0 0 1002 0 0 0 0 0 0 
0 0 0 0 0 0 0 0 0 0 768 0 
0 0 0 0 0 0 0 1 0 528 0 0 
0 0 0 0 0 0 1 0 0 548 0 0 
0 0 0 0 0 0 0 0 0 0 0 329 
0 0 143 0 0 253 0 0 3 0 12 0 
8 0 0 0 0 0 0 0 1 0 1010 51 
0 0 0 0 0 0 1 0 0 0 593 0 
0 6 0 1 0 426 0 0 0 3 0 0 
123 4 26 0 11 2 0 34 0 0 3 0 
0 0 0 0 0 472 0 0 0 0 0 0 
58 0 0 24 0 15 2 0 827 0 1045 138 
0 2 4 0 0 0 0 0 0 0 346 5 
0 0 0 0 0 1129 0 0 0 0 1 0 
126 1 0 0 0 0 0 0 550 1 0 88 
0 0 0 0 0 0 0 0 0 0 824 0 
1 329 340 1 98 0 0 0 0 86 0 50 
0 0 0 0 0 0 0 0 0 0 0 675 
1 205 0 0 0 58 293 0 142 4 0 300 
0 0 0 0 0 0 0 0 0 0 2033 0 
164 0 0 0 0 0 0 0 0 0 0 386 
0 0 0 0 0 0 0 0 0 0 3238 0 
0 0 0 0 0 0 0 0 0 0 0 2647 
0 0 0 0 957 0 0 0 0 1 0 0 
0 0 0 0 0 0 0 0 0 0 1157 0 
0 0 100 0 0 1 1 483 0 0 0 141 
0 0 0 0 0 610 9 0 0 0 0 0 
1559 29 0 0 0 0 0 15 0 0 0 107 
0 0 0 0 0 750 0 0 0 0 0 0 
0 0 0 0 0 0 0 0 0 0 1209 0 
0 0 0 0 0 0 0 0 0 0 579 0 
0 0 0 0 486 0 0 0 0 0 0 0 
0 0 0 0 0 0 0 0 0 0 1611 0 
0 0 0 0 0 640 0 0 0 0 0 0 
0 0 0 0 0 343 0 0 0 0 0 0 
0 0 0 0 0 131 1166 125 32 0 0 0 
0 0 0 0 0 0 0 0 0 0 996 0 
3 0 0 3 0 491 0 0 0 1 0 0 
132 430 3 393 3 38 157 1 18 18 663 97 
0 0 0 0 0 2575 1 0 0 0 0 0 
5 0 52 0 189 0 0 0 144 0 6 73 
0 0 0 0 0 0 493 0 0 0 0 0 
126 447 13 36 0 0 30 0 1 0 0 0 
0 0 0 0 0 0 0 0 0 0 2478 0 
0 152 534 0 1609 0 0 0 0 0 0 0 
0 112 0 698 127 0 170 0 0 0 333 479 
0 0 885 0 3 0 3 0 0 0 0 0 
0 0 0 0 0 0 0 0 0 0 1365 0 
10 40 0 0 0 317 26 0 141 53 0 0 
0 0 0 0 0 0 0 0 617 0 0 0 
0 0 0 0 0 0 0 0 0 0 1116 0 
0 0 0 0 0 0 0 0 0 0 1187 0 
0 0 0 0 0 0 0 0 0 0 395 0 
0 0 0 0 0 732 0 0 0 0 0 0 
0 0 0 0 0 0 0 0 0 0 1643 0 
0 0 0 0 0 3 0 0 0 0 2313 0 
305 0 349 0 0 273 836 0 0 0 695 381 
0 0 0 0 0 0 0 0 0 0 2915 0 
0 0 0 0 0 0 0 0 0 0 0 1385 
0 0 0 0 0 1996 0 0 0 0 0 0 
0 0 0 0 0 1068 0 0 0 0 0 0 
0 0 0 0 0 1503 0 0 0 0 0 0 
0 0 0 0 0 554 0 0 0 0 0 0 
0 0 0 0 0 0 0 0 0 0 0 526 
0 1 0 1 791 804 0 1 0 0 0 25 
0 0 0 0 41 0 0 0 253 0 0 35 
0 0 0 0 13 17 0 0 0 1 529 0 
0 614 0 32 0 0 245 188 4 0 0 0 
0 0 21 17 0 0 0 4 0 0 879 18 
0 0 0 0 0 877 0 0 0 0 0 0 
0 0 0 0 0 0 0 0 0 0 1909 0 
0 363 0 0 694 0 0 0 0 0 0 0 
41 0 1 0 1 0 0 0 0 291 0 1 
0 0 0 0 0 0 0 0 0 0 1643 0 
0 0 0 0 0 0 0 0 0 0 884 0 
0 0 0 0 0 0 0 0 0 0 1363 0 
0 2576 0 0 117 1 0 0 1 0 2 0 
0 0 0 0 0 472 0 0 0 0 0 1 
0 0 0 0 0 0 0 0 0 0 1407 0 
0 0 0 0 0 0 0 1280 0 0 0 0 
30 0 0 5 0 5 9 0 742 7 7 19 
0 0 0 0 0 0 0 0 0 0 631 0 
0 0 0 0 0 0 0 0 0 0 0 238 
0 0 0 0 0 0 14 0 163 191 3 0 
0 0 0 0 0 0 0 0 0 0 1390 0 
213 251 0 16 0 0 0 0 745 0 0 17 
