4 0 0 2926 157 0 0 1 0 0 0 0 
0 0 0 0 0 1360 0 3 0 0 0 1 
0 74 0 0 121 448 2 3 32 80 0 0 
0 0 0 0 0 473 1708 0 1 0 0 0 
0 0 34 192 0 0 207 0 0 0 0 0 
0 0 0 7 0 0 0 0 0 188 4359 0 
0 468 560 510 0 0 0 0 0 0 0 2 
0 0 0 0 0 0 0 0 0 1 3913 0 
0 10 0 296 0 47 0 27 29 3 26 1 
0 0 0 0 0 0 0 0 0 1270 0 0 
0 0 0 0 0 0 0 1 0 0 966 0 
0 1 0 13 0 1 0 671 0 113 0 463 
0 0 0 0 0 0 0 0 0 0 0 438 
0 0 30 48 641 531 3 0 4 0 1653 2 
0 0 0 0 0 0 0 0 0 0 1798 0 
0 0 0 12 7 2 1 0 0 5059 291 0 
0 0 850 0 0 0 0 0 0 0 4 1 
0 1604 902 1 0 0 3 0 1 0 0 0 
0 1 0 0 0 1325 0 0 0 0 0 0 
0 0 0 0 731 0 0 0 0 0 0 0 
0 0 0 0 0 2948 0 0 0 0 0 0 
0 0 0 0 1692 0 0 0 0 0 0 0 
0 8 0 198 2635 61 6 57 0 0 0 0 
0 0 0 444 1892 0 0 0 4 0 72 0 
0 0 0 0 0 1750 0 0 0 0 0 0 
1 0 115 0 317 1 0 0 10 0 0 0 
0 0 0 0 0 0 0 0 0 0 874 0 
33 0 0 0 0 1 5 81 290 279 0 564 
0 0 0 0 1325 0 0 0 0 0 0 0 
0 0 58 0 0 1185 0 0 68 0 1001 0 
0 0 0 0 0 0 0 0 2 803 0 0 
0 0 0 0 0 0 0 0 0 0 676 0 
0 0 0 0 0 0 0 0 0 0 1290 0 
0 0 0 0 0 0 0 0 0 0 2510 0 
7 1630 0 7 0 0 5 987 39 0 0 4 
0 0 0 0 0 0 440 0 0 0 0 0 
0 0 0 0 0 0 1352 0 0 0 1 0 
1 0 0 0 0 0 4 0 0 0 2531 0 
0 0 0 0 0 0 0 0 322 0 0 0 
0 0 0 5 0 0 0 522 97 0 0 0 
0 0 0 69 1231 2499 0 1 0 2 3 0 
0 0 0 0 372 0 504 0 0 0 6 0 
0 14 0 513 1996 0 0 0 0 0 0 1 
0 0 16 0 0 2735 8 0 5 0 0 0 
0 0 0 0 0 0 0 0 0 1862 0 0 
0 0 0 0 0 0 0 0 0 0 292 0 
0 0 0 0 0 0 0 0 0 0 0 1356 
0 0 0 0 0 262 2 0 1 0 0 0 
0 0 178 0 0 0 6 823 5 0 0 109 
0 0 0 0 0 3849 0 0 1 0 0 0 
0 0 0 0 0 1554 0 0 0 0 0 0 
0 0 0 0 0 2346 0 0 0 0 0 0 
0 0 0 0 0 0 0 460 0 0 0 0 
0 0 0 0 328 0 0 0 0 0 0 0 
0 0 0 0 0 194 0 0 0 0 0 0 
0 0 0 18 832 0 0 0 19 0 105 0 
0 0 0 0 0 697 0 0 0 0 0 0 
0 355 0 0 0 0 0 0 0 0 0 0 
2368 7 0 0 0 11 1 134 58 0 193 0 
0 0 1 0 0 2217 0 0 0 0 5 0 
0 0 0 0 0 647 0 0 0 0 0 0 
0 0 0 0 0 0 0 0 0 0 824 0 
0 4 0 0 2502 968 0 0 0 0 2 5 
0 0 1 23 1 0 0 0 0 630 21 1 
0 0 0 0 0 0 0 0 0 2169 0 0 
0 0 0 1540 1 0 0 0 0 0 0 0 
0 0 0 0 0 0 0 0 0 0 1076 0 
0 0 268 0 104 1511 0 0 0 0 0 102 
24 0 115 72 3 0 577 0 0 45 0 0 
0 0 0 0 941 0 0 0 0 0 0 0 
2 2 0 0 0 0 0 523 0 0 0 0 
10 21 3 0 6 7 0 0 1 484 3 0 
0 0 0 0 411 0 0 0 0 0 0 0 
0 0 0 0 0 0 0 0 9 1064 0 0 
20 185 1 0 174 0 0 0 221 1 1 4 
0 0 0 0 0 440 0 0 0 0 0 0 
0 0 0 203 0 0 0 0 0 0 0 0 
0 0 0 0 1298 0 0 0 0 0 0 0 
0 0 0 0 0 0 0 0 0 0 357 0 
0 0 0 0 0 0 0 0 0 1131 0 0 
0 0 0 0 0 0 0 0 181 290 0 0 
0 0 0 0 0 824 0 0 0 0 0 0 
0 0 0 0 0 931 0 1 0 0 0 0 
0 0 0 0 1008 0 0 0 0 0 0 0 
0 0 0 0 1224 0 0 0 0 0 0 0 
413 0 0 0 0 0 0 0 0 0 0 10 
0 395 85 585 284 864 139 952 0 0 0 0 
0 0 0 0 2642 0 0 0 0 0 4 0 
640 17 10 1 0 0 141 0 0 0 147 0 
0 4 0 0 0 1685 0 0 0 0 0 0 
1 0 0 0 230 0 0 0 498 0 0 0 
1 0 0 0 0 0 0 0 0 0 618 0 
204 1 0 0 0 1471 0 0 0 0 5 0 
1 0 0 0 0 0 0 0 0 1313 2 0 
755 0 0 0 0 23 0 0 150 238 0 0 
0 0 0 0 292 0 0 0 0 0 0 0 
0 0 0 0 0 0 0 0 0 0 509 0 
0 0 0 0 6 0 0 45 98 0 4 280 
9 315 0 0 0 10 0 6 17 0 272 5 
0 0 0 0 0 0 59 284 1096 0 0 0 
220 412 0 45 17 0 36 0 0 0 0 0 
2 0 0 4 16 0 41 0 0 1 0 434 
0 0 0 0 0 0 0 0 0 1955 0 0 
0 0 0 0 0 0 0 0 0 0 469 0 
0 0 0 0 0 0 447 0 0 1 0 0 
0 1 0 0 0 1597 0 0 0 0 0 0 
0 0 7 0 1030 1335 95 0 0 9 0 0 
0 24 0 0 0 0 0 0 0 0 0 2174 
0 0 0 0 0 0 0 0 0 0 1919 0 
0 0 85 0 3 4 30 0 0 0 772 0 
0 0 0 1 0 0 0 0 0 589 0 0 
0 0 2 0 0 1 0 0 597 12 0 0 
0 0 0 0 0 1316 0 0 0 0 0 0 
4 12 1 47 9 0 89 0 1016 7 0 2 
0 0 0 0 0 388 0 0 1 0 0 0 
16 0 0 0 0 38 0 32 2 0 0 646 
0 1 0 1 0 1674 0 0 0 0 3 0 
0 843 0 15 57 14 0 0 0 1 1810 0 
5 0 0 1844 0 936 0 0 1 13 57 0 
0 0 1402 0 0 0 3 0 0 0 0 36 
0 0 0 0 0 0 0 0 0 0 2010 0 
0 0 0 0 0 0 0 0 0 0 1068 0 
0 0 0 0 0 0 0 0 0 0 1503 0 
0 0 0 0 0 372 177 0 0 0 4 3 
243 6 0 152 0 0 0 72 3 5 0 0 
0 0 0 0 0 1624 0 0 0 0 0 0 
137 0 2 0 0 0 0 15 175 0 0 0 
0 0 0 0 0 0 0 0 0 0 1066 0 
0 121 425 0 0 0 0 0 534 0 0 0 
0 0 0 0 0 0 0 0 0 0 940 0 
0 0 0 0 0 0 0 0 0 877 0 0 
0 0 0 0 1508 0 0 0 0 0 0 0 
0 0 16 0 1009 0 0 0 0 0 1 0 
4 27 0 0 1 1 0 0 107 0 0 194 
0 0 0 0 1643 0 0 0 0 0 0 0 
0 0 0 0 1370 0 0 0 0 0 0 0 
0 0 1 0 1195 107 0 1 15 0 0 13 
0 237 431 0 1965 4 0 0 0 13 0 0 
0 0 0 0 0 0 0 0 0 473 0 0 
18 0 0 0 0 0 0 0 0 0 1355 0 
0 0 0 0 0 1 0 26 0 786 0 0 
264 0 0 0 0 0 35 0 0 514 0 12 
0 330 1 212 1 0 0 0 0 0 92 26 
0 278 0 0 0 1 0 0 2 0 0 0 
0 0 0 0 0 0 371 0 0 0 0 0 
0 0 0 0 1422 0 0 0 0 0 0 0 
0 0 0 0 0 1197 0 0 0 0 0 0 
0 0 0 0 1180 0 0 0 0 0 0 0 
96 0 0 0 16 0 0 0 956 2 0 139 
0 0 0 0 1445 0 0 0 0 0 0 0 
0 0 0 0 0 1034 0 0 3 0 0 0 
417 3 0 0 0 0 0 0 0 0 1 0 
35 0 0 27 280 387 61 0 0 0 0 0 
0 0 0 0 829 0 0 0 0 0 0 0 
0 0 0 0 919 0 0 0 0 0 0 0 
0 0 0 1 0 0 0 0 0 466 0 0 
2 0 0 0 0 1 445 0 0 0 0 0 
2 0 0 60 338 4 0 3 32 0 0 73 
0 0 0 0 0 0 0 0 0 0 1911 0 
0 0 0 0 0 0 1 3879 0 1 0 9 
