0 0 20 3008 70 0 1 0 0 0 0 2 
0 0 0 0 0 1290 0 0 0 2 0 5 
0 0 0 0 67 611 0 22 0 0 0 59 
2 8 0 0 22 354 1639 0 84 0 0 7 
0 165 0 229 0 12 0 1 0 0 25 1 
0 5 0 0 0 0 0 0 0 124 4419 0 
0 409 642 486 0 0 0 0 1 0 0 8 
0 0 0 0 0 0 0 0 0 0 3914 0 
0 0 52 0 0 315 10 62 0 0 0 0 
0 0 0 0 0 0 0 0 0 1305 0 0 
0 1 0 0 0 0 0 0 0 0 956 0 
0 0 0 0 0 0 0 1146 40 57 0 27 
0 0 0 0 0 0 1 0 0 0 0 437 
0 0 4 8 599 380 0 24 0 2 1915 0 
0 0 0 0 0 0 0 0 0 0 1792 0 
2 0 0 0 0 0 0 0 1 5238 107 0 
0 0 860 1 0 0 0 0 0 1 0 1 
0 1606 904 6 0 0 0 0 0 0 0 0 
0 0 0 0 0 1305 0 0 0 0 0 2 
0 0 0 0 729 0 0 0 0 0 0 0 
0 0 0 0 0 2935 0 0 0 0 0 0 
0 0 0 0 1699 0 0 0 0 0 0 0 
0 0 8 93 2643 216 0 11 1 0 0 0 
0 4 5 670 1712 0 0 0 0 1 0 0 
0 0 0 0 0 1755 0 0 0 0 0 0 
0 0 24 0 411 0 0 8 0 0 0 0 
1 0 0 1 0 0 0 0 0 0 870 0 
0 0 1 0 2 13 0 0 182 1045 10 0 
0 0 0 0 1318 0 2 5 0 0 0 0 
0 0 5 0 0 1335 0 0 118 46 814 0 
0 0 0 0 0 0 0 0 0 802 0 0 
0 0 0 0 0 0 0 0 0 0 676 0 
0 0 0 0 0 0 0 0 0 0 1290 0 
0 0 0 0 0 0 0 0 0 0 2517 0 
7 747 0 0 1 0 0 1924 1 4 0 0 
0 0 0 0 0 0 440 0 0 0 0 0 
0 0 0 0 0 0 1355 0 0 0 0 0 
0 0 0 0 0 0 0 0 0 0 2539 0 
0 0 0 0 0 0 0 0 322 0 0 0 
12 0 2 2 10 9 11 574 0 0 0 4 
0 0 0 0 1906 1865 0 24 0 21 0 0 
0 0 0 0 258 0 209 0 0 408 0 0 
0 9 0 489 2028 0 0 0 0 0 0 0 
3 0 0 0 0 2740 0 0 0 1 0 21 
0 0 0 0 0 0 0 0 0 1862 0 0 
0 0 0 0 0 0 0 0 0 0 292 0 
0 0 0 2 0 1 0 0 0 0 0 1356 
0 0 0 4 0 261 0 0 0 0 0 0 
0 0 25 0 2 0 0 676 0 0 0 420 
0 4 0 1 2 3827 0 0 0 0 0 0 
0 0 0 0 0 1554 0 0 0 0 0 0 
0 0 0 0 0 2621 0 0 0 0 0 0 
0 0 0 0 0 0 0 460 0 0 0 0 
0 0 0 0 328 0 0 0 0 0 0 0 
0 0 0 0 0 194 0 0 0 0 0 0 
1 0 0 3 649 0 0 0 6 1 287 0 
0 0 0 0 0 697 0 0 0 0 0 0 
0 353 0 0 0 0 0 0 0 0 0 0 
2317 50 0 0 0 0 1 103 86 0 216 0 
28 1 0 0 34 2160 0 0 7 4 1 0 
0 0 0 0 0 646 0 0 0 0 0 0 
0 0 0 0 0 0 0 0 0 0 824 0 
0 0 0 0 2570 945 0 0 0 0 1 0 
0 0 0 2 0 0 0 0 0 671 1 3 
0 1 0 0 0 0 0 0 0 2175 1 0 
0 0 0 1537 1 1 0 0 0 0 0 2 
0 0 0 0 0 0 0 0 0 0 1074 0 
1 0 40 34 294 1287 0 2 0 2 2 316 
0 31 0 2 0 0 871 3 0 0 0 2 
0 0 0 0 941 0 0 0 0 0 0 0 
0 0 0 0 1 0 0 524 0 0 2 0 
0 0 0 0 0 8 0 39 0 489 0 0 
0 0 0 0 411 0 0 0 0 0 0 0 
0 7 0 0 0 0 0 0 0 1053 0 11 
3 121 10 146 74 0 26 1 218 2 1 0 
0 0 0 0 0 441 1 0 0 0 0 0 
0 0 0 203 0 0 0 0 0 0 0 0 
0 0 0 0 1287 0 0 0 0 0 0 0 
0 0 0 0 0 0 0 0 0 0 357 0 
0 0 0 0 0 0 0 0 0 1132 0 0 
0 0 0 0 0 0 0 0 196 275 0 0 
0 0 0 0 0 824 0 0 0 0 0 0 
0 0 0 0 0 930 0 0 0 0 0 0 
0 0 0 0 1006 0 0 0 0 0 0 0 
0 0 0 0 1233 0 0 0 0 0 0 0 
415 0 0 0 0 0 0 0 0 0 0 9 
0 456 0 1933 208 292 0 404 0 0 6 0 
0 1 0 0 2642 0 0 0 0 6 0 0 
656 36 0 51 0 11 8 0 0 0 181 0 
0 0 0 0 0 1679 0 0 0 0 0 0 
0 9 0 1 0 0 0 354 366 0 0 0 
0 0 0 0 0 1 0 0 2 0 616 0 
181 0 0 0 5 1489 0 0 0 5 1 9 
0 0 0 0 0 1 0 0 0 1318 0 0 
389 0 0 24 0 0 0 0 325 415 0 0 
0 0 0 0 291 0 0 0 0 0 0 0 
1 0 0 5 8 0 0 0 0 0 495 0 
0 1 0 0 0 0 0 0 0 0 0 369 
4 144 0 100 0 67 0 0 0 316 0 0 
0 0 0 0 0 0 142 271 1042 1 0 0 
1 526 0 0 0 0 0 197 0 4 0 0 
0 0 0 0 131 1 4 0 0 0 0 361 
0 0 0 0 0 0 0 0 0 1956 0 0 
0 0 0 0 0 0 0 0 0 0 469 0 
0 0 0 0 0 146 347 0 0 0 0 0 
0 0 0 0 0 1322 0 0 0 0 0 0 
0 0 0 23 1275 1165 0 3 0 0 0 2 
2 35 0 0 0 0 0 0 0 0 0 2152 
0 0 0 0 0 0 0 0 0 0 1918 0 
0 0 66 0 2 0 3 0 0 0 822 0 
0 0 0 0 0 0 0 0 0 591 0 0 
12 0 0 0 8 3 0 0 588 0 0 0 
0 0 0 0 0 1320 1 0 0 0 0 0 
156 0 58 623 20 0 0 0 314 1 0 22 
0 0 0 0 0 395 0 0 0 0 0 0 
191 58 9 0 0 0 0 215 2 26 0 229 
0 0 0 0 0 1674 0 0 0 0 0 1 
0 1192 0 0 0 73 0 0 0 2 1474 0 
244 0 4 1386 0 383 0 0 0 0 855 0 
0 1 1396 0 0 0 0 0 0 4 0 27 
0 0 0 0 0 0 0 0 0 0 2014 0 
0 0 0 0 0 0 0 0 0 0 1068 0 
0 0 0 0 0 0 0 0 0 0 1503 0 
0 0 0 0 0 370 169 0 0 0 3 5 
424 0 0 0 0 0 0 10 40 0 0 5 
0 0 0 0 0 1621 0 0 0 0 0 0 
15 0 0 3 0 4 0 0 291 16 0 0 
0 0 0 0 0 0 0 0 0 0 1059 0 
15 1 303 49 7 0 0 5 441 0 260 0 
0 0 0 0 0 0 0 0 0 0 939 0 
0 0 0 0 0 0 0 0 0 877 0 0 
0 0 0 0 1498 0 0 0 0 0 0 0 
1 0 0 0 961 0 63 4 0 5 3 0 
0 0 1 2 5 0 0 0 3 0 0 323 
0 0 0 0 1643 0 0 0 0 0 0 0 
0 0 0 0 1371 0 0 0 0 0 0 0 
0 1 3 1 1316 15 0 1 0 0 0 0 
0 236 557 0 1870 0 0 0 6 0 0 0 
0 0 0 0 0 0 0 1 0 472 0 0 
165 109 3 6 44 0 0 0 0 8 699 339 
0 0 0 0 0 0 0 14 0 819 1 0 
13 0 0 0 0 6 8 0 0 768 30 0 
7 291 5 0 1 358 1 1 0 1 0 2 
0 280 0 0 0 0 0 1 0 0 0 0 
0 0 0 0 0 0 371 0 0 0 0 0 
0 0 0 1 1405 0 0 0 0 0 0 0 
0 0 0 0 0 1208 0 0 0 0 0 0 
0 0 0 0 1182 0 0 0 0 0 0 0 
128 154 174 0 2 12 0 0 318 0 0 478 
0 0 0 0 1452 0 0 0 0 0 0 0 
0 0 0 0 0 1038 0 0 0 0 0 0 
417 3 0 0 0 0 0 0 0 0 0 0 
2 0 0 525 0 235 0 7 19 1 0 0 
0 0 0 0 829 0 0 0 0 4 0 0 
0 0 0 0 919 0 0 0 0 0 0 0 
0 0 0 0 0 0 0 2 0 443 0 0 
0 0 0 0 1 0 447 0 0 0 0 0 
19 26 0 0 299 0 0 44 0 124 0 0 
0 0 0 0 0 0 0 0 0 0 1912 0 
0 9 0 0 0 0 0 3865 0 1 0 0 
