7 0 1 2936 133 1 0 8 0 0 0 1 
0 0 0 1 0 1355 0 0 0 0 0 0 
1 26 0 0 157 375 0 0 106 95 0 0 
0 1 0 0 6 494 1680 0 0 0 0 0 
0 0 0 232 0 0 184 0 0 0 0 17 
1 0 0 6 0 0 0 0 0 160 4387 0 
0 344 673 510 0 0 4 0 0 0 0 8 
0 0 1 0 0 1 0 0 1 0 4098 0 
11 0 0 221 0 51 0 73 32 0 44 7 
0 0 0 0 0 0 0 0 0 1270 0 0 
0 0 1 0 0 0 0 0 0 0 970 0 
0 0 0 43 24 0 13 507 0 104 1 571 
0 0 0 0 0 0 0 0 0 1 0 437 
0 0 128 41 443 661 0 0 0 0 1641 0 
0 0 0 0 0 0 0 0 0 0 1796 0 
0 0 0 2 0 0 0 0 0 5182 178 2 
0 0 853 0 0 0 0 0 0 0 0 0 
0 1646 864 2 0 0 0 0 3 0 0 0 
0 0 0 0 0 1325 0 0 0 0 0 1 
0 0 0 0 729 0 2 0 0 0 0 0 
0 0 0 0 0 2942 0 0 0 0 0 0 
0 0 0 0 1693 0 0 0 0 0 0 0 
0 0 0 357 2568 34 0 11 0 0 0 0 
7 0 0 338 1983 0 0 0 4 0 64 0 
0 0 0 0 0 1757 0 0 0 0 0 0 
0 1 120 13 284 0 0 0 0 0 26 0 
2 0 0 0 0 0 0 0 0 0 682 0 
17 1 0 9 0 1 1 67 233 465 0 459 
0 0 5 0 1320 0 0 0 0 0 0 0 
2 0 33 0 3 1262 14 0 12 0 983 0 
0 0 0 0 0 0 0 0 0 806 0 0 
0 1 1 0 0 0 0 0 0 0 674 0 
0 0 0 0 0 0 0 0 0 0 1290 0 
0 1 0 0 1 0 0 0 0 0 2509 0 
15 1585 0 0 0 0 2 1077 0 0 0 0 
0 0 0 0 0 0 440 0 0 0 0 0 
0 0 0 0 0 0 1350 0 1 0 0 0 
0 0 0 0 0 0 0 2 0 0 2534 0 
0 0 0 0 0 0 0 0 322 0 0 0 
0 0 0 0 7 0 7 543 60 0 7 0 
0 0 0 22 1419 2325 0 0 0 0 26 0 
3 0 0 0 373 2 476 0 0 8 20 0 
0 5 0 462 2056 0 0 0 0 0 0 0 
0 0 8 0 0 2784 0 0 0 0 0 0 
0 0 0 0 0 0 0 0 0 1862 0 0 
0 0 0 0 0 0 0 0 0 0 292 0 
0 0 0 0 0 0 0 0 0 0 0 1369 
0 0 0 0 0 265 0 0 0 0 0 0 
0 1 207 9 0 0 0 774 0 0 0 130 
0 0 0 0 1 3815 0 2 0 2 0 0 
0 0 0 0 0 1552 0 0 0 0 0 0 
0 0 0 0 0 2345 0 1 0 0 0 0 
0 0 0 0 0 0 0 460 0 0 0 0 
0 0 0 0 328 0 0 0 0 0 0 0 
0 0 0 0 0 194 0 0 0 0 0 0 
7 0 1 0 849 0 3 2 20 0 80 0 
0 0 0 0 0 697 0 0 0 0 0 0 
0 355 0 0 0 0 0 0 0 0 0 0 
2387 13 0 0 3 0 0 113 84 0 175 0 
0 0 1 0 0 2244 0 0 0 0 0 0 
0 0 0 0 0 646 0 0 1 0 0 0 
0 0 0 0 0 0 0 0 0 0 824 0 
1 0 0 0 2282 1197 0 0 0 0 0 0 
0 0 0 0 1 0 1 0 0 673 1 0 
0 0 0 0 0 0 0 0 0 2173 0 0 
0 0 0 1534 7 0 0 0 0 0 0 0 
0 0 0 0 0 0 0 0 0 0 1074 0 
0 0 217 4 217 1426 6 0 0 0 0 119 
55 0 130 92 0 0 497 0 0 62 0 0 
0 0 0 0 939 0 0 0 0 0 0 0 
0 0 0 0 0 0 0 527 0 0 0 0 
0 11 2 0 0 12 0 1 3 506 0 0 
0 0 0 0 411 0 0 0 0 0 0 0 
0 0 0 0 0 0 0 0 0 1073 0 0 
15 189 0 0 108 0 0 3 260 0 20 0 
0 0 1 0 0 439 0 0 0 0 0 0 
0 0 0 203 0 0 0 0 0 0 0 0 
0 0 0 0 1291 0 0 0 0 0 0 0 
0 0 0 0 0 0 0 0 0 0 357 0 
0 0 0 0 0 0 0 0 0 1131 0 0 
0 0 0 0 0 0 0 0 193 278 0 0 
0 0 0 0 0 824 0 0 0 0 0 0 
0 0 0 0 0 932 0 0 0 0 0 0 
0 0 0 0 1009 0 0 0 0 0 0 0 
0 0 0 0 1229 0 0 0 0 0 0 0 
410 0 0 0 0 0 0 0 0 0 1 12 
0 342 25 608 343 877 81 1027 0 0 0 0 
0 0 0 0 2649 0 0 0 0 0 0 0 
571 38 0 0 62 5 164 0 0 0 113 0 
0 0 0 0 0 1698 0 0 0 0 0 1 
0 10 1 0 297 1 0 0 419 2 0 0 
0 0 0 0 0 0 0 0 0 0 619 0 
222 0 0 0 0 1457 0 0 0 2 0 0 
0 0 0 0 0 0 0 0 0 1317 0 0 
759 1 1 0 0 4 0 0 159 240 1 0 
0 0 0 0 293 0 0 0 0 0 0 0 
0 0 0 1 1 2 0 0 0 1 507 0 
0 0 0 0 0 0 0 58 135 0 0 239 
32 338 9 0 0 0 8 0 4 0 244 0 
0 0 0 0 0 0 116 202 1123 0 11 1 
151 510 0 33 0 0 31 0 0 0 0 3 
0 0 0 2 0 0 4 0 0 0 11 482 
0 0 0 0 0 1 0 0 0 1954 0 0 
0 0 0 0 0 0 0 0 0 0 469 0 
0 0 0 0 0 0 433 0 0 0 0 0 
0 0 0 0 0 1599 0 0 0 0 0 2 
0 0 0 0 1150 1284 24 2 0 7 1 0 
0 39 0 0 1 0 0 0 0 0 0 2148 
0 0 0 0 0 0 0 0 0 0 1918 0 
2 0 81 0 1 0 4 0 0 0 806 0 
0 0 0 0 0 0 0 0 0 590 0 0 
0 5 0 0 0 0 6 0 591 9 0 0 
0 0 0 0 0 1316 0 0 0 0 0 0 
0 2 0 80 15 0 38 0 1037 0 8 8 
0 0 0 0 0 395 0 0 0 0 0 0 
38 0 56 0 0 79 0 24 1 0 2 534 
1 0 0 1 0 1680 0 0 0 0 0 0 
0 1001 0 8 20 130 0 10 2 0 1569 0 
0 0 2 1720 0 957 0 10 0 25 140 0 
0 0 1419 0 0 0 0 0 0 0 0 22 
0 0 0 0 0 0 0 0 0 0 2016 0 
0 0 0 0 0 0 0 0 0 0 1068 0 
0 0 0 0 0 0 0 0 0 0 1503 0 
0 0 20 0 0 310 218 2 0 1 5 0 
320 0 0 89 0 0 8 64 0 0 0 0 
0 0 0 0 0 1627 0 0 0 0 0 0 
84 0 5 32 0 0 18 58 125 0 7 0 
0 0 0 0 0 0 0 0 1 0 1065 0 
0 88 366 42 1 0 0 0 583 0 0 0 
0 0 0 0 0 0 0 0 0 0 940 0 
0 0 0 0 0 0 0 0 0 877 0 0 
0 0 0 0 1507 0 1 0 0 0 0 0 
0 0 4 0 1007 0 0 0 16 0 3 0 
0 10 0 0 0 0 0 0 36 0 0 288 
0 0 0 0 1643 0 0 0 0 0 0 0 
0 0 0 0 1368 1 2 0 0 0 0 0 
0 3 0 0 1188 109 0 0 14 28 0 0 
0 319 479 3 1818 0 0 2 6 0 0 24 
0 0 0 0 0 0 1 0 0 472 0 0 
110 0 0 0 0 0 0 1 0 0 1254 9 
0 0 0 0 0 0 0 20 0 789 2 0 
274 21 6 6 14 0 2 0 0 502 0 0 
0 381 0 148 0 0 0 0 17 10 109 0 
3 278 0 0 0 0 0 0 0 0 0 0 
0 0 1 0 0 0 369 0 1 0 0 0 
7 0 0 0 1402 0 0 0 0 0 0 0 
0 0 0 0 0 1201 0 0 0 0 0 0 
0 0 0 0 1180 0 0 0 0 0 0 0 
168 0 0 17 27 0 0 5 852 0 0 140 
0 0 1 0 1450 0 0 0 0 0 0 0 
0 0 0 1 0 1033 0 0 3 0 0 0 
413 0 0 3 0 0 0 0 1 4 0 0 
0 0 24 201 258 265 28 0 0 15 1 0 
0 0 0 0 829 0 0 0 0 0 0 0 
0 0 0 0 919 0 0 0 0 0 0 0 
0 0 0 0 0 0 0 0 0 469 0 0 
0 0 0 0 0 0 443 0 2 5 0 0 
0 1 0 35 369 0 0 2 0 56 0 49 
0 0 0 0 0 0 0 0 0 0 1907 0 
4 0 0 0 0 0 0 3870 0 0 17 0 
