99 1 0 0 2917 0 0 3 0 0 76 0 
0 0 0 0 25 10 0 0 121 545 889 0 
0 0 0 0 0 0 0 0 0 0 760 0 
0 0 0 0 0 1933 98 0 0 0 0 0 
0 0 0 0 0 0 0 0 0 1 432 0 
1 0 1 0 0 4361 0 0 0 0 60 0 
0 0 50 284 1217 0 0 0 0 0 0 0 
0 0 0 0 0 1558 0 0 0 1 0 0 
0 0 0 0 0 440 0 0 0 0 0 0 
0 1 0 0 0 1324 1 0 0 0 0 0 
0 0 0 0 0 957 0 0 0 0 0 0 
0 0 0 0 4 4973 0 119 3 0 25 0 
0 0 0 0 719 0 0 0 0 0 0 0 
13 0 0 0 1338 1565 0 0 0 0 0 0 
0 185 0 14 58 0 0 0 8 1526 0 0 
0 0 0 0 0 4414 786 0 0 93 0 0 
0 0 0 0 0 0 0 0 0 0 0 865 
346 2193 0 0 0 0 0 0 0 0 0 6 
0 0 0 0 0 0 0 0 0 0 992 0 
0 0 0 0 0 0 0 0 0 0 711 0 
0 0 0 0 0 3 0 0 0 0 2943 0 
0 0 88 6 43 0 39 0 58 0 0 1460 
0 0 1 0 0 0 0 0 0 0 2984 0 
2 0 0 194 0 0 0 0 0 0 1336 871 
0 0 0 0 0 0 0 0 0 1756 0 0 
0 0 0 0 0 0 0 0 0 435 0 0 
142 0 0 0 0 688 0 1259 0 19 0 28 
310 242 48 187 0 22 0 148 0 293 1 0 
0 0 0 0 0 0 0 0 0 0 1325 0 
0 0 0 0 0 2313 0 0 0 0 0 0 
0 0 0 0 0 801 0 0 0 0 0 0 
0 0 0 0 0 917 0 0 0 0 0 0 
0 0 0 0 1290 0 0 0 0 0 0 0 
0 0 0 0 0 2523 0 0 0 0 0 0 
0 0 0 0 793 1902 0 0 0 0 0 0 
440 0 0 0 0 0 0 0 0 0 0 0 
0 0 51 0 0 6 2 0 0 0 1099 0 
0 2406 0 0 0 0 0 0 0 0 130 1 
0 0 0 0 0 0 0 0 0 0 322 0 
0 0 0 0 0 0 0 628 0 0 0 0 
0 0 0 0 0 0 0 0 8 0 3972 0 
0 0 0 0 0 0 0 0 0 0 1075 0 
0 0 825 1392 295 0 0 0 0 0 0 0 
0 0 0 0 0 0 0 0 0 0 2819 1 
1 0 0 1 1707 0 0 2 98 54 0 0 
0 0 0 0 292 0 0 0 0 0 0 0 
0 86 0 368 355 0 0 0 0 75 108 0 
0 0 0 0 0 0 265 0 0 0 0 0 
0 0 0 0 0 0 0 0 0 1123 0 0 
0 0 42 33 0 977 0 0 4 0 3816 9 
0 0 0 0 0 0 0 0 0 1561 0 0 
0 0 0 0 0 0 0 0 0 0 2215 0 
0 0 0 0 0 0 0 12 0 451 3 0 
0 0 0 0 0 0 0 0 0 0 0 328 
0 0 34 0 18 22 0 0 120 0 0 0 
81 0 0 0 0 0 0 0 0 0 891 0 
0 0 0 0 0 0 0 0 0 0 697 0 
0 1 1 0 1 0 0 350 0 0 0 0 
0 68 7 1 0 0 0 453 2238 0 10 0 
0 0 0 0 0 566 0 0 0 0 0 0 
0 0 0 0 0 0 0 0 0 0 2217 0 
0 0 0 0 0 0 0 0 0 0 648 0 
0 42 1 771 2 8 0 0 0 0 0 0 
0 0 0 0 0 0 0 1 6 6 3456 0 
0 189 0 0 0 315 142 30 0 0 0 0 
1 0 0 0 0 2175 0 0 0 0 0 0 
2 41 0 0 1 0 0 0 2 5 0 1480 
0 0 0 0 1074 0 0 0 0 0 0 0 
0 0 0 0 0 0 0 0 0 0 1772 0 
0 0 0 0 0 1002 0 0 0 0 0 0 
0 0 0 0 0 0 0 0 0 0 768 0 
0 0 0 0 0 1 10 1 0 515 0 0 
0 0 0 0 0 0 0 0 0 536 0 0 
0 0 24 158 45 0 0 0 0 0 4 180 
0 9 0 67 0 34 0 0 0 91 869 0 
0 0 0 0 0 0 0 1 0 0 598 0 
2 0 4 2 0 258 0 0 0 1 157 14 
169 0 0 0 18 6 2 0 0 0 3 5 
0 0 0 0 0 0 2 0 0 0 951 8 
0 0 0 1 0 0 1 5 2 0 348 0 
0 0 0 0 0 1091 0 0 0 0 0 0 
1 5 0 0 0 0 0 0 465 0 0 0 
0 0 0 0 0 0 0 0 0 0 824 0 
288 0 83 1 186 82 146 2 0 0 1 132 
0 0 0 0 0 0 0 0 0 0 0 675 
0 3 0 31 0 0 212 50 94 614 0 0 
0 0 0 0 0 0 0 0 0 0 1224 0 
154 0 0 0 0 0 0 0 0 0 0 387 
0 0 0 0 0 0 0 0 0 0 3261 0 
0 0 0 0 0 0 0 0 0 0 0 1962 
0 0 0 0 948 0 0 0 0 1 0 0 
0 0 0 0 0 0 0 0 0 0 1717 0 
0 337 0 3 0 0 0 57 278 0 0 50 
0 0 0 0 0 619 0 0 0 0 0 0 
1650 0 0 0 31 0 0 0 0 5 0 10 
0 0 0 0 0 752 0 0 0 0 0 0 
0 0 0 0 0 0 0 0 0 0 1177 0 
0 0 0 0 0 0 0 0 0 0 579 0 
0 0 0 0 487 0 0 0 0 0 0 1 
0 0 0 0 0 0 0 0 0 0 370 0 
0 0 0 0 0 637 0 0 0 0 0 0 
0 0 0 0 0 343 0 0 0 0 0 0 
0 0 2 0 0 116 1189 143 6 0 0 0 
0 0 0 0 0 0 0 0 0 0 739 0 
0 0 0 0 15 470 4 0 6 1 0 0 
175 564 19 1193 1 0 1 0 0 0 2 0 
0 0 0 0 0 2561 0 0 0 0 0 0 
0 46 33 29 295 3 15 48 0 0 0 0 
0 0 0 0 0 0 491 0 2 0 0 0 
0 0 0 25 10 35 0 0 109 0 494 0 
0 0 0 0 0 0 0 0 0 0 2481 0 
25 160 722 0 1360 0 0 3 3 1 0 0 
3 0 45 0 0 0 984 12 3 0 91 780 
0 0 884 0 1 0 1 0 0 0 1 0 
137 0 0 1 4 114 0 0 6 305 0 24 
0 0 0 0 0 0 0 0 615 0 0 0 
0 0 0 0 0 0 0 0 0 0 1323 0 
0 0 1 0 0 0 0 0 0 0 1188 0 
0 0 0 0 0 0 0 0 0 0 389 0 
0 0 0 0 1 728 0 0 2 0 0 0 
0 0 0 0 0 0 0 0 0 0 1674 0 
1 162 35 0 0 230 899 82 0 0 619 728 
0 0 0 0 2 0 0 0 0 0 2897 0 
0 0 0 0 0 0 0 0 0 0 0 1397 
0 0 0 0 0 2018 0 0 0 0 0 0 
0 0 0 0 0 1068 0 0 0 0 0 0 
0 0 0 0 0 1503 0 0 0 0 0 0 
0 0 0 0 0 547 0 0 0 0 0 0 
0 0 0 0 0 0 0 0 0 0 0 524 
0 0 0 0 923 698 0 0 0 0 1 4 
0 2 0 0 0 0 0 0 308 19 0 0 
0 0 0 0 0 1067 0 0 0 0 0 4 
0 450 0 0 0 0 0 0 0 631 0 0 
0 0 5 0 1 4 0 0 0 0 930 0 
0 0 0 0 0 926 0 0 0 0 0 0 
0 0 0 0 0 0 0 0 0 0 1457 0 
5 407 0 0 449 0 0 0 189 6 0 0 
0 0 40 21 8 0 1 0 0 94 172 0 
0 0 0 2 0 0 0 0 0 0 1641 0 
0 0 0 0 0 0 0 0 0 0 1372 0 
0 0 0 0 0 0 0 0 0 0 1330 0 
5 2638 0 2 38 0 4 0 0 0 5 0 
0 0 0 0 0 473 0 0 0 0 0 0 
0 0 0 0 0 0 0 0 0 0 1401 0 
0 0 0 0 0 0 1 808 0 1 0 0 
0 52 0 149 375 1 31 0 215 0 2 0 
0 0 0 0 0 0 0 0 0 0 654 0 
0 0 0 0 0 0 0 0 0 0 0 238 
0 0 0 0 0 0 10 0 196 165 0 0 
0 0 0 0 0 0 0 0 0 3 1416 0 
40 190 0 0 0 24 0 0 816 1 0 154 
0 0 0 0 0 0 0 0 0 0 1180 0 
0 0 0 0 0 0 0 0 0 0 1257 0 
0 0 0 0 0 0 0 0 0 0 1461 0 
0 0 0 0 0 0 0 0 0 1037 0 0 
235 0 0 0 0 1 0 0 8 0 0 60 
0 0 0 0 0 0 0 0 0 0 0 788 
0 0 0 0 0 0 0 0 0 0 838 0 
1 0 0 25 1 4 0 0 749 1 138 0 
0 0 0 0 0 0 0 469 0 0 0 0 
0 0 0 0 0 0 0 0 0 0 645 0 
0 0 0 0 0 0 0 0 0 0 512 0 
