0 6 0 0 3084 0 0 0 0 0 1 0 
0 13 0 0 11 0 0 39 5 502 1011 0 
0 0 0 0 0 0 0 0 0 0 761 0 
0 0 0 0 0 1942 92 0 0 0 0 0 
0 0 0 0 0 0 0 0 0 1 432 0 
0 0 0 0 0 4366 0 0 0 0 62 0 
0 0 42 291 1210 0 0 0 0 0 0 0 
0 0 0 0 0 1559 0 0 0 0 0 0 
0 0 0 0 0 440 0 0 0 0 0 0 
0 0 0 0 0 1307 0 0 0 0 0 0 
0 0 0 0 0 957 0 0 0 0 0 0 
0 0 0 0 1 4752 0 391 0 0 0 0 
0 0 0 0 719 0 0 0 0 0 0 0 
0 0 0 1 1466 1459 0 0 0 0 0 1 
3 333 0 0 0 82 1 0 0 1360 9 0 
0 0 0 0 0 4352 918 0 0 54 0 0 
0 0 0 0 0 0 0 0 0 0 0 866 
334 2196 0 0 2 0 0 1 0 0 0 11 
0 0 0 0 0 0 0 0 0 0 994 0 
0 0 0 0 0 0 0 0 0 1 710 0 
0 0 0 0 0 3 0 0 0 0 2943 0 
0 0 41 1 0 0 1 0 22 0 0 1630 
0 0 0 1 0 0 0 0 0 0 2987 0 
2 0 0 128 38 0 2 27 0 0 1743 412 
0 0 0 0 0 0 0 0 0 1755 0 0 
0 0 0 0 0 0 0 0 0 441 0 0 
5 0 0 0 0 700 0 1377 0 0 0 55 
155 320 351 1 0 0 0 5 0 418 0 2 
0 0 0 0 0 0 0 0 0 0 1325 0 
0 0 0 0 0 2307 0 0 0 0 0 0 
0 0 0 0 0 800 0 0 0 0 0 0 
0 0 0 0 0 916 0 0 0 1 0 0 
0 0 0 0 1290 0 0 0 0 0 0 0 
0 0 0 0 0 2515 0 0 4 0 0 0 
0 1 0 0 764 1916 0 0 0 0 0 0 
440 0 0 0 0 0 0 0 0 0 0 0 
0 0 0 2 0 73 3 13 0 0 1051 0 
0 2460 0 10 0 1 1 0 0 0 65 0 
0 0 0 0 0 0 0 0 0 0 322 0 
0 0 0 0 0 0 0 624 0 0 0 0 
0 0 1 0 0 0 2 0 0 0 3951 10 
0 0 0 0 0 0 0 0 0 0 1074 0 
0 49 719 1475 278 0 0 0 0 0 0 1 
0 0 0 0 0 0 0 0 0 0 2840 1 
0 0 0 0 1771 0 25 0 0 60 0 6 
0 0 0 0 292 0 0 0 0 0 0 0 
0 120 0 320 333 0 0 0 0 3 214 0 
0 0 0 0 0 0 265 0 0 0 0 0 
0 0 0 0 0 0 0 0 0 1123 0 0 
1 0 0 0 0 525 0 0 0 0 3947 0 
0 0 0 0 0 0 0 0 0 1563 0 0 
0 0 0 0 0 0 0 0 0 0 2621 0 
0 0 0 0 0 0 0 8 0 458 0 0 
0 0 0 0 0 0 0 0 0 0 0 328 
0 0 102 24 13 0 6 6 43 0 0 0 
15 0 1 23 0 0 0 0 0 0 915 15 
0 0 0 0 0 0 0 0 0 0 697 0 
0 0 0 0 0 0 0 353 0 0 0 0 
0 13 1 0 1 0 0 490 2254 12 5 0 
0 0 0 0 0 566 0 0 0 0 0 0 
1 0 0 0 0 0 0 0 0 0 2217 0 
0 0 0 0 0 0 0 0 0 0 648 0 
0 51 0 772 0 0 1 0 0 0 0 0 
0 0 0 0 0 0 1 0 0 0 3482 0 
1 340 4 0 0 156 175 0 0 0 0 0 
0 0 0 0 0 2170 0 0 0 1 0 0 
2 0 0 0 0 0 0 0 0 0 0 1534 
1 1 0 0 1068 0 0 0 0 0 4 0 
0 0 0 0 0 0 0 0 0 0 1780 0 
0 0 0 0 0 1002 0 0 0 0 0 0 
0 0 0 0 0 0 0 0 0 0 768 0 
0 0 0 0 0 0 0 0 0 526 0 1 
0 0 0 0 0 0 0 0 0 536 0 1 
0 11 49 252 3 0 0 0 0 0 0 96 
0 75 2 133 24 0 0 0 0 0 836 0 
1 0 0 0 0 0 0 0 0 0 600 0 
0 9 18 0 0 138 0 6 0 0 266 0 
187 2 3 0 7 0 4 0 0 0 0 0 
0 0 0 1 0 0 7 0 0 0 1261 0 
0 0 0 0 0 1 0 0 1 0 351 4 
0 0 0 0 0 1136 0 0 0 0 0 0 
0 1 2 0 2 0 0 0 465 0 1 0 
0 0 0 0 0 0 0 0 0 0 824 0 
378 0 39 0 55 52 30 0 0 3 0 364 
0 0 0 0 0 0 0 0 0 0 0 675 
0 0 4 16 0 8 171 11 111 683 0 0 
0 0 0 0 0 0 0 0 0 0 1227 0 
169 0 0 0 0 0 0 0 0 0 0 381 
0 0 0 0 0 0 0 0 0 0 3268 0 
0 0 0 0 0 0 0 0 0 0 0 1994 
0 0 0 0 950 0 0 0 1 0 0 0 
0 0 0 0 0 0 0 0 0 0 1729 0 
0 255 5 0 1 0 2 155 171 0 42 95 
0 0 0 2 0 610 0 0 1 0 0 6 
1649 0 0 22 10 0 0 1 0 0 0 13 
0 0 0 0 0 754 0 0 0 0 0 0 
0 0 0 0 0 0 0 0 0 0 1171 0 
0 0 0 0 0 0 0 0 0 0 292 0 
0 0 0 1 486 0 0 0 0 0 0 0 
0 0 0 0 0 0 0 0 0 0 370 0 
0 0 0 0 0 635 0 0 0 0 0 0 
0 0 0 0 0 343 0 0 0 0 0 0 
0 0 0 0 0 130 1185 129 11 0 0 0 
0 0 0 0 0 0 0 0 0 0 724 0 
0 0 18 0 0 476 0 2 0 0 0 0 
103 472 4 991 0 0 18 322 0 35 9 0 
0 1 0 0 0 2567 0 0 0 0 0 0 
0 47 26 1 332 2 53 0 0 0 0 8 
0 0 0 0 0 0 491 0 0 1 0 1 
107 0 0 59 0 108 6 0 111 0 284 0 
0 0 0 0 0 0 0 0 0 0 2499 0 
1 163 539 0 1573 1 0 0 0 0 0 2 
42 6 242 8 3 0 620 0 0 1 7 989 
0 0 885 1 1 0 4 0 0 0 0 0 
303 0 0 0 0 107 0 1 0 181 0 0 
0 0 0 0 0 0 0 1 613 0 0 0 
0 0 0 0 0 0 0 0 0 0 1309 0 
0 0 0 0 0 1 0 0 0 0 1186 0 
0 0 0 0 0 0 0 0 0 0 389 0 
0 0 0 0 0 730 0 0 0 0 0 0 
0 0 0 0 0 0 0 0 0 0 1670 0 
6 71 0 2 0 212 984 0 0 0 843 630 
0 0 0 0 0 0 0 0 0 0 2912 0 
0 0 0 0 0 0 0 0 0 0 0 1399 
0 0 0 0 0 2020 0 0 0 0 0 0 
0 0 0 0 0 1068 0 0 0 0 0 0 
0 0 0 0 0 1503 0 0 0 0 0 0 
0 0 0 0 0 547 0 0 0 0 0 0 
0 0 0 0 0 0 0 0 0 0 0 521 
0 0 0 3 831 785 0 0 0 0 0 0 
10 3 0 0 0 0 0 1 315 0 0 0 
0 0 0 1 0 1053 0 0 0 5 3 0 
1 398 0 0 78 0 0 0 0 600 4 0 
0 11 0 13 0 0 0 0 0 0 916 0 
0 0 0 0 0 877 0 0 0 0 0 0 
0 0 0 0 0 0 0 0 0 0 1456 0 
0 632 0 0 313 60 24 0 22 0 0 0 
43 56 6 0 0 0 0 3 0 85 132 10 
0 0 0 0 0 1 1 0 0 0 1641 0 
0 0 0 0 0 0 0 0 0 0 1371 0 
0 0 0 0 0 0 0 0 0 0 1320 0 
0 2611 0 0 72 0 0 0 13 0 1 0 
0 0 0 0 0 473 0 0 0 0 0 0 
0 0 0 0 0 0 0 0 0 0 1401 0 
0 0 0 0 0 0 0 833 0 0 0 0 
0 3 0 148 297 0 75 0 294 7 0 1 
0 0 0 0 0 0 0 0 1 0 654 1 
0 0 0 0 0 0 0 0 0 0 0 238 
0 0 0 0 0 0 17 0 185 169 0 0 
0 0 0 0 0 0 0 0 0 0 1408 0 
12 357 2 0 0 0 0 0 305 15 0 530 
0 0 0 0 0 0 0 0 0 0 1180 0 
0 0 0 0 0 0 0 0 0 0 1258 0 
0 0 0 0 0 0 0 0 0 0 1451 0 
0 0 0 0 0 0 0 0 0 1037 0 0 
191 18 0 0 0 5 0 0 24 0 0 56 
0 0 0 0 0 0 0 0 0 0 0 789 
0 0 0 0 0 0 0 0 0 0 827 0 
0 0 0 9 0 46 10 0 634 77 142 1 
0 0 0 0 0 0 0 445 1 0 0 0 
0 0 0 10 0 0 0 0 24 0 627 0 
0 0 0 0 0 0 0 0 0 0 512 0 
