0 0 0 28 2970 0 0 0 29 0 55 17 
17 6 6 0 0 0 0 0 0 253 1014 0 
0 0 0 0 0 0 0 0 0 0 761 0 
0 0 0 0 0 1935 96 0 0 0 0 0 
0 0 0 0 0 0 0 0 0 0 433 0 
0 0 0 0 0 4496 0 0 0 0 45 1 
0 0 43 302 1200 0 0 0 0 0 0 0 
0 0 0 0 0 3895 0 0 0 0 1 0 
0 0 0 0 0 440 0 0 0 0 0 0 
0 0 0 0 0 1305 0 0 0 0 0 0 
0 0 0 0 0 987 0 0 0 0 0 0 
0 0 0 0 0 987 26 245 0 2 2 0 
0 0 0 0 382 0 0 0 0 0 0 0 
0 0 0 0 1405 1518 0 0 0 0 0 0 
19 178 0 0 0 623 4 43 118 801 0 0 
0 0 0 14 0 4303 923 0 0 82 5 0 
0 0 0 0 0 0 0 0 0 0 0 865 
368 2140 0 0 0 0 0 0 0 0 0 12 
0 0 0 0 0 0 0 0 0 0 1293 0 
0 0 0 0 0 0 0 0 0 0 731 0 
0 0 0 0 0 4 0 0 0 0 2937 0 
0 7 124 44 0 0 5 0 2 0 0 1515 
0 1 1 0 0 0 0 0 0 0 2967 0 
0 0 4 181 15 2 8 0 0 0 1664 541 
4 0 0 0 1 0 0 1 1 1742 0 0 
0 0 0 0 0 0 0 0 0 442 0 0 
0 0 0 0 0 871 0 0 0 0 0 0 
508 310 288 0 2 47 0 0 0 0 0 97 
0 0 0 0 0 0 0 0 0 0 1325 0 
0 0 0 0 0 2319 0 0 0 0 0 0 
0 0 8 0 0 797 0 0 0 0 0 0 
0 0 0 0 0 676 0 0 0 0 0 0 
0 0 0 0 1290 0 0 0 0 0 0 0 
0 0 1 0 0 2520 0 0 0 0 0 0 
8 4 0 0 792 1861 7 0 0 0 1 0 
440 0 0 0 0 0 0 0 0 0 0 0 
0 0 0 0 1 22 7 0 0 0 1128 0 
0 2450 4 0 0 0 0 0 0 0 79 7 
0 0 0 0 0 0 0 0 0 0 322 0 
0 0 0 0 0 0 0 624 0 0 0 0 
0 0 0 0 0 0 0 12 8 0 3770 10 
0 0 0 0 0 0 0 0 0 0 871 0 
6 30 563 1652 271 0 0 0 0 1 0 0 
0 0 0 0 0 0 1 0 0 0 2763 0 
0 39 1 46 1776 0 0 0 0 0 0 0 
0 0 0 0 292 0 0 0 0 0 0 0 
0 0 0 0 1353 0 0 0 0 0 0 0 
0 0 0 0 0 0 265 0 0 0 0 0 
0 0 0 0 0 0 0 0 0 1126 0 0 
5 5 0 0 0 708 0 0 0 0 3126 0 
0 0 0 0 0 0 0 0 0 1554 0 0 
0 0 0 0 3 0 0 0 0 0 2618 0 
0 0 0 0 0 0 0 0 0 460 0 0 
0 0 0 0 0 0 1 0 0 0 0 327 
0 0 79 0 4 0 6 1 104 0 0 0 
0 0 0 0 0 0 0 0 22 0 852 87 
0 0 0 0 0 0 0 0 0 0 697 0 
0 0 0 0 0 0 0 353 0 0 0 0 
0 2 0 9 4 0 0 450 2295 0 14 0 
0 0 0 0 0 566 0 0 0 0 0 0 
0 0 0 0 0 0 0 3 0 0 2194 0 
0 0 0 0 0 0 0 0 0 0 647 0 
0 0 38 648 21 0 0 0 0 19 98 0 
0 0 0 0 0 0 1 2 0 5 3495 0 
4 448 23 2 0 81 87 24 4 0 0 4 
0 0 0 0 1 2177 0 0 0 0 0 0 
1 0 0 0 0 0 2 1 0 0 0 1540 
1 1 0 0 1068 0 1 0 0 3 0 0 
0 0 0 0 0 0 0 0 0 0 1994 0 
0 0 0 0 0 1002 0 0 0 0 0 0 
0 0 0 0 0 0 0 0 0 0 942 0 
2 0 0 0 0 0 0 0 0 525 0 0 
0 0 0 0 0 0 0 0 0 535 0 1 
13 10 0 144 2 79 3 5 21 0 5 129 
13 61 0 41 15 0 0 0 2 144 795 0 
0 0 0 0 0 0 0 0 0 0 604 0 
3 0 0 0 0 211 0 0 2 0 224 0 
0 13 27 0 60 56 0 0 22 0 22 3 
0 0 1 0 1 0 0 1 0 0 1292 0 
0 0 0 1 0 0 0 0 0 0 356 0 
0 0 0 0 0 1139 0 0 0 0 0 2 
0 0 7 0 0 0 0 0 460 0 1 3 
0 0 0 0 0 0 0 0 0 0 824 0 
591 0 0 0 0 0 22 0 0 3 16 297 
0 4 0 0 0 34 292 37 0 606 14 19 
0 0 0 0 0 0 0 0 0 0 1226 0 
23 0 0 0 0 0 0 0 0 0 0 401 
0 0 0 0 0 0 0 0 0 0 3301 0 
0 0 0 0 0 0 0 0 0 0 0 2631 
0 0 0 0 954 0 0 0 0 0 0 0 
0 0 0 0 0 0 0 0 0 0 1673 0 
0 0 0 13 5 0 0 53 14 0 635 8 
1 0 0 0 5 608 0 0 0 0 2 3 
1615 0 10 8 0 0 0 0 61 0 0 0 
0 0 0 0 0 753 0 0 0 0 0 0 
0 0 0 0 0 0 0 0 0 0 1169 0 
0 0 0 0 0 0 0 0 0 0 291 0 
0 0 0 0 507 0 0 0 0 0 0 0 
0 0 0 0 0 0 0 0 0 0 371 0 
0 0 0 0 0 634 0 0 0 0 0 0 
0 0 0 0 0 145 1146 154 14 0 0 0 
0 0 0 0 0 0 0 0 0 0 726 0 
0 0 0 0 0 496 0 0 0 0 0 0 
0 505 0 706 236 14 0 430 0 0 61 0 
0 0 66 0 154 0 0 119 0 21 109 0 
0 0 3 0 0 0 490 0 0 0 0 0 
9 0 4 10 0 978 0 0 0 1 323 0 
0 0 0 0 0 0 0 0 0 0 2488 0 
0 140 513 4 1577 0 18 0 0 0 0 0 
0 1 76 0 1 1 1587 10 242 0 0 0 
0 0 886 0 5 0 1 0 0 0 0 0 
144 2 147 0 0 0 0 3 112 121 0 64 
0 0 0 1 0 0 0 0 610 2 0 0 
0 0 0 0 0 0 0 0 0 0 1313 0 
0 0 0 0 0 0 0 0 0 0 1188 0 
0 0 0 0 0 0 0 0 0 0 389 0 
0 0 0 0 0 726 0 0 1 1 2 0 
0 0 0 0 0 0 0 0 0 1 1676 0 
1 292 0 0 0 48 2044 4 47 78 7 215 
0 0 0 0 0 0 0 0 0 0 2891 0 
0 0 0 0 0 0 0 0 0 0 0 1424 
0 0 0 0 0 2011 0 0 0 0 0 0 
0 0 0 0 0 1068 0 0 0 0 0 0 
0 0 0 0 0 1503 0 0 0 0 0 0 
0 0 0 0 0 547 0 0 0 0 0 0 
0 0 0 0 0 0 0 0 0 0 0 479 
1 0 8 0 838 775 0 0 0 1 0 0 
0 0 0 0 0 0 2 0 316 0 0 11 
0 0 0 0 1 1068 0 0 0 0 0 0 
0 542 0 0 0 1 0 1 0 537 0 0 
0 0 5 1 2 0 0 0 0 1 909 23 
0 0 0 0 0 877 0 0 0 0 0 0 
0 2 0 0 0 0 0 0 0 0 1482 0 
16 922 0 0 0 86 0 0 13 0 12 0 
15 0 1 12 0 97 13 7 69 98 22 0 
0 0 0 0 0 0 0 0 0 0 1643 0 
0 0 0 0 0 0 0 0 0 0 1372 0 
1 0 0 0 0 0 0 0 0 0 1336 0 
0 2593 0 0 50 7 0 0 0 0 18 0 
0 0 0 0 0 473 0 0 0 0 0 0 
0 0 0 0 0 0 0 0 0 0 1383 0 
0 0 0 0 0 0 0 834 1 0 0 0 
0 0 52 0 600 0 105 0 0 0 68 0 
0 0 0 0 0 0 0 0 0 0 662 0 
0 0 0 0 0 0 0 0 0 0 0 281 
0 0 0 0 0 0 27 0 173 170 0 1 
0 0 0 0 0 0 0 0 0 0 1419 0 
0 1133 0 0 34 5 0 0 0 0 0 34 
0 0 0 0 0 0 0 0 0 0 1182 0 
0 0 0 0 0 0 0 0 0 0 1268 0 
0 0 0 0 0 0 0 0 0 0 1439 0 
0 0 0 0 0 0 0 0 0 1037 0 0 
401 0 0 0 0 3 0 0 0 0 0 16 
0 0 0 0 0 0 0 0 0 0 0 790 
0 0 0 0 0 0 0 0 0 0 826 0 
0 0 3 228 0 2 0 141 332 0 209 4 
0 0 0 0 0 0 0 446 0 0 0 0 
0 1 2 0 0 3 0 0 0 0 639 0 
0 0 0 0 0 0 0 0 0 0 512 0 
201 2 0 65 6 537 0 993 10 0 1 103 
0 0 2 0 0 3535 0 339 0 0 0 0 
