135 99 165 119 163 145 116 150 139 162 155 126 168 141 168 166 132 170 185 149 169 133 166 148 142 
0 0 19 0 0 0 0 9 0 0 0 0 10 0 0 0 0 20 0 0 2 0 11 1 0 
0 0 0 17 0 0 0 0 20 0 0 0 0 19 0 0 0 0 22 0 0 0 0 21 0 
0 0 0 0 0 0 0 0 0 0 9 12 10 8 11 0 0 0 0 0 0 0 0 0 0 
34 0 0 0 0 38 0 0 2 0 51 0 0 0 0 31 0 0 0 0 34 0 0 0 0 
0 0 0 0 13 0 0 0 0 15 0 0 0 5 21 0 0 0 0 12 0 0 0 1 22 
41 67 47 62 33 0 1 0 0 0 0 0 0 1 0 0 0 0 0 0 0 2 0 0 0 
0 0 0 0 0 2 0 0 0 0 0 0 0 0 0 0 0 0 0 0 0 7 5 4 5 
0 0 3 0 0 31 34 47 29 42 0 0 0 0 0 0 0 0 0 0 0 0 0 0 0 
0 0 0 1 0 0 0 0 0 0 1 1 3 3 3 13 12 19 22 13 0 0 0 4 0 
0 53 0 0 0 0 40 1 0 0 0 39 0 1 0 4 35 2 0 0 0 50 3 3 0 
