0 0 0 1 0 84 2347 6 0 0 0 1 
0 0 0 0 0 0 115 0 0 0 0 0 
0 0 0 1 146 99 0 0 0 0 3 0 
0 1 6 16 33 82 67 0 0 0 0 0 
0 0 14 188 413 0 0 0 0 0 0 0 
0 0 0 0 0 174 0 0 1 0 0 0 
0 0 0 0 0 1 550 0 12 0 128 4 
0 0 13 0 0 0 210 0 1 0 0 0 
0 0 0 1 0 1 0 0 623 0 1 0 
0 0 0 190 131 0 0 0 6 0 0 0 
0 0 0 0 0 0 0 322 1 0 0 0 
0 1 0 0 194 0 0 0 0 0 0 0 
0 0 0 0 0 132 0 0 0 0 0 0 
0 0 1 0 0 0 0 0 0 0 0 84 
2 9 1 0 16 1 0 62 0 0 0 0 
0 0 16 0 1 139 37 11 0 0 0 0 
0 0 48 0 0 0 0 0 0 0 0 0 
0 0 0 0 0 0 19 340 0 0 2 0 
0 0 0 0 0 94 25 0 1 0 0 0 
0 0 0 0 0 0 1 239 0 1 7 0 
0 0 0 0 0 0 0 0 200 0 0 0 
0 0 22 0 0 427 0 0 0 0 111 4 
0 0 0 0 0 0 0 0 0 0 0 80 
0 0 1 4 0 0 42 0 0 0 0 0 
0 34 0 0 0 0 0 0 0 0 0 0 
0 0 0 0 0 0 0 0 0 0 72 0 
21 0 0 0 0 39 2 149 0 0 0 0 
0 0 0 0 0 0 0 0 0 0 47 0 
40 0 0 0 0 0 0 0 0 0 0 0 
0 0 5 12 0 12 662 0 0 0 0 0 
0 1 0 0 0 0 5 77 0 0 0 0 
0 344 0 4 0 1 0 6 0 0 3 0 
0 0 0 0 0 575 0 0 0 0 0 0 
