0 0 0 0 0 76 1879 0 0 0 0 0 
0 0 0 0 0 0 114 0 0 0 0 0 
0 3 2 0 131 118 0 0 0 0 0 0 
0 0 0 20 48 71 66 0 0 0 0 0 
1 0 23 163 433 0 0 0 0 0 0 0 
0 0 0 0 0 193 0 0 0 0 0 0 
0 1 2 0 0 0 516 0 9 0 161 0 
0 0 10 0 0 0 216 1 0 0 0 0 
0 0 0 0 1 0 0 0 614 0 2 0 
0 1 0 206 115 3 0 0 0 0 0 0 
0 0 0 0 0 0 0 312 1 0 0 0 
0 0 0 0 196 0 0 0 0 0 0 0 
0 0 0 0 0 0 1 86 2 6 13 24 
0 0 0 0 1 0 0 0 0 0 0 84 
0 0 0 0 17 0 0 73 0 0 0 0 
0 133 37 1 0 0 0 0 0 0 0 32 
0 0 48 0 0 0 0 0 0 0 0 0 
0 6 0 0 0 0 28 324 0 0 0 2 
0 0 0 0 0 97 23 0 0 0 0 0 
0 0 0 0 0 0 0 238 0 0 8 0 
0 1 0 0 0 0 1 0 197 3 0 0 
0 0 55 0 0 447 0 0 0 0 41 0 
0 0 0 0 0 0 0 0 0 0 0 80 
0 0 0 0 0 0 55 0 0 0 0 0 
0 45 0 0 0 0 0 0 1 0 0 0 
0 0 0 0 0 0 0 0 0 0 73 0 
3 0 16 0 7 0 0 193 0 0 0 0 
0 0 0 0 0 0 0 2 0 0 45 0 
40 0 0 0 0 0 0 0 0 0 0 0 
0 0 0 0 4 18 661 0 0 0 4 0 
0 6 0 0 2 0 0 40 0 0 29 3 
1 311 0 0 0 0 8 1 0 0 1 35 
0 0 0 0 0 576 1 0 0 0 0 0 
0 0 0 0 1 9 383 81 0 2 5 0 
