0 626 1617 0 0 27 117 27 0 0 0 0 
0 0 1 2 0 0 108 0 0 0 4 0 
0 0 0 0 0 248 0 0 0 0 0 0 
0 0 0 0 204 0 0 0 0 0 0 0 
0 0 380 217 19 1 0 0 0 0 0 0 
0 182 0 0 1 6 0 0 0 0 0 1 
695 0 0 0 0 0 0 0 0 0 0 0 
0 0 248 0 0 0 0 0 1 0 0 0 
0 0 0 0 0 0 0 0 4 469 147 0 
0 0 0 5 321 0 0 0 0 0 0 0 
0 0 0 0 0 0 79 244 0 0 0 0 
0 0 0 0 18 5 0 0 173 0 0 0 
0 130 0 0 0 0 0 0 0 0 0 0 
0 0 0 0 0 0 84 0 0 0 0 1 
0 0 0 0 0 0 0 91 0 0 0 0 
0 0 0 0 0 0 202 0 0 0 0 0 
0 0 0 2 0 0 45 1 0 0 0 0 
0 4 0 97 251 0 0 0 0 1 8 0 
0 2 0 0 2 111 0 0 0 1 0 4 
0 0 0 0 0 2 0 80 0 0 169 0 
0 0 0 0 0 0 0 76 98 28 0 0 
2 0 14 0 0 500 0 0 0 0 0 39 
0 59 0 0 0 1 0 0 0 0 0 20 
0 0 0 0 0 0 2 45 0 0 0 0 
0 18 0 0 0 0 18 0 0 0 0 1 
0 0 0 1 0 0 0 0 0 71 0 0 
72 0 0 0 0 0 0 137 0 0 0 0 
0 0 0 0 0 0 0 0 40 7 0 0 
0 0 0 0 0 0 3 1 34 0 0 2 
0 1 0 0 0 5 685 0 0 0 0 2 
0 0 1 0 0 0 0 43 40 0 0 0 
0 298 0 1 0 0 17 37 3 0 0 1 
0 0 26 0 0 544 0 0 0 0 0 1 
