0 0 0 0 0 69 1783 6 0 0 0 0 
0 0 0 0 0 0 111 0 0 0 0 0 
1 0 0 0 133 120 1 0 0 0 0 0 
0 0 0 20 43 73 68 0 0 0 0 0 
0 0 14 171 425 0 0 0 0 0 0 0 
0 0 0 0 0 197 0 0 0 0 0 0 
0 0 10 0 0 0 652 3 11 0 0 0 
0 0 23 0 0 0 216 0 0 0 2 0 
0 0 0 0 0 0 0 0 555 4 0 0 
1 0 0 195 129 0 0 0 0 0 0 0 
0 0 1 0 0 0 0 303 8 0 0 0 
0 0 0 0 141 0 0 0 0 0 0 0 
0 0 0 0 0 0 0 0 0 0 0 85 
0 0 0 0 0 0 7 84 0 0 0 0 
0 176 0 1 0 19 0 0 1 0 2 0 
0 0 51 0 0 0 0 0 0 0 0 0 
0 0 3 0 0 0 26 330 0 0 0 0 
0 0 0 0 0 94 24 0 0 0 0 0 
0 0 0 0 0 0 0 245 0 0 7 0 
0 0 0 0 0 0 0 0 203 0 0 0 
0 0 9 0 0 341 0 0 1 0 186 0 
0 0 0 0 0 0 0 0 0 0 0 80 
0 0 0 0 0 0 48 0 3 0 0 1 
0 92 0 0 0 0 0 0 0 0 0 0 
0 0 0 0 0 1 0 0 0 0 68 3 
0 0 3 0 0 0 0 220 0 0 2 0 
1 0 4 0 0 0 0 0 0 0 42 0 
38 0 0 0 0 1 0 0 0 1 0 0 
0 0 7 7 0 13 660 0 1 0 0 0 
6 1 0 0 0 0 0 6 0 0 82 0 
0 414 29 0 0 0 0 0 0 0 0 2 
0 0 0 0 0 579 0 0 0 0 0 0 
0 0 0 0 14 0 447 108 1 0 0 0 
0 12 0 0 0 0 0 0 0 38 0 0 
0 0 0 0 59 0 1 0 0 0 0 0 
