0 2 0 0 0 55 1830 0 1 0 0 0 
0 0 0 0 0 0 113 0 0 0 0 0 
0 0 2 0 122 125 1 4 0 0 0 0 
0 0 3 21 43 67 71 0 0 0 0 0 
0 0 19 164 435 0 0 0 0 0 0 0 
0 0 1 0 0 194 1 0 0 0 0 0 
0 0 0 0 0 3 653 0 22 0 0 0 
0 0 26 0 2 0 208 0 0 1 0 0 
0 0 0 3 0 0 0 0 616 0 1 0 
0 0 0 202 123 0 0 0 0 0 0 0 
0 0 0 0 0 0 1 305 2 0 8 0 
0 0 0 0 194 0 1 0 0 0 0 1 
0 0 1 0 0 0 0 53 75 0 0 0 
0 0 0 0 1 0 0 0 0 0 0 84 
0 0 0 53 0 0 0 38 0 0 0 0 
0 15 0 0 0 0 0 180 2 3 0 0 
0 0 51 0 0 0 0 0 0 0 0 0 
0 0 0 0 0 0 28 334 0 0 0 0 
0 0 0 0 0 92 28 0 0 0 0 0 
0 0 1 0 0 0 0 238 0 0 6 0 
0 0 0 8 0 0 0 0 194 0 0 0 
0 0 73 0 1 378 0 0 0 9 74 0 
0 0 0 0 0 0 0 0 0 0 0 80 
0 0 0 0 0 0 52 0 0 0 0 0 
0 53 0 0 0 0 0 0 0 0 0 0 
0 0 0 0 0 0 0 0 0 1 68 3 
0 0 0 0 0 0 0 211 0 0 0 0 
0 0 0 0 0 0 5 0 0 5 37 0 
40 0 0 0 0 0 0 0 0 0 0 0 
0 0 1 0 0 7 677 0 0 0 0 0 
0 0 0 0 1 0 0 12 0 0 80 0 
12 322 0 0 0 0 0 0 0 3 11 0 
0 0 0 0 0 579 0 0 0 0 0 0 
0 0 0 0 0 0 450 102 0 1 0 0 
