0 205 1283 0 0 42 321 0 3 0 2 0 
0 0 0 2 0 0 109 0 0 0 0 0 
0 1 0 0 0 254 0 0 0 0 0 0 
0 0 0 0 204 0 0 0 0 0 0 0 
0 0 380 218 12 0 0 0 0 0 0 0 
0 188 0 0 0 5 0 0 1 0 0 2 
666 0 0 0 0 3 0 0 1 0 6 0 
0 0 240 0 0 0 0 0 1 0 0 0 
0 0 0 0 0 0 0 0 2 546 11 0 
0 0 0 13 312 0 0 0 0 0 0 0 
0 0 0 0 0 0 82 230 0 0 0 0 
0 0 0 0 13 0 0 0 128 0 0 0 
0 0 0 0 0 0 85 0 0 0 0 0 
0 0 0 0 0 0 0 91 0 0 0 0 
0 0 0 0 0 0 197 1 0 0 0 0 
0 0 0 0 0 0 51 0 0 0 0 0 
206 0 12 5 0 2 0 4 27 0 102 1 
0 0 0 1 0 116 1 0 0 0 0 0 
0 0 0 0 0 0 0 27 0 0 225 0 
0 0 0 1 0 3 0 83 97 19 0 0 
0 0 20 0 0 484 0 0 0 0 0 34 
0 51 0 0 0 0 0 0 0 0 0 29 
0 0 0 0 0 0 3 49 0 0 0 0 
0 92 0 0 0 0 0 0 0 0 0 0 
0 0 0 0 0 0 0 0 0 70 0 2 
56 0 0 0 0 0 0 165 0 0 4 0 
0 0 0 0 0 0 0 0 41 6 0 0 
0 0 0 0 0 0 0 0 36 4 0 0 
0 0 1 0 0 8 678 2 0 0 0 0 
0 0 0 0 0 0 0 56 39 0 0 0 
0 435 0 0 0 0 2 7 0 0 0 1 
0 0 0 0 0 569 10 0 0 0 0 0 
0 205 357 0 8 0 0 2 0 0 0 0 
0 0 0 0 0 0 0 0 0 0 50 0 
0 2 4 0 7 0 0 0 0 0 0 47 
