0 0 0 0 0 65 1947 0 0 1 2 0 
0 0 0 0 0 0 113 0 0 0 0 0 
0 0 0 0 131 124 0 0 0 0 0 0 
0 0 0 16 34 73 81 0 0 0 0 1 
0 0 14 173 430 0 1 0 0 0 0 0 
0 0 0 0 0 187 0 0 0 0 0 3 
0 0 0 0 1 0 607 0 11 0 71 0 
0 0 9 0 0 0 217 0 0 0 0 0 
0 0 0 0 0 0 0 1 607 0 9 4 
0 0 0 207 119 0 0 0 0 0 0 0 
0 0 0 0 0 0 0 318 3 0 0 0 
0 0 0 0 195 0 1 0 0 0 0 0 
0 0 0 0 0 0 0 0 0 0 0 132 
0 0 0 0 0 0 0 0 0 1 0 84 
2 2 0 0 0 0 0 84 0 1 0 1 
0 103 14 16 0 0 6 0 0 0 11 53 
0 0 48 0 0 0 0 0 0 0 0 0 
0 0 0 0 0 0 30 325 5 0 0 0 
0 1 0 0 0 97 21 0 0 0 0 0 
0 0 0 0 0 0 0 238 0 0 7 0 
0 0 0 1 0 0 0 0 197 0 0 0 
0 0 75 0 4 374 0 0 0 0 93 0 
0 0 0 0 0 0 0 0 0 0 0 80 
0 0 0 0 0 0 50 0 0 0 0 5 
0 38 0 0 0 0 0 0 0 0 0 0 
4 0 0 0 0 0 0 4 0 0 65 0 
7 0 0 0 0 0 0 200 3 3 0 0 
0 0 0 0 0 2 0 0 0 0 45 0 
37 0 0 0 1 0 0 0 2 0 0 0 
0 0 4 0 0 27 659 0 0 0 0 0 
0 43 0 0 0 0 15 6 0 11 6 0 
2 336 0 0 0 3 16 0 0 0 0 0 
0 0 0 0 0 577 0 0 0 0 0 0 
0 0 14 7 0 0 352 53 0 0 0 0 
