0 0 0 0 0 281 2293 5 0 0 0 0 
0 0 0 0 0 0 115 0 0 0 0 0 
0 2 0 0 131 114 0 0 0 0 0 0 
0 0 0 22 35 76 66 0 0 0 0 0 
0 1 30 142 444 0 0 0 0 0 0 0 
0 0 0 0 0 145 0 0 0 0 0 0 
0 24 1 0 0 0 592 0 3 0 85 0 
0 0 0 0 0 0 144 0 0 0 0 0 
1 0 0 1 0 0 0 0 595 4 37 0 
0 0 0 185 114 0 0 0 0 0 33 0 
0 0 0 0 0 1 0 317 1 7 0 0 
0 0 0 0 196 0 0 0 0 0 0 0 
2 7 15 96 0 0 5 0 0 0 9 0 
0 0 0 0 0 1 0 0 0 0 0 84 
0 0 0 0 0 7 0 89 1 0 0 0 
0 0 0 15 0 0 36 0 0 153 0 0 
0 0 48 0 0 0 0 0 0 0 0 0 
0 1 1 0 0 0 12 349 0 0 0 0 
2 0 0 0 3 481 0 0 0 0 0 2 
0 0 0 0 0 107 17 0 0 0 0 0 
0 0 0 0 0 0 0 261 0 0 8 0 
0 0 0 0 0 0 0 0 200 0 1 0 
0 0 60 0 0 458 1 0 0 0 106 0 
0 0 0 0 0 0 0 0 0 0 0 80 
0 0 0 0 0 3 232 0 0 4 146 0 
0 38 0 0 0 0 0 0 0 0 0 0 
28 18 0 0 0 0 0 6 0 0 0 0 
0 0 0 0 32 0 25 155 4 0 0 0 
0 0 0 0 0 0 2 0 0 0 44 1 
28 0 0 0 0 0 0 15 0 0 0 0 
0 0 0 0 0 21 665 0 0 0 0 7 
17 1 1 0 0 1 0 24 0 0 0 0 
