0 0 0 0 0 79 1793 0 0 0 0 0 
0 0 0 0 0 0 113 0 0 0 0 0 
0 0 0 0 144 110 0 0 0 0 0 1 
0 0 0 17 38 87 63 0 0 0 0 0 
0 0 15 152 452 0 0 0 0 0 0 0 
0 0 0 0 0 198 0 0 0 0 0 0 
0 16 1 1 0 16 622 0 21 0 0 0 
1 0 25 0 4 0 213 0 0 0 0 0 
0 0 0 0 0 0 0 1 563 0 0 0 
0 0 0 194 130 0 0 0 0 0 0 0 
0 0 0 0 0 0 0 311 4 0 0 0 
0 0 1 0 140 0 0 0 0 0 0 0 
0 0 0 4 3 0 51 20 0 11 0 2 
0 0 0 0 0 0 0 0 0 0 0 85 
0 0 0 4 1 0 0 59 26 1 0 0 
54 8 54 0 0 0 0 79 0 1 0 4 
0 0 51 0 0 0 0 0 0 0 0 0 
0 1 0 1 0 0 22 335 2 0 0 0 
0 0 0 0 0 97 21 1 0 0 0 0 
0 0 0 0 0 0 0 242 0 0 9 0 
0 0 0 0 0 0 0 0 200 0 0 0 
1 6 20 1 0 434 0 0 6 0 70 0 
0 0 0 0 0 0 0 0 0 0 0 80 
0 0 1 6 0 0 46 0 1 0 0 0 
0 94 0 0 0 0 0 0 0 0 0 0 
0 0 0 0 0 0 0 0 0 0 72 0 
0 0 0 0 0 0 0 218 0 0 0 0 
0 1 0 0 0 0 0 0 0 0 46 0 
40 0 0 0 0 0 0 0 0 0 0 0 
0 0 0 0 0 11 672 0 0 0 0 0 
0 0 0 0 12 0 0 6 0 0 77 0 
45 272 0 2 1 27 0 1 0 0 0 0 
0 0 0 0 0 578 0 0 0 0 0 0 
0 0 0 0 0 0 469 70 0 0 14 0 
0 0 35 1 0 0 14 0 0 0 0 0 
0 1 0 0 53 0 0 0 0 0 0 0 
