0 0 0 0 0 42 1828 0 0 2 0 0 
0 0 0 0 0 0 111 0 0 0 0 0 
0 0 0 1 134 118 0 0 0 0 0 0 
0 0 0 12 24 94 73 0 0 0 1 0 
0 0 17 180 409 0 0 0 0 0 0 0 
0 0 0 0 0 198 0 0 0 0 0 0 
0 0 0 0 0 3 652 0 18 2 1 0 
0 0 9 0 0 0 237 0 0 0 0 0 
0 0 0 0 0 0 0 0 566 0 0 0 
0 0 1 149 172 2 0 0 0 1 0 0 
0 0 0 0 8 0 0 298 3 3 0 0 
0 1 0 0 140 0 0 0 0 0 0 0 
1 0 0 0 0 0 0 0 0 0 0 87 
0 0 0 2 3 0 0 71 0 4 0 11 
1 84 0 0 43 54 1 0 0 0 16 0 
0 0 51 0 0 0 0 0 0 0 0 0 
0 0 0 0 0 0 32 327 0 0 0 0 
0 0 0 0 0 93 27 0 0 0 0 0 
1 0 0 0 0 0 0 243 0 0 8 0 
0 0 0 0 0 0 0 0 196 0 0 0 
0 0 17 8 0 454 0 1 0 0 54 0 
0 0 0 0 0 0 0 0 0 0 0 80 
0 0 0 0 1 0 45 0 0 6 0 0 
0 91 0 0 0 0 0 0 1 0 0 0 
0 0 0 2 0 0 0 0 0 1 69 0 
0 2 0 0 0 0 0 224 0 0 0 0 
0 1 0 0 0 0 0 0 1 0 45 0 
37 0 0 0 0 0 0 1 0 0 2 0 
0 0 0 0 0 5 678 0 0 0 0 1 
0 0 0 0 3 0 0 3 0 0 93 0 
0 382 27 0 0 0 0 36 0 0 0 0 
0 0 0 0 0 578 1 0 0 0 0 0 
14 2 2 0 0 0 446 89 0 0 0 0 
0 0 0 0 0 0 0 0 0 43 0 7 
0 0 0 0 59 0 0 0 1 0 0 0 
