1 0 0 0 0 60 1857 0 0 0 0 0 
0 0 0 0 0 0 115 0 0 0 0 0 
0 0 0 0 119 133 0 0 0 1 0 0 
1 0 0 12 45 73 74 0 0 0 0 0 
0 0 28 161 429 0 0 0 0 0 0 0 
0 0 0 0 0 197 0 0 0 0 0 0 
0 0 0 0 0 0 548 0 130 1 0 0 
0 0 26 1 0 0 210 0 0 0 0 0 
0 0 0 0 0 0 0 0 616 0 0 0 
0 0 0 216 110 0 0 0 0 0 0 0 
0 0 0 0 0 0 0 306 8 0 0 0 
0 0 0 0 196 0 0 0 0 0 0 0 
0 0 0 0 4 0 0 98 0 28 0 0 
0 0 0 0 0 0 0 0 0 0 0 85 
0 0 0 0 0 0 0 90 0 0 0 0 
19 46 0 0 1 0 2 72 60 0 0 0 
0 0 51 0 0 0 0 0 0 0 0 0 
0 0 2 0 0 0 11 348 0 0 0 0 
0 0 0 0 0 95 25 0 0 0 0 0 
0 0 0 0 0 0 0 231 0 0 12 0 
0 0 0 0 0 0 0 5 197 0 0 0 
0 13 26 0 0 450 1 0 1 2 48 0 
0 0 0 0 0 0 0 0 0 0 0 80 
0 0 0 0 4 0 51 0 0 0 0 0 
0 45 0 0 0 0 0 0 0 0 0 0 
0 0 2 0 0 0 0 0 0 0 71 0 
0 0 0 0 0 0 0 220 0 0 0 0 
0 0 0 0 3 0 0 0 0 0 44 0 
35 5 0 0 0 0 0 0 0 0 0 0 
0 0 0 0 0 37 649 0 0 0 0 0 
0 0 0 0 0 3 0 15 0 0 72 0 
0 256 4 3 0 0 0 36 0 1 0 57 
0 0 0 0 0 574 0 0 0 0 0 0 
0 0 0 0 0 3 429 71 0 0 12 0 
