0 0 0 0 0 72 1802 0 1 0 0 0 
0 0 0 0 0 0 113 0 0 0 0 0 
0 0 0 0 124 130 0 0 1 0 0 0 
0 0 0 18 40 84 63 0 0 0 0 0 
0 0 14 143 460 0 0 0 0 0 1 0 
0 0 0 0 0 198 0 0 0 0 0 0 
5 1 7 0 0 0 647 0 18 0 0 0 
0 0 6 0 0 1 244 0 0 0 0 3 
0 0 0 8 0 0 0 0 551 0 0 0 
0 0 0 206 115 0 0 1 2 1 0 0 
0 0 0 0 0 0 0 310 1 0 0 1 
0 0 0 0 139 1 0 0 1 0 0 0 
0 0 0 0 0 27 63 0 0 0 1 0 
0 0 0 0 0 0 0 0 0 0 0 85 
6 0 0 0 0 6 0 79 0 0 0 0 
0 188 0 0 0 0 0 12 0 0 0 0 
0 0 51 0 0 0 0 0 0 0 0 0 
0 0 0 0 0 0 18 340 0 0 0 0 
0 0 0 0 0 95 22 0 0 0 0 0 
0 0 0 0 0 0 0 245 0 0 8 0 
0 0 0 0 0 0 0 0 203 0 0 0 
0 17 60 0 0 397 0 0 0 0 62 1 
0 0 0 0 0 0 0 0 0 0 0 80 
0 0 0 0 0 0 50 0 0 2 0 1 
0 89 1 2 1 0 0 0 0 1 0 0 
0 0 0 0 0 0 0 1 0 0 71 0 
0 0 0 0 0 0 0 223 0 0 0 0 
1 0 0 0 0 0 0 0 0 0 46 0 
39 0 0 0 0 0 0 0 1 0 0 0 
0 0 4 2 0 13 660 0 0 1 3 0 
0 0 0 0 5 0 0 14 0 0 76 0 
0 328 0 0 0 0 0 5 0 0 15 0 
0 0 0 0 0 577 0 0 0 0 0 0 
25 0 0 0 1 0 397 121 0 0 0 0 
2 2 38 0 0 5 1 2 0 0 0 0 
0 0 0 0 54 0 0 0 0 0 0 0 
