0 242 1354 4 0 38 186 0 7 0 9 30 
0 0 0 0 0 1 111 0 0 1 0 0 
0 0 0 0 0 255 0 0 0 0 0 0 
0 1 0 0 204 0 0 0 0 0 0 0 
0 0 385 217 16 0 0 0 0 1 0 0 
0 191 0 0 0 7 0 0 0 0 0 0 
676 0 1 0 0 1 0 0 0 0 0 0 
0 0 237 0 5 0 0 0 0 0 0 0 
0 0 0 2 0 0 0 0 4 546 13 0 
0 0 0 5 319 0 0 0 0 0 0 0 
0 0 1 0 0 0 88 226 0 0 0 0 
0 0 0 0 7 3 0 0 131 0 0 0 
0 87 0 0 0 0 0 0 0 0 0 0 
0 0 0 0 0 0 85 0 0 0 0 0 
0 0 0 0 0 0 0 91 0 0 0 0 
0 0 0 0 0 0 200 0 0 0 0 0 
0 0 1 0 0 0 50 0 0 0 0 0 
254 0 3 0 57 0 0 0 0 0 0 46 
0 1 1 0 0 117 0 0 0 0 0 0 
0 0 0 0 0 0 0 35 0 0 217 0 
0 0 0 0 0 0 0 79 98 22 0 0 
5 0 52 0 0 432 0 11 0 0 0 38 
0 55 1 1 2 0 0 0 0 0 0 21 
0 0 0 0 0 0 1 50 1 0 1 0 
0 93 0 0 0 0 0 0 0 0 0 0 
0 0 0 0 6 0 1 0 2 63 0 0 
81 0 0 0 3 0 0 133 0 0 0 0 
0 0 0 0 0 0 0 0 39 8 0 0 
0 0 0 0 0 0 10 0 30 0 0 0 
0 0 0 0 0 2 682 0 0 0 0 0 
0 2 0 0 0 0 0 59 33 0 1 0 
0 315 0 0 0 0 0 34 0 0 0 0 
0 0 0 0 0 578 0 0 0 0 0 0 
0 161 373 0 19 0 0 7 0 0 0 0 
0 0 0 0 0 0 0 0 0 0 50 0 
1 0 0 0 0 0 0 51 0 0 0 2 
