0 0 1 1 0 90 2311 13 0 0 0 0 
0 0 0 0 0 0 113 0 0 0 0 0 
0 0 0 0 135 119 0 0 0 0 0 1 
0 0 1 23 39 69 74 0 0 0 0 0 
0 0 17 165 432 0 0 0 0 0 0 0 
0 0 0 0 0 191 0 0 0 1 0 0 
0 0 5 12 0 0 448 1 20 0 209 0 
0 0 10 0 0 0 235 0 0 0 0 1 
0 0 0 0 0 1 2 0 615 0 0 2 
0 0 0 190 138 0 0 0 0 0 0 0 
0 0 1 1 1 0 0 311 4 0 0 0 
1 0 0 0 194 0 0 0 1 0 0 0 
9 0 14 0 2 0 0 3 0 0 0 104 
0 0 0 0 0 0 0 0 0 0 0 85 
0 2 0 0 0 8 0 81 0 0 0 0 
43 30 0 0 1 0 0 0 0 0 0 129 
0 0 48 0 0 0 0 0 0 0 0 0 
0 0 0 0 0 0 33 313 0 0 15 0 
0 0 0 0 0 92 28 0 0 0 0 0 
0 0 0 0 0 0 0 243 0 0 7 0 
0 0 0 0 0 1 1 0 196 0 1 0 
0 0 64 0 0 374 0 0 0 29 78 0 
0 0 0 0 0 0 0 0 0 0 0 80 
0 0 0 1 0 0 46 0 0 0 0 0 
0 37 0 0 0 0 0 0 0 0 0 0 
0 0 0 0 0 0 0 0 3 0 69 0 
4 0 0 0 0 0 0 213 0 0 2 0 
0 0 0 0 0 0 0 1 2 1 43 0 
39 0 0 0 0 0 0 1 0 0 0 0 
0 1 0 0 5 2 681 1 0 0 0 1 
0 2 0 24 4 0 0 51 0 0 0 3 
0 202 27 0 0 24 0 99 2 0 0 0 
0 0 0 0 0 575 0 0 0 0 0 0 
