0 0 0 0 0 88 2292 23 0 0 0 0 
0 0 0 0 0 0 115 0 0 0 0 0 
0 0 0 0 146 101 0 0 0 0 0 0 
0 0 0 20 34 92 57 0 1 0 0 0 
0 0 26 164 425 0 0 0 0 0 0 0 
0 0 0 0 0 179 0 0 0 0 0 0 
0 2 0 0 0 1 562 0 20 0 110 0 
0 0 17 0 0 0 241 0 0 0 0 0 
0 0 0 2 0 0 0 5 619 0 0 0 
0 0 0 196 131 0 0 0 0 0 0 0 
0 0 0 0 0 0 0 321 1 0 0 0 
0 0 0 0 195 0 0 0 0 0 0 0 
20 0 8 17 49 38 0 0 0 0 0 0 
0 0 0 0 0 0 0 1 0 0 0 84 
2 15 7 0 0 0 0 67 0 0 0 0 
2 0 0 0 56 26 43 0 77 0 0 0 
0 0 48 0 0 0 0 0 0 0 0 0 
0 0 1 0 0 0 19 341 0 0 0 0 
0 0 0 0 0 90 30 0 0 0 0 0 
0 0 0 0 0 0 0 242 0 0 7 0 
0 0 0 0 0 0 0 0 199 0 0 0 
0 0 25 0 0 420 0 0 0 11 102 7 
0 0 0 0 0 0 0 0 0 0 0 80 
0 0 0 0 0 0 47 0 0 0 0 0 
0 34 0 0 0 0 0 0 0 0 0 0 
0 0 0 0 0 0 0 0 0 0 71 1 
37 0 1 0 0 0 0 173 0 0 0 0 
0 0 0 0 0 0 0 1 0 0 46 0 
39 0 0 0 0 1 0 0 0 0 0 0 
0 7 2 1 0 1 673 8 0 0 0 0 
0 0 0 0 0 0 0 84 0 0 0 0 
0 341 2 0 0 0 0 0 0 2 14 0 
0 0 0 0 0 573 0 0 0 0 0 0 
