0 215 1387 2 0 40 207 0 0 0 12 22 
0 7 0 0 0 1 105 0 0 0 0 0 
0 0 0 0 0 253 0 0 0 0 0 0 
0 0 0 0 204 0 0 0 0 1 0 0 
0 0 397 200 22 0 0 0 0 0 0 0 
2 192 0 0 0 4 0 0 0 0 0 0 
676 0 0 0 0 0 0 0 0 0 0 2 
0 0 245 0 0 0 0 0 0 0 0 0 
0 0 0 2 0 0 0 0 6 534 23 0 
0 0 0 11 314 0 0 0 0 0 0 0 
0 0 0 0 0 0 66 249 0 0 0 0 
0 0 0 0 12 0 0 0 129 0 0 1 
0 125 0 0 0 0 0 0 0 0 0 0 
0 0 0 0 0 0 85 0 0 0 0 0 
0 0 0 0 0 0 0 91 0 0 0 0 
0 0 0 0 0 0 200 0 0 0 0 0 
0 0 0 1 0 0 50 0 0 0 0 0 
260 0 0 0 37 0 0 0 0 14 3 46 
0 0 0 0 0 100 0 5 2 0 4 9 
0 3 0 0 0 0 0 52 0 0 195 1 
3 0 0 0 0 0 0 78 90 31 0 0 
0 1 43 0 0 459 0 0 0 0 0 32 
0 55 0 0 0 0 0 0 0 0 0 25 
0 0 0 0 0 0 2 51 0 0 0 0 
0 53 0 0 0 0 0 0 0 0 0 0 
0 0 0 0 0 0 0 0 2 70 0 0 
51 0 0 0 1 0 0 161 3 0 0 0 
0 0 0 0 0 0 0 0 40 7 0 0 
0 0 0 0 0 1 0 0 39 0 0 0 
0 0 0 0 0 4 681 0 0 0 0 0 
0 0 0 0 0 0 0 50 40 0 0 6 
0 308 0 0 0 0 0 36 4 0 0 0 
0 0 0 0 0 576 1 0 0 0 2 0 
2 172 351 0 0 0 0 18 0 0 0 0 
0 0 0 0 0 0 0 0 0 0 50 0 
0 0 0 0 0 0 0 54 0 0 0 0 
