0 155 1374 0 0 5 316 35 0 0 0 0 
0 0 0 0 0 0 113 0 0 0 0 0 
0 0 0 0 0 255 0 0 0 0 0 0 
0 0 0 0 203 0 0 0 0 0 1 1 
0 0 372 231 15 0 0 0 0 0 0 0 
1 188 0 0 0 9 0 0 0 0 0 0 
678 0 0 0 0 0 0 0 0 0 0 0 
0 0 231 0 0 0 0 0 4 0 0 3 
0 0 0 1 0 0 0 0 4 541 19 0 
0 0 0 5 320 0 0 0 0 0 0 0 
0 0 0 1 0 2 82 225 0 2 0 0 
0 0 0 0 36 0 6 0 154 0 0 0 
0 129 0 0 0 0 0 0 0 0 0 0 
0 0 0 0 0 0 85 0 0 0 0 0 
0 0 0 0 0 0 0 91 0 0 0 0 
2 0 0 0 0 0 198 0 0 0 0 0 
0 0 0 0 0 0 51 0 0 0 0 0 
158 50 23 38 40 0 0 1 21 0 0 32 
0 1 0 0 0 117 0 1 0 1 0 0 
1 0 0 0 0 0 0 27 0 0 223 0 
2 0 0 0 0 0 0 77 93 29 0 0 
0 0 32 5 0 464 0 0 0 0 0 32 
1 46 0 0 2 0 0 0 0 0 1 30 
1 0 0 0 0 0 1 51 0 0 0 0 
0 53 0 0 0 0 0 0 0 0 0 0 
0 2 0 0 0 0 0 0 0 70 0 0 
54 0 0 0 4 0 0 158 0 0 2 0 
0 0 0 0 0 0 0 0 41 6 0 0 
0 0 0 0 0 1 0 0 39 0 0 0 
0 0 0 0 0 5 680 0 0 0 0 0 
0 0 0 0 0 1 0 57 28 0 0 5 
0 326 0 8 0 0 0 14 0 0 0 0 
0 1 0 0 1 575 0 0 0 3 0 0 
0 200 322 0 0 0 2 26 0 0 0 0 
0 0 0 0 0 0 0 0 0 0 50 0 
