0 172 1355 0 0 21 273 0 0 10 2 39 
0 0 3 0 0 0 110 0 0 0 0 0 
0 0 0 0 0 253 0 0 0 0 0 0 
0 0 0 0 205 0 0 0 0 0 0 0 
3 0 377 221 18 1 0 0 0 0 0 0 
1 187 0 1 0 7 0 1 0 1 0 0 
675 0 0 0 0 0 1 0 2 0 0 0 
0 0 244 0 0 0 0 0 0 0 0 0 
0 0 0 0 0 1 0 0 6 533 24 0 
0 0 0 7 316 0 0 0 0 1 0 0 
0 2 0 0 0 0 78 235 0 0 0 0 
0 0 1 0 15 0 0 0 126 0 0 0 
0 126 0 0 0 0 0 0 0 0 0 0 
0 0 0 0 0 0 85 0 0 0 0 0 
0 0 0 0 0 0 0 91 0 0 0 0 
0 0 0 0 0 0 200 0 0 0 0 0 
0 0 0 0 0 0 51 0 0 0 0 0 
208 4 0 0 74 0 1 0 0 3 1 69 
0 3 0 0 0 117 0 0 0 0 0 0 
0 10 0 0 0 0 0 72 0 0 170 0 
0 0 0 0 0 0 0 86 93 23 0 0 
0 0 23 0 0 457 0 0 0 0 0 57 
0 53 0 0 0 2 0 0 0 0 1 24 
0 1 0 0 0 0 1 51 0 0 0 0 
0 51 0 0 0 0 0 0 1 0 1 0 
0 0 0 1 1 0 0 8 0 60 0 2 
48 0 0 0 0 0 0 168 0 0 0 0 
0 0 0 0 0 0 0 0 41 6 0 0 
0 0 0 0 0 0 6 3 30 0 1 0 
3 0 0 0 0 3 679 0 0 0 0 0 
0 0 0 1 0 0 2 62 28 0 0 0 
0 321 0 0 0 0 0 26 1 0 0 0 
1 5 0 0 0 566 0 0 3 0 3 0 
0 221 328 0 0 0 0 9 0 0 0 0 
0 0 0 0 0 0 0 0 0 0 50 0 
0 0 3 1 0 0 0 43 0 0 7 0 
