0 188 1500 0 0 57 182 0 0 0 0 1 
0 0 0 0 0 0 112 0 1 0 0 0 
0 0 0 0 0 253 0 0 0 0 0 0 
0 0 0 1 201 3 0 0 0 0 0 0 
0 0 387 215 16 0 0 0 0 0 0 0 
0 192 0 0 0 4 0 0 0 0 0 0 
672 0 0 0 3 0 0 4 0 0 0 0 
0 0 238 1 0 0 0 0 0 0 0 0 
0 0 0 0 0 0 2 0 3 457 153 1 
0 4 0 10 312 0 0 0 0 0 0 0 
0 0 0 0 0 0 76 238 0 0 0 0 
4 0 0 0 27 0 0 0 165 0 0 0 
0 131 0 0 0 0 0 0 0 0 0 0 
0 0 0 0 0 0 85 0 0 0 0 0 
0 1 0 0 0 0 0 89 0 0 0 0 
0 1 0 0 0 1 198 0 0 0 0 0 
0 0 0 0 0 0 51 0 0 0 0 0 
1 0 0 1 249 0 0 0 0 0 0 110 
0 0 0 0 0 121 0 0 0 0 0 0 
0 1 0 0 0 2 0 44 0 0 197 3 
0 0 0 0 0 0 0 78 88 36 0 0 
0 1 30 3 0 494 0 0 0 0 0 12 
0 53 0 0 0 0 1 0 0 0 0 26 
0 0 0 0 0 0 2 53 0 0 0 0 
0 45 0 0 0 0 0 0 0 0 0 0 
0 0 3 0 0 2 0 0 0 66 2 0 
48 0 0 1 0 0 1 166 0 0 0 0 
0 0 0 0 0 0 0 0 39 8 0 0 
11 0 0 0 0 0 0 0 21 0 0 8 
0 0 0 0 0 7 680 0 0 0 0 0 
0 0 0 0 0 0 0 59 29 0 0 3 
0 338 0 0 0 1 0 18 0 0 0 0 
0 0 0 0 0 573 0 0 3 0 0 0 
0 170 323 0 0 0 0 8 0 0 0 0 
