0 1 0 2 0 79 2325 4 0 0 0 0 
0 0 0 0 0 0 113 0 0 0 0 0 
0 0 1 0 126 119 0 0 5 2 0 0 
0 0 0 12 35 85 73 0 0 0 1 0 
0 0 17 159 434 0 0 2 0 0 0 1 
0 0 0 0 0 191 0 0 0 0 0 0 
0 0 0 9 0 0 555 0 10 0 116 0 
0 0 14 0 0 0 238 0 0 0 0 0 
0 0 0 0 0 0 0 0 617 0 4 0 
0 0 0 205 123 0 0 0 0 0 0 0 
0 0 0 0 0 0 0 321 1 0 0 0 
1 0 1 0 194 0 0 0 0 0 0 0 
0 0 0 31 0 0 0 0 18 0 0 83 
0 0 0 0 0 2 0 2 0 0 2 79 
1 2 0 0 5 0 0 83 0 0 0 0 
5 70 0 14 0 0 0 0 0 0 1 113 
0 0 48 0 0 0 0 0 0 0 0 0 
3 0 0 1 0 0 16 338 2 0 0 0 
0 0 1 0 0 96 22 0 0 0 0 0 
0 0 0 0 0 0 0 240 0 0 8 0 
0 0 0 0 0 0 0 0 199 0 0 0 
0 0 54 10 0 375 0 0 0 0 107 0 
0 0 0 0 0 0 0 0 0 0 0 80 
3 0 0 0 0 1 39 3 0 0 1 0 
0 37 0 0 0 0 0 0 0 0 0 0 
0 0 1 6 0 0 0 0 0 0 66 0 
0 3 8 0 0 0 0 201 0 1 0 0 
1 0 0 0 0 0 0 0 0 0 46 0 
40 0 0 0 0 0 0 0 0 0 0 0 
9 1 0 0 1 2 675 0 0 0 3 0 
0 2 0 23 0 0 3 60 0 0 0 0 
1 264 0 0 0 0 24 71 0 0 0 0 
0 0 0 0 0 576 0 0 0 0 0 0 
