0 0 0 0 0 73 2331 10 0 0 0 0 
0 0 0 0 0 0 113 0 0 0 0 0 
0 0 0 0 124 130 1 0 0 0 0 0 
0 0 0 14 39 75 73 0 0 0 5 0 
0 0 19 171 424 0 0 0 0 0 0 0 
0 0 0 0 0 192 0 0 0 0 0 0 
2 0 0 5 3 0 516 0 13 0 156 0 
0 0 10 0 0 0 236 1 0 0 0 0 
0 1 0 0 1 0 0 0 618 0 0 0 
0 0 0 208 120 0 0 0 0 0 0 0 
0 0 0 0 0 0 0 314 4 0 0 0 
1 0 0 0 194 0 1 0 0 0 0 0 
26 0 27 1 0 0 0 0 0 0 0 78 
0 0 0 0 0 0 0 1 0 0 0 84 
0 0 0 0 0 5 0 68 0 17 0 0 
43 55 0 0 1 0 0 0 0 0 0 104 
0 0 48 0 0 0 0 0 0 0 0 0 
0 0 0 0 0 0 35 326 0 0 0 0 
0 0 0 0 0 95 25 0 0 0 0 0 
0 0 0 0 0 0 0 242 0 0 8 0 
0 0 0 1 0 0 0 0 198 0 0 0 
0 0 61 0 0 404 0 1 0 11 69 0 
0 0 0 0 0 0 0 0 0 0 0 80 
0 0 0 0 2 0 45 0 0 0 0 0 
0 37 0 0 0 0 0 0 0 0 0 0 
0 0 0 0 0 1 0 1 0 0 70 0 
0 6 0 0 0 0 0 205 0 0 1 0 
0 0 1 0 0 0 0 0 0 0 46 0 
40 0 0 0 0 0 0 0 0 0 0 0 
0 0 0 0 0 6 685 0 0 0 0 0 
0 0 0 0 9 0 0 82 0 0 0 0 
1 221 25 1 0 2 3 102 0 0 0 0 
0 0 0 0 0 574 0 0 0 1 0 0 
