0 0 0 0 0 98 2288 11 0 1 0 0 
0 0 0 0 0 0 115 0 0 0 0 0 
0 0 0 0 119 127 0 0 0 0 0 0 
0 0 0 20 31 79 70 1 1 0 2 0 
0 0 20 165 427 0 0 0 0 0 3 0 
0 0 0 0 0 180 0 0 0 0 0 0 
0 0 0 0 0 0 565 0 14 0 116 0 
0 0 13 0 4 0 246 0 0 0 0 0 
0 0 0 0 2 0 0 0 623 0 1 0 
0 0 0 208 119 0 0 0 0 0 0 0 
0 0 0 0 0 2 0 317 5 0 0 0 
0 0 0 0 194 0 1 0 0 0 0 0 
75 0 0 0 29 24 1 0 3 0 0 0 
0 0 0 0 0 0 0 0 0 0 0 85 
0 16 0 0 2 0 0 73 0 0 0 0 
0 0 1 0 78 24 71 0 30 0 0 0 
0 0 48 0 0 0 0 0 0 0 0 0 
0 0 0 0 0 0 23 338 0 0 0 0 
0 0 0 0 0 99 22 0 0 0 0 0 
0 0 0 0 0 0 0 238 0 0 9 0 
0 1 0 0 0 0 0 0 195 3 0 0 
0 0 14 0 0 426 0 0 10 0 99 15 
0 0 0 0 0 0 0 0 0 0 0 80 
0 0 1 0 0 0 46 0 0 0 0 0 
0 34 0 0 0 0 0 0 0 0 0 0 
0 1 0 0 1 0 0 0 0 0 70 0 
27 0 0 0 4 9 1 166 4 0 0 0 
0 0 0 0 0 1 0 0 0 0 46 0 
40 0 0 0 0 0 0 0 0 0 0 0 
0 4 0 0 0 17 663 4 0 1 0 2 
9 0 0 0 2 0 0 69 0 0 4 0 
0 345 7 0 0 0 0 0 4 3 0 0 
0 0 0 0 0 574 0 0 0 0 0 0 
