0 0 1 0 0 312 2301 9 0 0 0 0 
0 0 0 0 0 0 115 0 0 0 0 0 
0 1 2 0 117 141 0 0 0 0 0 0 
0 0 0 20 35 74 72 0 0 0 0 0 
0 0 14 179 420 0 0 0 1 0 0 1 
0 0 0 0 0 143 0 0 0 0 0 0 
0 0 0 0 0 0 639 0 8 0 53 0 
1 0 4 0 0 0 134 0 0 0 0 0 
0 0 0 0 0 0 0 0 586 0 54 0 
0 0 0 206 111 0 0 0 0 0 16 0 
0 0 0 0 0 0 0 312 10 0 0 5 
0 1 0 0 195 0 0 0 0 0 0 0 
0 0 54 42 0 0 0 0 0 0 38 0 
0 0 1 0 0 0 0 0 0 0 0 84 
0 0 0 0 0 0 2 95 0 0 0 0 
0 0 48 0 0 0 0 0 0 154 0 2 
0 0 48 0 0 0 0 0 0 0 0 0 
0 0 0 0 0 0 26 338 0 0 0 0 
0 4 0 0 0 495 0 0 0 0 0 0 
0 0 0 0 0 82 21 0 0 0 0 0 
0 0 0 0 0 0 0 262 0 0 8 0 
0 0 0 0 0 0 1 0 212 0 0 0 
2 0 28 0 0 534 0 0 0 7 51 2 
0 0 0 0 0 0 0 0 0 0 0 80 
0 0 0 0 0 0 366 0 0 0 14 0 
0 38 0 0 0 0 0 0 0 0 0 0 
11 39 0 0 2 0 0 0 0 0 0 0 
0 0 0 1 27 0 109 57 5 0 14 0 
0 0 0 0 0 5 0 0 0 0 39 3 
33 0 0 1 0 0 0 8 0 0 1 0 
0 0 0 0 0 4 688 0 0 0 0 0 
