0 166 1349 0 0 4 368 0 0 0 1 0 
0 2 0 0 2 0 108 0 0 1 0 0 
0 0 0 0 0 255 0 0 0 0 0 0 
0 0 0 0 203 2 0 0 0 0 0 0 
0 0 406 198 14 0 0 0 0 0 0 0 
0 187 0 0 0 7 0 0 0 0 0 2 
660 0 0 18 0 0 0 0 0 0 0 0 
0 0 242 0 0 0 0 0 0 0 0 1 
1 0 0 0 0 0 0 5 1 459 154 0 
0 0 0 10 315 0 0 0 0 0 0 0 
0 0 0 0 0 0 65 248 0 0 0 2 
0 1 0 0 18 0 1 0 176 0 0 0 
0 129 0 0 0 0 0 0 0 0 0 0 
0 0 0 0 0 0 84 0 1 0 0 0 
0 0 0 0 0 0 0 91 0 0 0 0 
0 0 0 0 0 0 199 0 1 0 0 0 
0 0 0 0 0 0 51 0 0 0 0 0 
35 12 0 91 148 23 7 0 1 0 0 45 
0 0 1 0 3 116 0 0 0 0 0 0 
0 0 0 0 0 0 0 69 0 0 173 0 
0 0 0 0 0 0 0 70 109 23 0 0 
0 0 34 0 2 437 5 0 4 0 0 52 
0 51 0 0 0 1 0 0 0 0 0 28 
2 0 0 0 0 0 1 49 0 0 0 0 
0 49 0 0 1 2 0 1 0 0 0 0 
0 0 0 0 0 0 0 0 0 72 0 0 
55 0 0 0 0 3 0 156 0 0 1 0 
0 0 0 0 0 0 0 0 39 8 0 0 
0 0 0 0 0 2 0 0 38 0 0 0 
0 0 0 0 0 7 677 0 0 0 0 0 
0 0 0 0 0 0 0 57 33 0 0 3 
0 336 0 0 1 0 0 10 0 1 0 0 
6 1 0 0 0 572 0 0 0 0 0 0 
0 212 326 0 0 0 0 10 0 0 0 0 
