0 0 0 0 0 57 1951 0 0 0 0 0 
0 0 0 0 0 0 113 0 0 0 0 0 
0 0 0 0 144 109 0 1 0 0 0 0 
0 0 0 16 34 68 87 0 0 0 0 0 
0 0 23 165 430 0 0 0 0 0 0 0 
0 0 0 0 0 189 0 0 0 1 0 0 
0 0 0 0 0 0 582 0 2 0 104 2 
0 0 13 0 0 0 222 0 0 0 0 0 
0 0 0 1 0 0 0 0 618 1 0 1 
0 0 0 208 117 1 0 0 0 0 0 0 
0 0 0 1 0 0 0 317 2 2 0 0 
0 0 0 0 195 0 0 0 0 0 1 0 
0 1 0 0 5 0 2 0 0 0 0 124 
0 0 0 0 0 0 0 2 0 0 0 83 
1 4 0 0 0 1 0 77 0 0 7 0 
0 139 9 9 0 0 0 0 0 1 1 44 
0 0 48 0 0 0 0 0 0 0 0 0 
0 0 0 0 2 0 45 312 1 0 0 0 
0 0 0 0 1 98 20 0 0 0 0 0 
0 0 0 0 0 0 0 238 0 0 7 0 
0 0 0 0 0 0 0 0 198 0 0 0 
0 3 72 0 13 321 0 0 0 0 116 22 
0 0 0 0 0 0 0 0 0 0 0 80 
0 0 0 0 0 0 60 0 0 0 0 2 
0 38 0 0 0 0 0 0 0 0 0 0 
1 0 0 0 0 0 0 0 0 0 72 0 
1 0 0 0 0 0 0 212 0 0 0 0 
0 0 0 0 0 0 0 0 0 0 45 2 
40 0 0 0 0 0 0 0 0 0 0 0 
0 0 0 2 9 2 679 0 0 0 0 0 
0 11 0 0 0 0 63 4 0 0 0 0 
0 329 0 15 0 0 14 0 0 0 0 0 
0 0 0 0 0 577 0 0 0 0 0 0 
0 0 3 0 0 0 360 53 0 0 0 0 
