0 227 1317 0 0 15 286 44 0 0 0 0 
0 0 0 0 0 0 113 0 0 0 0 0 
0 0 0 0 0 254 0 0 0 0 0 0 
0 0 0 0 202 2 0 0 0 0 0 1 
0 0 364 235 19 0 0 0 0 0 0 0 
2 185 0 0 0 7 4 0 0 0 0 0 
677 0 0 0 0 0 0 0 0 1 0 0 
2 0 237 0 0 0 0 0 0 1 0 0 
0 0 0 0 0 0 0 0 6 547 12 0 
0 0 0 7 318 0 0 0 0 0 0 0 
0 0 0 0 0 0 68 245 0 0 0 0 
0 1 0 0 14 3 4 0 174 0 0 0 
0 129 0 0 0 0 0 0 0 0 0 0 
0 0 0 0 0 0 85 0 0 0 0 0 
0 0 0 0 0 0 0 90 0 0 0 1 
0 0 0 0 0 0 200 0 0 0 0 0 
0 0 0 0 0 2 49 0 0 0 0 0 
239 32 11 16 26 0 0 0 7 0 0 32 
0 2 0 0 0 118 0 0 0 0 0 0 
0 0 0 0 0 0 0 43 0 0 208 0 
0 0 0 0 0 0 0 83 98 20 0 0 
0 0 16 1 0 503 0 0 0 0 0 14 
0 45 0 0 0 0 0 0 0 0 0 35 
0 0 0 0 0 0 1 50 1 0 1 0 
3 40 8 0 1 0 0 0 0 0 0 0 
1 10 0 0 0 0 0 0 0 61 0 0 
65 1 0 0 0 0 5 143 0 0 0 3 
0 0 0 0 0 0 0 0 41 6 0 0 
1 0 0 0 0 0 0 0 39 0 0 0 
0 0 0 0 0 7 677 0 0 0 0 0 
0 0 0 0 0 0 0 61 27 0 0 3 
0 334 0 7 0 0 1 6 0 1 0 0 
0 0 1 0 0 574 0 6 0 0 0 0 
3 197 333 0 0 0 0 11 0 0 0 0 
0 0 0 0 0 0 0 0 0 0 50 0 
