7 711 1494 0 3 25 162 70 0 0 0 0 
0 0 0 0 5 0 108 0 0 0 0 0 
0 0 0 0 0 253 0 0 0 0 0 0 
0 0 0 4 194 0 0 0 0 0 1 1 
0 0 394 198 19 0 0 0 0 0 0 0 
0 155 1 2 0 6 0 0 0 0 0 1 
691 0 0 0 0 0 0 0 0 0 2 0 
0 0 194 0 0 0 0 0 0 1 0 0 
0 0 0 0 0 0 0 0 2 451 171 0 
0 1 0 12 313 0 0 0 0 0 0 0 
0 0 0 0 0 0 74 244 1 0 0 0 
0 0 0 0 20 0 0 0 163 1 11 0 
0 133 0 0 0 0 0 0 0 0 0 0 
0 0 0 0 0 0 85 0 0 0 0 0 
0 0 0 0 0 0 0 91 0 0 0 0 
0 0 0 0 0 0 200 0 0 3 0 0 
0 0 0 0 0 0 48 0 0 0 0 0 
0 0 0 155 70 2 3 15 83 0 33 0 
0 0 0 0 0 110 0 0 0 0 2 4 
0 0 0 0 0 1 0 77 0 0 195 0 
0 0 0 0 0 0 0 85 100 23 0 0 
0 0 13 0 75 479 0 0 0 0 0 22 
0 50 2 0 0 0 0 0 0 0 0 28 
0 0 0 0 0 0 1 45 0 0 0 1 
0 34 0 0 0 0 0 0 0 0 0 0 
0 0 0 31 19 1 5 0 10 0 0 0 
57 0 0 0 0 0 0 152 0 0 0 0 
0 0 0 0 0 0 0 0 37 10 0 0 
0 0 0 0 0 0 0 0 40 0 0 0 
0 0 0 0 0 5 684 0 0 0 0 0 
0 0 0 0 0 0 0 44 22 0 0 0 
0 330 0 0 0 0 0 26 0 0 0 0 
0 0 0 1 0 550 0 21 0 0 0 0 
