0 0 0 2 0 297 2330 21 0 0 0 0 
0 0 0 0 0 0 117 0 0 0 0 0 
0 0 0 0 120 139 0 1 0 0 0 0 
0 0 0 23 37 64 77 0 0 0 0 0 
0 0 13 145 455 1 0 0 0 0 0 0 
0 0 0 0 0 141 0 0 0 0 0 0 
0 0 0 0 10 10 571 12 4 0 106 0 
0 0 4 0 0 0 132 0 0 0 0 0 
0 0 0 0 0 0 0 0 608 0 38 0 
0 0 0 186 120 0 0 0 0 0 23 0 
0 0 0 0 0 0 0 330 3 0 0 0 
0 0 0 0 192 1 1 0 0 2 0 0 
0 0 0 16 0 0 0 0 8 0 26 84 
0 0 0 0 2 0 0 0 0 0 0 83 
0 0 1 0 0 25 6 60 0 0 5 0 
0 0 47 1 0 4 0 0 0 107 19 29 
0 0 0 0 23 3 647 0 0 0 0 0 
0 0 48 0 0 0 0 0 0 0 0 0 
0 0 0 0 0 0 22 339 0 0 0 0 
0 0 0 0 0 498 0 0 0 0 0 0 
0 0 0 0 0 79 18 0 0 0 0 0 
1 0 0 0 0 0 0 256 0 0 12 0 
0 0 0 3 0 0 0 0 204 0 0 0 
0 0 60 6 1 510 0 0 0 22 51 0 
0 0 0 0 0 0 0 0 0 0 0 75 
1 0 1 2 0 0 326 5 0 0 25 2 
0 38 0 0 0 0 0 0 0 0 0 0 
0 4 41 6 0 0 1 0 0 0 0 0 
0 0 0 0 0 0 192 12 0 0 0 1 
0 0 0 0 0 0 1 0 0 0 46 0 
27 0 0 0 0 0 0 11 0 0 0 0 
