246 221 228 222 224 303 800 282 260 233 252 217 
0 0 0 0 0 0 128 0 0 0 0 0 
19 16 8 6 59 80 15 18 12 12 17 12 
56 45 57 63 46 64 55 54 58 45 48 52 
12 33 10 22 24 47 39 5 6 9 12 10 
28 36 46 92 227 28 28 27 27 31 31 23 
3 1 4 2 3 112 5 3 0 3 0 2 
51 59 52 60 46 49 57 64 63 49 66 43 
3 1 4 5 1 3 90 3 1 1 3 5 
44 43 45 40 41 50 56 47 189 42 42 48 
17 14 4 87 69 14 22 17 14 20 50 18 
30 13 23 13 21 20 22 100 23 20 29 19 
12 4 14 14 85 8 4 11 11 9 19 8 
10 17 9 15 18 11 10 13 12 12 14 8 
5 5 1 3 2 10 3 0 3 9 4 40 
10 4 9 9 5 10 8 12 7 5 7 11 
1 6 4 3 2 5 3 3 1 1 3 2 
17 12 25 11 9 16 16 25 22 22 18 17 
46 56 45 60 55 48 100 42 56 49 67 61 
0 0 0 0 0 0 0 0 0 0 0 49 
0 0 48 0 0 0 0 0 0 0 0 0 
35 31 28 26 32 23 30 83 28 28 31 26 
19 9 8 13 20 273 7 12 21 17 20 7 
1 1 0 0 2 71 17 2 0 0 1 0 
0 0 0 0 0 0 45 0 0 0 0 0 
19 5 6 9 12 5 4 172 3 5 22 25 
