0 0 0 0 0 50 1844 0 0 0 0 0 
0 0 0 0 0 0 113 0 0 0 0 0 
0 0 0 0 147 104 1 0 0 0 1 1 
0 0 0 18 35 78 74 0 0 0 0 0 
0 0 17 139 463 0 0 0 0 0 0 0 
0 0 0 0 2 195 0 0 0 0 0 0 
0 0 0 1 4 0 660 0 13 0 0 0 
0 0 4 0 0 0 230 0 0 0 0 0 
0 0 0 0 0 0 0 0 616 0 0 0 
0 0 0 199 122 0 4 0 0 0 0 0 
0 0 0 5 0 1 0 308 2 0 0 0 
0 0 1 0 194 0 0 0 1 0 0 0 
0 0 0 4 5 0 0 95 0 12 4 10 
0 0 0 0 0 0 0 1 0 0 0 84 
0 0 8 0 0 0 1 81 0 0 0 0 
0 1 0 0 0 0 0 125 50 0 0 24 
0 0 51 0 0 0 0 0 0 0 0 0 
0 5 0 0 0 0 33 322 0 0 0 0 
0 0 0 0 0 97 24 0 0 0 0 0 
0 0 0 0 0 0 0 238 0 0 7 0 
0 4 0 2 0 0 2 0 194 0 0 0 
0 0 31 7 0 471 0 0 0 0 29 1 
0 0 0 0 0 0 0 0 0 0 0 80 
0 0 0 0 1 0 54 0 0 0 0 0 
0 56 0 0 0 0 0 0 0 0 0 0 
1 0 0 0 0 0 0 0 0 0 71 0 
0 0 10 13 0 0 0 188 0 1 0 0 
0 0 0 0 0 0 0 0 0 0 47 0 
39 0 0 0 1 0 0 0 0 0 0 0 
1 0 0 0 0 17 669 0 0 0 0 1 
0 0 0 0 0 0 3 4 7 0 79 0 
0 326 5 0 0 0 2 0 0 2 12 0 
0 0 0 0 1 575 0 0 0 0 0 0 
12 0 8 27 0 5 249 184 0 0 0 58 
