0 0 0 2 0 87 2322 5 0 0 0 0 
0 0 0 0 0 0 113 0 0 0 0 0 
0 0 0 0 127 124 0 0 2 1 0 0 
0 0 0 22 33 76 75 0 0 0 0 0 
0 0 22 171 418 0 0 2 0 0 0 0 
0 0 0 0 0 191 0 0 0 0 0 0 
0 0 0 15 0 1 508 0 11 0 155 0 
0 0 14 0 0 0 234 0 0 0 0 0 
1 0 0 0 0 0 0 1 613 0 6 0 
0 0 0 201 127 0 0 0 0 0 0 0 
0 0 0 0 0 0 0 317 4 0 0 0 
0 0 0 0 196 0 0 0 0 0 0 0 
0 0 0 34 0 0 0 0 15 0 0 83 
0 0 0 0 0 1 0 0 0 0 5 79 
1 3 0 0 3 0 0 84 0 0 0 0 
3 97 0 11 1 0 0 0 0 0 0 91 
0 0 48 0 0 0 0 0 0 0 0 0 
2 0 0 0 0 0 16 341 1 0 0 0 
0 0 0 0 0 95 25 0 0 0 0 0 
0 0 0 0 0 0 0 240 0 0 8 0 
0 0 0 0 0 0 0 0 199 0 0 0 
0 0 42 16 0 401 0 1 0 0 85 0 
0 0 0 0 0 0 0 0 0 0 0 80 
1 0 2 0 0 0 40 4 0 0 0 0 
0 37 0 0 0 0 0 0 0 0 0 0 
0 0 0 4 0 0 0 0 0 0 69 0 
0 3 9 0 0 0 0 201 0 1 0 0 
0 0 0 0 0 3 0 0 0 0 42 2 
39 0 0 0 0 0 0 0 0 1 0 0 
8 2 0 0 3 4 668 0 0 0 5 0 
0 1 0 25 0 0 4 58 0 0 0 0 
0 254 0 0 0 0 24 81 0 0 0 0 
0 0 0 0 0 576 0 0 0 0 0 0 
