0 779 1457 0 0 35 140 59 1 3 0 0 
0 0 0 0 0 0 112 0 0 0 1 0 
0 0 0 0 0 254 0 0 0 0 0 0 
0 0 0 7 189 0 1 0 3 0 0 0 
0 0 374 216 20 0 0 0 1 0 0 0 
0 156 0 0 0 8 0 0 0 0 0 0 
687 0 0 0 1 0 0 0 0 0 6 0 
0 0 191 2 0 0 0 0 0 0 0 0 
0 0 0 0 0 0 0 0 6 468 150 0 
0 0 0 13 313 0 0 0 0 0 0 0 
0 0 3 0 0 1 74 242 0 0 0 0 
0 1 0 1 6 0 0 0 184 3 0 0 
0 133 0 0 0 0 0 0 0 0 0 0 
0 0 0 0 0 0 85 0 0 0 0 0 
0 0 0 0 0 0 0 90 0 0 1 0 
0 0 0 0 0 0 202 0 0 0 0 1 
0 0 0 0 0 0 48 0 0 0 0 0 
0 0 0 135 57 0 1 5 131 0 32 0 
0 0 0 0 0 113 0 0 0 0 3 0 
0 0 0 0 0 0 0 74 0 0 198 0 
0 0 0 0 0 0 0 87 97 24 0 0 
0 0 31 0 107 420 0 0 0 0 0 30 
0 45 0 0 0 0 0 0 0 2 0 33 
0 0 0 0 0 0 2 45 0 0 0 0 
0 29 1 0 1 0 0 3 0 0 0 0 
0 0 0 9 24 0 1 0 32 0 0 0 
68 0 0 0 0 0 0 141 0 0 0 0 
0 0 0 0 0 0 0 0 40 7 0 0 
0 0 0 0 0 0 0 11 28 0 0 1 
0 0 0 0 0 2 687 0 0 0 0 0 
0 0 0 0 0 0 0 41 25 0 0 0 
0 330 0 0 0 0 0 23 0 0 3 0 
0 1 0 0 1 568 0 2 0 0 0 0 
