0 308 1289 1 0 34 239 4 0 0 0 0 
0 0 0 0 0 0 113 0 0 0 0 0 
0 0 0 0 0 254 0 0 0 0 0 0 
0 0 0 0 204 0 0 0 0 0 1 0 
0 1 380 216 20 0 0 0 1 0 0 0 
0 189 0 0 2 5 1 0 0 0 0 0 
678 0 0 0 0 0 0 0 0 0 0 0 
0 0 243 0 0 1 5 0 0 1 0 0 
0 0 0 0 0 1 0 1 2 545 11 0 
0 1 0 14 310 0 0 0 0 0 0 0 
0 0 0 0 0 0 80 234 0 0 0 0 
0 0 0 0 9 0 1 1 130 0 0 0 
1 90 0 0 0 0 0 0 0 0 0 0 
0 0 0 0 0 0 85 0 0 0 0 0 
0 0 1 0 0 0 0 90 0 0 0 0 
0 0 0 0 0 0 200 0 0 0 0 0 
0 0 0 0 1 0 50 0 0 0 0 0 
264 0 0 0 0 0 0 7 0 0 2 85 
0 6 0 0 0 105 8 0 0 0 0 0 
0 2 0 0 0 0 4 40 0 0 207 0 
2 0 0 0 0 0 0 72 96 32 0 0 
0 0 23 1 0 434 0 0 0 0 0 80 
0 49 0 0 3 0 0 0 0 0 0 28 
0 0 0 0 0 0 1 52 0 0 0 0 
0 92 0 0 0 0 0 0 0 0 0 1 
0 0 2 0 0 0 0 0 0 70 0 0 
70 0 5 0 0 0 0 143 0 0 0 3 
0 0 0 0 0 0 0 0 39 8 0 0 
0 0 0 0 0 4 0 0 36 0 0 0 
0 0 0 0 0 4 678 3 0 0 0 0 
0 0 3 0 0 0 0 53 39 0 0 0 
0 322 0 0 1 0 0 21 0 1 1 3 
2 0 0 0 0 570 2 0 0 0 2 0 
0 230 307 0 1 0 0 8 0 0 0 0 
0 0 0 0 0 0 0 0 0 0 50 0 
5 0 17 0 0 0 6 23 3 0 0 0 
