2 0 0 0 0 115 2348 6 0 0 0 0 
0 0 0 0 0 0 115 0 0 0 0 0 
0 0 0 0 129 119 0 0 0 0 0 0 
0 0 0 20 45 65 70 0 0 0 0 0 
0 0 16 149 444 0 1 0 0 0 0 0 
0 0 0 0 0 154 1 0 0 0 0 0 
0 0 0 0 0 0 604 0 1 0 89 0 
0 0 13 0 0 0 182 0 0 0 0 0 
0 10 0 0 0 0 0 0 582 0 28 5 
0 0 0 182 128 0 0 0 0 0 28 0 
0 4 0 0 0 0 0 314 2 0 0 0 
0 0 0 0 194 0 0 0 0 0 1 0 
1 1 0 111 7 0 0 1 0 0 12 0 
0 0 0 0 0 0 0 0 0 0 0 85 
0 1 0 0 0 0 0 95 1 0 0 0 
0 0 0 0 0 118 76 0 0 5 0 4 
0 0 48 0 0 0 0 0 0 0 0 0 
0 0 0 0 0 3 28 330 0 0 0 0 
0 0 0 0 0 87 29 0 0 0 0 0 
0 0 0 0 0 0 0 262 0 0 10 0 
0 3 0 0 0 0 0 0 199 0 0 1 
0 0 23 0 0 506 0 0 0 0 69 0 
0 0 0 0 0 0 0 0 0 0 0 80 
0 0 7 0 0 0 31 1 0 2 0 0 
0 34 0 0 0 0 0 0 0 0 0 0 
0 6 0 0 0 1 2 0 9 0 37 0 
1 0 0 0 0 0 0 200 1 11 0 0 
0 0 0 0 0 0 0 0 0 0 47 0 
34 0 2 0 3 1 0 0 0 0 0 0 
0 0 6 0 0 5 676 0 0 0 6 0 
0 0 3 0 0 0 0 58 0 0 4 0 
0 96 0 0 0 0 190 34 16 12 0 9 
0 0 0 0 0 572 0 0 0 0 0 0 
