0 222 1451 0 0 21 204 0 0 2 0 0 
0 0 0 0 1 0 112 0 0 0 0 0 
0 0 0 0 0 254 0 0 0 0 0 0 
0 0 0 0 205 0 0 0 0 0 0 0 
0 0 366 238 14 0 0 0 0 0 0 0 
0 191 0 0 0 3 0 0 0 0 1 0 
673 0 4 0 1 0 0 0 0 0 0 0 
0 0 238 0 0 0 1 0 0 0 0 0 
0 0 0 0 0 0 0 0 1 432 187 0 
0 0 0 9 316 0 0 0 0 0 0 0 
0 0 0 0 0 0 95 220 0 0 0 0 
0 0 0 3 16 0 0 0 177 0 0 0 
0 129 0 0 0 0 0 0 0 0 0 0 
0 0 0 0 0 0 85 0 0 0 0 0 
0 0 0 0 0 0 0 90 0 0 0 0 
0 0 0 0 0 0 200 0 0 0 0 0 
0 0 0 0 0 0 51 0 0 0 0 0 
33 9 0 16 153 60 16 2 24 0 17 32 
0 0 0 0 5 111 0 0 1 0 0 2 
0 0 0 0 0 0 0 34 0 0 208 0 
0 0 0 0 0 0 0 72 96 33 0 0 
0 1 55 0 1 426 30 2 0 0 0 22 
0 39 0 0 0 1 0 0 0 0 0 40 
0 0 0 0 0 0 1 51 0 0 0 0 
0 52 0 0 0 0 0 0 0 0 0 0 
0 0 0 0 0 0 0 0 0 72 0 0 
56 0 1 0 0 0 0 153 4 0 0 0 
0 0 0 0 0 0 0 0 40 7 0 0 
0 0 1 0 0 0 0 0 39 0 0 0 
0 0 0 0 0 4 682 0 0 0 0 0 
0 0 0 0 0 0 0 44 45 0 0 5 
0 309 0 5 1 0 0 34 0 0 0 0 
0 0 0 0 0 578 0 0 0 0 0 0 
0 186 345 3 0 0 0 7 0 0 0 0 
