70 785 1302 0 9 21 111 472 183 5 31 2 
0 0 0 0 0 0 134 0 1 0 0 0 
0 0 0 0 0 259 0 0 0 0 0 0 
21 0 1 2 184 2 0 0 0 0 0 0 
0 0 378 226 14 0 0 0 0 0 0 0 
0 129 0 0 0 11 0 0 0 0 0 0 
670 0 0 1 0 0 0 0 0 0 0 42 
0 0 136 0 0 0 0 0 0 0 0 0 
0 0 0 0 0 0 0 0 29 503 138 0 
0 0 0 6 322 0 0 0 0 0 0 0 
0 1 0 0 0 0 73 241 34 0 0 0 
0 0 0 0 10 0 0 0 186 0 0 0 
0 150 0 0 0 0 0 0 0 0 0 0 
0 0 0 1 0 0 84 0 0 0 0 0 
0 0 0 0 0 0 0 95 1 0 0 0 
0 0 0 0 0 0 0 0 34 0 0 0 
0 0 0 0 8 0 198 0 0 0 0 0 
0 0 1 0 0 9 644 0 0 0 0 0 
0 0 0 0 0 0 49 0 0 0 0 0 
12 89 30 58 143 29 0 0 0 0 0 0 
24 3 0 0 11 406 0 5 20 0 29 1 
0 9 0 0 0 83 0 0 0 5 0 0 
0 3 0 0 0 0 9 93 0 19 178 0 
0 0 0 0 0 0 0 107 48 23 0 0 
0 0 58 0 50 437 71 0 0 0 0 41 
0 54 0 0 0 0 0 0 0 0 0 21 
1 70 20 0 0 4 11 95 0 0 0 0 
0 16 9 0 13 0 0 0 0 0 0 0 
9 0 10 6 22 5 0 0 0 0 0 0 
