0 10 0 1 0 81 5829 0 
0 0 0 0 0 0 24 2875 
0 0 0 0 0 1 2114 0 
0 0 0 0 0 0 46 92 
0 0 0 0 0 63850 0 0 
0 0 0 0 20 15596 11 22 
1 0 2370 28 54 20 106 4 
2029 1877 969 1 79 1043 1776 1340 
48 0 0 0 0 4 0 10522 
0 0 0 0 0 0 0 11340 
0 0 0 0 0 0 0 3054 
2 0 0 8 0 3 6439 170 
2 0 3 0 2 18919 58 4 
0 0 0 0 104 12340 0 312 
3 16293 15 0 0 0 8 1 
9 5 20 0 24 5844 457 18 
14691 1 0 0 0 0 0 16 
7114 0 1 0 0 0 4 0 
0 0 0 0 0 0 5097 0 
0 0 0 0 0 0 0 7228 
10891 0 1 0 0 0 0 0 
0 0 3 43 3810 0 0 0 
2 0 0 3 4 1 9694 62 
0 2863 0 0 0 0 1 0 
0 7 10272 0 1021 12 0 1 
0 0 0 0 0 18751 0 0 
0 10993 0 0 16 0 0 0 
0 0 1623 0 0 0 0 0 
23 2 0 0 0 0 480 2865 
3 0 0 0 0 0 0 2044 
0 0 2 0 0 547 1123 0 
0 3 0 1 0 0 6 2947 
503 0 1348 28 748 3911 5072 489 
7 9040 0 1 0 0 14 254 
0 2 37 21 1034 66 0 40 
0 0 0 3 0 13 4072 1 
0 0 0 0 0 0 0 1800 
0 0 0 0 0 0 0 4283 
0 0 1 0 0 13791 0 0 
0 0 425 4 13 4205 1 352 
0 0 2273 364 16 31 2 0 
8 7246 0 0 0 0 0 0 
0 1 0 0 0 0 3792 0 
0 0 0 0 0 1013 246 325 
0 957 25 88 0 102 2674 954 
60 11 0 7 146 1500 404 19 
0 5950 0 0 0 0 0 2 
0 0 0 2 0 0 1711 6 
0 0 2615 6 0 19 4 0 
2 0 31 11 0 6268 1 0 
0 1 5591 0 11 4 0 0 
926 0 0 0 1 0 1092 2286 
0 0 2105 31 1 0 0 0 
86 0 27 8 1 1615 119 494 
0 0 0 0 0 0 0 2445 
1 0 0 0 0 0 1516 4 
4 0 0 0 1 0 675 242 
0 2528 2 0 0 0 0 0 
1 0 0 0 0 0 1 1334 
0 1505 1768 0 0 0 79 0 
1376 0 0 1 0 0 0 0 
2 1023 0 0 0 0 0 21 
0 0 0 0 0 0 759 3 
0 2899 4 2 7 3 0 0 
0 0 0 34 6 0 5 602 
7 0 0 122 1 0 352 359 
0 11 0 0 0 0 0 1092 
0 0 0 0 0 14 520 0 
0 0 0 0 0 0 308 1 
2 0 0 0 11 0 0 588 
824 20 39 34 53 41 0 0 
0 2744 0 0 0 0 0 0 
0 0 0 1 0 22450 195 0 
0 1 0 0 0 13084 20 0 
7 0 0 0 0 1 3 11291 
170 337 0 0 0 261 3345 12 
0 0 643 0 18 331 55 41 
195 0 0 0 126 0 0 0 
0 0 0 0 0 0 2 691 
3 0 0 0 0 0 572 630 
0 0 0 0 0 0 4043 5 
0 0 581 17 0 0 0 0 
0 4899 0 0 8 0 2 0 
87 0 77 71 0 0 0 0 
0 0 0 0 0 1262 0 0 
0 0 0 0 1 0 906 29 
2 0 0 0 0 0 7 457 
0 0 0 1 0 0 0 259 
2 94 0 51 0 14 2 0 
0 0 0 0 0 23 8706 2 
0 0 0 0 1 0 1089 0 
0 2 1236 0 0 0 6 1 
