0 0 0 0 0 0 3431 2480 
0 0 7 27 21 1339 1408 111 
284 0 1765 63 1 36 0 0 
0 112 0 0 8 0 0 18 
0 0 0 1 0 2 63688 82 
1 0 15511 76 0 12 0 2 
0 0 0 0 2570 0 0 0 
0 0 0 0 1 0 9124 0 
0 10510 4 0 0 0 2 0 
2 0 11006 20 1 0 0 3 
0 0 0 0 0 145 2917 0 
0 0 6609 0 0 0 0 0 
1 18642 0 0 20 89 2 0 
0 0 1 0 0 0 12745 0 
0 0 0 0 0 0 1 16248 
130 31 0 0 0 0 63 6249 
0 0 0 0 0 0 14674 0 
0 0 7026 2 8 0 71 4 
0 0 4944 0 2 108 0 0 
0 0 6204 306 727 0 0 24 
0 0 0 0 4 0 8 10872 
1 3 611 2 0 0 0 3241 
1 9792 0 0 0 1 0 0 
2867 0 0 0 0 0 0 0 
0 0 0 6 1 0 11550 1 
0 1 0 0 0 0 18684 0 
0 0 0 3 1 0 11037 5 
0 0 0 1202 428 0 0 0 
1 751 126 2 0 8 1 2522 
0 0 0 0 0 0 1870 172 
0 0 0 0 1668 0 0 4 
0 0 0 0 2938 2 0 4 
0 0 0 0 0 0 0 12058 
0 0 0 0 3 1 9323 2 
0 0 0 0 0 0 1209 2 
0 1 0 0 0 0 4133 1 
0 473 1 1 1367 1 0 0 
469 128 311 856 0 3 993 1523 
5 7610 294 3 0 3586 1799 770 
0 0 0 0 0 0 4984 1 
2 0 2224 0 0 0 0 442 
0 3 0 0 1 0 0 7312 
0 0 3801 0 0 0 1 2 
1583 0 0 0 0 0 0 0 
0 0 0 0 0 0 0 4706 
6 2107 0 4 2 4 1 2 
419 76 0 0 13 0 5149 262 
12 0 0 0 0 0 162 1548 
0 0 0 0 0 0 2687 1 
2 1 0 0 0 0 6319 0 
0 0 0 0 0 0 0 5676 
1 0 0 0 2 0 4287 0 
0 1 1 0 0 0 2264 7 
0 0 0 0 0 0 2395 1 
0 2439 1 1 1 0 0 0 
2 0 0 0 0 0 3 1524 
0 0 3 0 0 0 5 925 
0 0 1 0 0 0 2485 0 
0 0 191 16 0 0 1 1145 
0 0 0 0 0 0 3304 0 
0 1376 0 0 0 0 0 0 
0 0 0 0 0 0 1030 14 
0 0 2 245 102 17 147 243 
0 0 0 0 0 0 0 2962 
0 0 0 0 0 0 0 650 
0 0 825 0 0 2 1 1 
0 0 75 0 0 0 1 1031 
17 0 0 0 0 0 505 0 
4 0 0 10 0 0 0 303 
3 98 412 36 0 4 18 5 
0 0 0 1 0 1 1067 0 
0 1664 250 0 146 5 324 354 
0 0 0 0 0 0 6 22688 
1 1 0 0 0 0 0 13086 
23 375 291 646 742 12 9475 0 
0 0 0 0 0 0 3 4194 
0 0 0 0 0 0 1031 0 
0 0 0 0 0 321 30 0 
17 1 1 0 51 0 15 618 
0 0 0 1199 10 0 0 0 
0 2618 1023 0 0 131 337 0 
1 0 48 0 0 514 19 18 
0 236 3866 662 109 0 0 0 
0 63 71 1 8 0 0 75 
18 940 1 127 0 154 0 2 
0 0 0 0 0 943 0 0 
0 0 4 0 0 418 0 0 
13 30 0 0 0 0 0 219 
2 0 0 1 0 156 2 0 
372 5561 0 0 1571 24 560 614 
0 0 1032 1 13 1 17 0 
8 1 1 0 0 0 481 431 
