0 0 0 0 0 0 3497 2387 
4 0 0 11 2 966 1709 198 
269 0 1779 5 0 2 0 39 
0 0 7 28 0 0 93 11 
0 0 0 0 0 1 63776 85 
1 0 15599 58 0 2 0 0 
0 0 0 0 2597 0 1 0 
0 0 0 0 0 0 9156 0 
0 10572 1 1 0 0 0 0 
0 4 11423 5 0 0 0 0 
0 0 0 0 0 164 2850 0 
0 0 6609 0 0 0 1 0 
0 18866 0 0 27 97 1 0 
1 0 5 0 0 0 12822 0 
0 0 0 0 0 0 0 16374 
46 10 0 10 14 0 30 6236 
0 0 0 0 2 0 14676 0 
0 11 6977 15 1 0 89 25 
0 0 4846 0 23 80 0 0 
0 0 5818 182 1140 0 0 82 
0 1 0 0 2 0 11 10880 
0 1 641 0 0 0 0 3198 
0 9777 0 1 0 0 0 0 
2857 0 0 0 0 0 0 0 
0 0 0 4 2 0 11274 0 
0 0 0 0 0 0 18812 0 
0 0 0 0 0 0 11010 1 
0 0 0 1211 408 0 0 0 
5 389 64 0 0 3 169 2826 
0 0 0 0 0 0 1884 168 
2 0 0 0 1670 0 0 0 
0 0 0 0 2951 0 0 0 
0 0 0 0 0 0 0 12075 
0 0 0 0 0 0 9286 1 
0 0 0 0 0 0 1199 0 
0 2 0 0 0 0 4107 1 
5 250 0 0 1500 0 0 0 
395 173 517 1966 0 8 259 933 
0 6181 330 10 92 4810 773 1640 
0 0 1 0 0 0 4977 0 
0 1 1908 0 0 0 150 630 
1 0 0 0 0 0 0 7221 
0 0 3897 3 0 0 0 0 
1551 1 1 0 0 0 0 0 
0 1 1 0 0 0 0 4830 
1 2133 0 0 1 0 3 0 
1094 50 2 16 2 2 3533 1272 
83 0 47 0 3 4 187 1396 
0 0 0 0 0 0 2671 1 
0 0 0 1 0 0 6379 0 
0 1 0 1 0 0 0 5581 
0 0 0 0 0 0 4320 0 
0 0 1 0 0 0 2085 0 
0 0 0 0 0 0 2250 1 
0 2454 3 0 0 0 1 0 
0 0 0 0 0 0 0 1522 
0 0 11 0 4 0 4 937 
0 0 0 0 0 0 2509 2 
0 49 540 0 0 0 0 750 
1 0 0 12 0 0 3298 0 
1 1377 3 0 0 1 0 0 
0 0 0 0 0 0 1019 13 
0 2 1 0 727 0 9 2 
0 0 0 0 1 0 0 2896 
0 0 0 0 0 0 0 635 
0 0 869 0 0 0 3 0 
21 1 37 15 0 0 2 1015 
0 0 1 0 1 3 521 0 
0 9 1 3 0 0 3 292 
16 144 286 9 0 0 140 4 
0 0 0 0 0 0 1029 0 
1 1530 116 0 125 5 549 404 
0 0 0 0 0 0 11 22597 
1 0 0 0 0 0 0 13144 
21 242 914 1727 855 6 7370 126 
0 0 0 0 0 0 2 4103 
2 0 0 0 0 1 1107 1 
0 0 0 1 0 317 0 0 
0 0 0 3 0 0 0 728 
7 0 0 1198 8 0 1 1 
1 1683 1983 58 0 329 10 0 
0 2 51 0 14 501 22 0 
1 117 4157 558 54 0 0 0 
0 0 1 6 0 0 50 161 
0 1071 0 207 0 0 0 0 
3 0 0 0 0 928 1 0 
0 0 0 0 0 468 0 0 
0 0 0 1 0 0 1 262 
1 0 0 0 0 164 0 0 
279 7129 74 0 996 0 85 174 
1 0 1089 0 4 0 0 0 
0 0 0 0 0 0 584 703 
