1 0 0 0 1 32 5874 0 
0 0 1 0 0 1 18 2891 
0 0 0 0 0 1 2064 0 
0 0 0 0 0 63628 0 0 
0 0 3 0 29 15566 19 28 
0 13 2296 1 18 0 270 0 
2893 2905 1993 95 42 529 3 1211 
38 0 2 0 0 0 0 10559 
0 1 0 1 0 0 0 11738 
0 0 1 0 0 1 0 2885 
3 0 0 1 0 22 6364 243 
0 0 10 0 2 19543 28 1 
18 0 4 0 0 12275 22 441 
1 16277 0 0 0 0 20 0 
11 0 43 0 58 5680 342 1 
14642 0 0 0 0 0 0 25 
7091 0 0 0 0 0 2 0 
0 0 0 0 0 0 4995 0 
0 0 0 0 0 0 0 7198 
10931 0 0 0 0 0 0 0 
0 0 2 50 3785 0 0 0 
5 0 0 1 26 0 9549 111 
0 2860 0 0 0 0 0 0 
0 4 9878 0 966 10 0 4 
0 0 0 0 0 18967 0 0 
0 10878 0 6 0 0 0 0 
0 1 1641 0 0 0 0 0 
2 0 0 2 0 0 398 3098 
10 2 1 0 0 0 0 2007 
0 0 0 0 0 579 1077 0 
0 0 0 0 0 3 4 2935 
209 3 3097 0 1 4310 3015 1409 
0 8935 0 0 32 0 0 20 
33 0 0 6 1001 55 4 114 
0 3 0 2 0 9 4036 0 
0 0 0 0 0 0 0 1600 
0 0 0 0 0 0 0 4250 
0 0 4 0 0 13416 0 0 
0 0 6 0 3 4221 0 775 
0 0 2139 438 11 103 10 0 
4 7166 0 0 3 0 0 0 
0 0 0 0 0 0 3798 0 
0 0 0 0 0 1199 78 280 
0 2444 0 14 1 173 2074 277 
0 1 4 0 1 1634 455 67 
0 5972 4 0 0 0 0 3 
0 0 0 0 0 0 1654 9 
0 0 3389 17 0 27 0 0 
0 0 73 0 3 6380 25 7 
0 0 5505 1 23 2 0 0 
966 0 1 0 22 0 1119 2428 
1 0 1990 30 0 0 0 0 
12 0 0 0 0 2312 2 0 
0 0 0 0 0 0 0 2442 
0 0 0 2 0 0 1468 0 
1 0 2 0 0 0 824 96 
0 2549 0 0 0 0 1 0 
0 0 0 0 0 1 0 1312 
0 852 1942 0 28 0 36 0 
1390 0 0 0 0 0 0 0 
11 1022 0 0 0 0 0 28 
0 1 0 0 0 0 761 0 
15 2911 0 0 0 0 1 2 
3 9 0 125 0 0 0 487 
0 0 0 180 0 0 259 454 
0 16 0 2 0 0 0 1077 
0 0 0 62 0 0 439 0 
0 0 0 0 0 0 304 3 
39 0 0 1 2 0 0 530 
0 0 0 0 154 0 4 724 
0 2752 0 0 2 1 0 0 
0 0 0 0 0 22479 186 0 
0 0 0 0 0 13110 6 0 
13 0 0 1 0 2 3 10967 
770 258 22 341 0 25 2624 16 
4 0 154 0 11 0 0 0 
131 0 0 0 186 1 0 0 
0 0 0 0 0 0 4 734 
0 0 0 1 1 0 917 265 
0 0 0 0 0 0 4128 5 
0 0 559 27 0 0 0 0 
2 4873 0 0 0 2 0 0 
0 0 212 23 0 2 0 0 
0 0 0 0 0 1197 0 0 
0 0 0 0 0 0 906 21 
0 0 0 0 0 1 7 505 
4 1 0 0 0 0 0 225 
0 0 0 112 26 0 15 16 
0 0 0 0 0 31 8738 8 
0 0 0 0 0 0 1118 0 
0 0 1384 0 0 0 13 0 
400 0 0 1 8 65 529 12 
0 0 0 0 0 0 0 403 
