0 3 1003 3 1 56 5607 0 
0 0 0 0 0 0 21 2776 
0 0 0 0 0 1 2115 0 
0 0 0 0 0 0 34 105 
0 0 0 0 0 64064 0 0 
0 0 0 0 24 15537 11 28 
0 0 2423 0 24 0 112 0 
3100 665 581 3 0 390 3374 1075 
35 0 0 0 1 0 1 10531 
3 0 0 0 0 0 0 10835 
0 0 0 0 0 0 0 3060 
3 0 0 0 8 54 6242 311 
0 0 4 0 3 17928 47 6 
191 662 155 0 1 11501 0 99 
5 16347 0 0 0 0 13 0 
37 0 29 0 31 6085 363 80 
14777 0 0 0 0 0 0 16 
7108 0 0 0 0 0 2 0 
3 1 0 0 0 0 5080 0 
0 0 1 0 0 0 0 7176 
10849 0 0 0 0 0 0 0 
0 0 1 38 3880 0 0 0 
0 0 0 1 6 4 9591 156 
0 2869 5 0 0 0 0 0 
0 0 10974 1 955 12 0 8 
0 0 0 0 2 18493 0 0 
0 10981 0 45 0 0 0 13 
1 0 1625 0 0 2 0 0 
19 0 0 0 0 0 469 2953 
0 0 0 0 0 0 0 2031 
0 0 0 1 0 543 1122 0 
0 0 0 0 1 0 3 2967 
953 3 408 0 0 6837 3170 616 
0 9116 0 4 2 0 7 85 
15 0 14 0 1083 88 4 1 
3 0 0 0 0 19 4108 0 
0 1 0 0 0 0 0 1841 
0 0 0 0 0 0 0 4299 
0 0 2 0 0 14709 0 0 
410 0 190 1 0 2380 846 1178 
0 3 2233 337 7 103 1 0 
2 7178 0 1 0 0 12 0 
0 0 0 0 0 0 3735 0 
0 0 0 0 0 1069 272 240 
0 772 37 1 0 417 3176 290 
0 0 0 0 11 1759 298 57 
0 5892 0 0 0 0 0 0 
0 0 0 0 0 0 1729 14 
203 104 1829 0 0 257 0 0 
0 0 85 6 0 6256 0 0 
1 0 5606 6 26 23 0 0 
1202 14 6 0 0 129 940 1961 
0 0 2252 53 0 0 0 0 
278 0 1 56 1 673 136 1246 
0 0 0 0 0 0 0 2424 
0 0 0 0 0 0 1573 1 
1 0 0 0 0 0 542 361 
2 2521 0 0 0 0 0 0 
0 0 0 0 0 0 1 1333 
172 2787 259 0 4 0 0 86 
1386 0 0 0 2 0 0 0 
0 1026 1 0 0 1 0 29 
1 0 0 0 0 0 747 1 
0 2945 3 0 0 0 0 0 
0 1 0 322 1 124 58 136 
0 4 2 146 3 0 210 499 
0 9 0 0 0 0 0 1119 
40 0 2 3 1 17 444 18 
0 0 0 0 0 0 376 1 
213 9 4 0 0 0 7 331 
1050 9 0 0 0 0 1 1 
0 2787 0 1 0 1 0 0 
0 0 5 0 0 22479 188 0 
1 0 0 0 0 12993 16 0 
13 0 0 0 0 1 2 11765 
772 454 0 0 0 446 2547 0 
0 343 0 0 118 402 155 0 
306 0 0 0 52 0 0 0 
0 0 0 0 0 0 2 682 
0 24 10 0 1 0 646 496 
0 1 0 0 0 1 4157 4 
0 0 574 27 0 0 0 0 
0 4869 0 0 0 0 0 0 
0 43 63 20 0 0 97 0 
0 0 0 0 0 1339 0 0 
0 0 0 0 0 0 935 23 
0 0 0 0 0 0 7 506 
0 42 0 0 9 6 0 176 
0 3 156 2 0 0 0 0 
0 0 0 2 0 31 8678 3 
0 0 0 0 0 0 1033 0 
