0 0 0 0 0 0 3416 2445 
0 13 0 82 0 480 2324 0 
0 0 2031 2 10 0 0 0 
0 0 0 0 0 0 63872 74 
0 1 15676 73 0 1 0 0 
0 0 0 0 2601 3 0 1 
0 0 0 0 0 0 9682 0 
0 10590 0 0 0 2 0 0 
0 0 11962 7 2 0 0 0 
0 0 0 0 0 121 2666 0 
1 0 6707 0 0 0 2 0 
0 19394 4 0 32 52 3 0 
0 0 0 0 0 0 12983 0 
0 0 0 0 0 0 0 16122 
107 64 0 0 7 0 61 5815 
0 2 0 0 0 0 14642 0 
4 0 6975 50 0 0 21 47 
0 0 4884 0 16 87 0 0 
0 0 6093 244 865 0 0 14 
0 0 0 0 2 0 16 10939 
0 4 577 0 1 0 0 3245 
0 9657 0 0 0 0 3 0 
2856 0 0 0 0 0 0 0 
0 0 0 2 1 0 10815 0 
0 0 0 0 0 0 18529 0 
2 0 0 0 0 0 10819 2 
0 1 0 1230 400 1 0 0 
0 508 126 0 0 6 0 2874 
0 0 0 0 0 1 1873 172 
0 0 0 0 1640 0 0 0 
2 0 0 0 2865 0 1 5 
0 0 0 0 0 0 0 12022 
1 0 0 0 0 0 9029 2 
0 0 0 0 0 0 1239 0 
0 1 0 0 0 1 4002 1 
71 0 0 49 1211 0 0 276 
200 344 3041 0 0 72 326 198 
0 5930 516 262 0 5292 750 653 
0 0 0 0 0 0 4941 0 
0 0 2483 0 0 0 1 197 
0 1 0 0 0 0 0 7165 
0 0 3868 0 0 0 0 0 
1541 0 0 0 0 0 0 0 
0 0 0 0 0 0 0 5328 
0 2194 0 0 2 10 0 0 
1871 94 1 0 0 0 2363 1566 
0 10 0 0 3 23 74 1559 
0 0 0 0 0 0 3785 0 
1 0 0 0 0 0 6430 0 
0 0 0 0 0 0 0 5378 
0 0 0 0 0 0 4547 0 
0 0 1 0 0 0 2000 0 
0 0 0 0 0 0 2424 0 
23 2431 0 0 3 0 0 0 
0 0 0 0 0 0 0 1455 
0 0 0 0 0 3 22 907 
0 0 0 0 0 0 2603 0 
68 0 670 57 0 0 1 479 
0 0 1 0 0 0 2470 7 
0 1401 0 0 0 0 0 0 
0 0 0 0 0 1 1082 9 
152 205 1 0 283 20 0 16 
0 0 0 0 0 0 1 2743 
0 0 0 0 0 0 0 619 
0 0 859 0 0 0 2 1 
11 0 34 187 98 0 18 756 
0 0 0 0 3 0 500 0 
0 0 45 2 118 145 1 0 
0 390 89 28 8 0 28 0 
0 0 0 0 0 0 893 0 
6 1707 17 85 0 2 916 10 
0 0 0 0 0 0 9 22730 
6 0 0 0 0 0 0 13044 
0 108 1585 2001 1770 512 4809 4 
0 0 0 0 0 0 1 4075 
0 0 86 43 0 2 40 4 
0 7 0 0 0 304 0 0 
0 13 0 0 0 0 0 739 
0 0 8 1166 5 0 0 0 
0 652 484 0 205 2719 22 61 
3 0 51 0 10 508 5 0 
3 42 4409 358 82 1 0 0 
65 0 0 183 0 4 16 0 
230 1006 5 0 0 0 15 1 
0 0 0 0 0 879 0 0 
2 0 10 20 19 495 0 0 
0 0 0 0 0 4 0 217 
0 0 0 1 0 169 0 1 
661 7108 0 86 992 0 33 32 
0 31 1093 0 0 2 0 0 
0 0 0 6 7 0 840 803 
0 0 0 0 0 0 1064 1 
64 17 0 75 262 7 2 0 
