8 1 0 0 102 1125 904 0 0 1 800 0 
0 2 0 0 111 2171 0 0 0 0 0 559 
0 0 0 0 0 0 0 0 0 0 4839 0 
0 222 0 8 251 0 0 0 0 0 0 0 
0 0 1 0 0 5412 437 59 0 26 0 0 
0 0 0 0 0 3921 0 0 0 0 8 0 
0 0 0 0 0 711 0 0 0 0 0 0 
0 0 0 0 1515 0 0 0 0 0 0 0 
0 9 2 0 1622 799 0 0 0 0 63 0 
0 0 0 0 0 1396 1 1109 0 515 28 1 
0 0 0 0 0 0 0 719 0 0 0 0 
0 0 0 0 0 0 0 0 0 0 0 2814 
0 0 0 0 0 0 0 0 0 0 931 0 
0 0 0 0 0 0 0 0 0 0 3900 0 
0 0 0 0 0 0 0 0 0 0 1397 0 
0 0 2 0 0 0 0 0 0 0 1087 984 
0 0 0 0 0 0 0 0 0 1437 0 0 
0 0 0 0 0 0 0 0 0 0 574 0 
0 0 0 0 0 0 0 0 0 0 6679 0 
0 0 0 0 24 5952 0 0 3 0 0 0 
0 0 0 0 2 892 0 0 0 0 0 0 
0 0 1 0 0 1234 0 0 0 0 0 0 
0 1 0 0 3 33 8 0 251 455 25 227 
0 0 0 0 1290 0 0 0 0 0 0 0 
0 55 0 50 364 6 0 54 242 5 0 830 
0 0 0 1 3159 1134 0 0 0 0 0 0 
0 10 1411 1 4 98 4 0 0 0 135 0 
440 0 0 0 0 0 0 0 0 0 0 0 
0 0 0 1 0 0 1461 0 0 0 577 6 
0 0 0 0 0 0 0 0 0 0 322 0 
0 0 0 0 0 0 0 736 0 0 0 0 
0 0 0 1 0 0 0 0 1 0 5470 1 
0 0 0 14 2 31 0 0 0 0 4899 0 
1 458 17 76 392 0 49 0 155 171 0 298 
0 0 0 0 563 0 0 0 0 0 0 0 
0 0 0 0 0 0 286 0 0 0 0 0 
2 0 0 0 940 1307 0 0 0 30 0 0 
0 0 0 0 0 0 0 0 0 0 2870 0 
1 0 0 297 0 0 0 10 0 734 0 0 
0 0 0 0 0 1002 0 0 0 0 0 0 
0 103 1 1 0 0 0 0 0 0 0 2413 
0 0 0 0 0 0 0 0 409 0 0 0 
1 254 47 10 0 563 0 372 864 46 29 133 
0 0 0 0 0 0 0 0 0 1 636 0 
0 0 0 0 0 0 0 0 0 0 738 0 
0 0 0 0 0 0 0 295 0 0 0 123 
133 12 29 18 75 673 119 340 170 15 37 475 
0 0 0 0 0 0 0 0 0 1731 0 0 
1 0 6 3 1 0 4 0 0 0 3110 11 
0 0 0 0 0 0 0 0 0 0 2735 0 
0 0 0 0 0 1418 0 0 0 0 0 0 
0 0 0 0 0 0 0 0 0 0 2297 0 
0 0 0 2 0 0 0 0 0 559 0 0 
0 0 0 0 0 0 0 0 0 0 0 362 
0 0 0 0 0 998 0 0 0 0 0 0 
9 17 131 8 19 118 0 64 23 2 111 0 
0 0 0 0 0 63 0 2 1 0 1333 9 
0 0 0 0 0 549 0 0 0 0 0 0 
0 0 0 0 0 1938 0 0 0 1 0 0 
0 0 0 0 0 0 0 0 0 762 0 0 
0 0 0 0 0 0 0 0 0 2054 0 0 
0 0 0 81 253 1348 75 36 0 12 0 110 
0 0 0 0 0 0 0 0 0 0 3034 0 
0 0 0 0 0 0 0 0 0 0 2815 0 
0 21 0 0 0 0 2 0 0 0 2398 0 
0 0 0 0 0 0 0 0 0 0 1918 0 
0 0 2 167 0 4 198 0 0 354 139 406 
0 0 0 0 0 2495 0 0 0 0 0 0 
0 0 154 0 34 79 4 29 0 0 0 24 
0 0 0 0 0 3113 0 0 0 0 0 0 
0 0 0 3 0 1916 0 0 0 5 0 2 
0 0 0 0 4 1525 0 149 144 335 12 0 
30 0 0 0 121 598 17 0 0 0 1 0 
0 0 0 0 0 1032 0 0 0 0 0 0 
0 0 0 0 0 1259 0 0 0 0 0 0 
0 0 0 0 0 0 0 0 0 0 572 0 
34 126 361 121 86 83 0 115 71 0 2061 20 
0 0 0 0 0 0 0 0 0 1 3030 0 
0 3 0 39 0 0 0 0 0 0 728 0 
0 0 0 0 0 0 0 0 0 0 1865 0 
33 0 0 0 0 0 0 0 0 0 0 482 
0 1 0 658 394 132 0 4 69 0 0 0 
0 0 0 0 0 0 0 0 0 0 0 1657 
0 2 1 0 0 794 0 0 0 0 0 0 
0 0 0 10 0 0 0 0 0 0 1377 0 
953 22 0 0 0 8 0 0 0 0 0 19 
0 0 1 0 320 0 0 0 0 0 0 3 
99 903 0 0 0 0 0 0 0 0 0 0 
0 0 0 0 0 1806 0 0 0 0 0 0 
0 0 0 2 0 0 614 0 0 0 0 0 
0 0 0 0 0 0 0 0 0 0 1595 0 
0 0 1145 193 39 0 0 0 0 0 0 2 
0 0 5 127 0 1 88 1 8 181 289 107 
0 0 0 0 0 2176 0 0 0 0 0 0 
0 0 0 0 0 0 0 0 0 0 1320 0 
0 0 0 0 0 0 0 0 3 856 0 0 
0 0 0 0 0 243 1134 94 14 0 0 0 
0 0 0 0 0 0 0 0 0 0 986 0 
0 0 0 0 0 0 0 0 0 0 1095 0 
1 0 54 0 648 0 32 1 8 515 304 47 
0 87 11 0 1 0 33 634 2241 0 17 5 
0 0 0 0 0 627 0 0 0 0 0 1 
0 0 0 0 262 0 0 0 0 0 0 0 
0 0 0 0 0 0 13 0 120 326 0 2 
0 101 590 633 2378 0 0 0 0 0 0 1 
20 80 270 0 0 0 0 0 0 0 3 8 
0 0 0 0 0 0 0 0 0 0 1499 6 
2 1 32 688 331 0 46 0 0 1 0 0 
0 0 0 0 0 0 0 0 0 0 2424 0 
0 0 0 0 281 96 116 147 26 0 0 0 
0 0 0 0 0 0 0 0 0 0 464 0 
1 0 114 0 1 395 0 0 0 0 5 0 
0 0 0 0 112 0 3 0 92 517 0 0 
1 0 0 0 0 5 0 0 0 5 1847 0 
0 0 970 0 0 0 0 0 0 1 93 0 
0 2 0 0 371 0 0 0 1 0 0 2 
0 0 0 0 0 0 0 0 0 0 2405 0 
0 0 0 0 0 0 0 0 0 0 449 0 
0 0 0 0 0 425 0 0 55 0 0 0 
0 274 0 0 0 0 0 0 0 0 0 0 
0 0 0 0 0 0 0 0 0 0 1 1957 
0 0 0 0 0 1049 0 0 0 0 0 0 
0 0 0 0 0 819 0 0 0 0 0 0 
1 0 0 385 222 217 6 16 3 0 0 0 
10 0 143 37 0 177 0 49 0 0 87 134 
0 0 0 0 0 0 0 0 0 0 2923 0 
0 0 0 0 0 1 0 0 2 1 638 0 
0 0 0 0 0 0 0 0 0 0 694 0 
0 130 243 0 486 0 23 6 0 0 0 90 
