0 3 0 0 182 1533 777 0 29 3 332 0 
0 0 0 0 65 1399 0 1 0 0 0 411 
0 0 0 0 0 3 0 0 0 0 4957 0 
0 209 0 8 264 0 0 0 0 0 0 0 
0 0 0 0 1 5475 567 31 2 28 1 0 
0 0 0 1 0 3888 0 0 0 2 5 0 
0 0 0 0 0 742 0 0 0 0 0 0 
0 0 0 0 1512 2 0 0 0 0 0 1 
0 0 0 1 1728 686 0 0 5 2 94 0 
0 0 7 214 39 1127 0 164 123 0 1 0 
0 0 0 0 0 0 0 731 0 0 0 0 
0 0 0 1 0 0 0 0 0 0 0 1994 
0 0 0 0 0 0 0 0 0 0 939 0 
0 0 5 0 1 0 0 0 0 0 3570 0 
0 0 0 0 0 0 0 0 0 0 1361 0 
0 0 0 0 1 0 0 0 0 0 67 1455 
0 0 0 0 0 0 0 0 0 1437 0 0 
0 0 0 0 0 0 0 0 0 0 580 0 
0 0 0 0 0 0 0 0 0 0 6303 0 
0 0 0 0 0 4958 0 0 0 0 1 1 
0 0 0 0 0 852 0 0 0 0 0 0 
0 0 0 0 0 1837 0 0 0 0 0 0 
0 0 0 13 0 0 0 0 0 0 1741 0 
0 0 0 0 1403 0 0 0 0 0 0 0 
0 0 3 0 0 8 135 134 0 136 0 1190 
1 0 0 0 2764 1262 0 0 0 0 0 0 
0 0 1469 0 0 0 0 0 13 0 168 0 
440 0 0 0 0 0 0 0 0 0 0 0 
0 0 0 0 5 0 1600 0 0 0 446 9 
0 0 0 0 0 0 0 0 0 0 322 0 
0 0 0 0 0 0 0 736 0 0 0 0 
0 0 0 0 0 0 2 0 0 0 5491 0 
0 0 0 0 0 0 10 0 0 0 4340 7 
0 0 0 2 260 0 390 0 401 561 1 1 
0 0 0 0 563 0 0 0 0 0 0 0 
0 0 0 0 0 0 286 0 0 0 0 0 
0 0 0 0 665 362 0 0 57 1 1 0 
0 0 0 0 0 0 0 0 0 0 2709 0 
0 0 0 230 0 0 0 21 0 712 0 0 
0 0 0 0 0 995 0 0 0 0 0 0 
0 168 0 0 0 0 0 0 0 0 2 2220 
0 0 0 0 1 0 0 0 409 0 0 0 
0 254 17 0 0 373 433 225 351 51 0 828 
0 0 0 0 0 0 0 0 0 0 637 0 
0 0 0 0 0 0 0 0 0 0 697 0 
0 0 0 0 0 0 0 278 0 0 0 154 
3 724 11 0 0 181 45 114 748 0 0 348 
0 0 0 0 0 0 1 0 0 1707 0 0 
0 0 0 0 15 0 0 0 0 17 2818 3 
0 0 0 0 0 0 0 0 0 0 2875 0 
0 0 0 0 0 1418 0 0 0 0 0 0 
0 0 0 0 0 0 0 0 0 0 2317 0 
0 0 0 0 0 0 0 0 0 561 0 0 
0 0 0 0 0 0 0 0 0 0 0 361 
0 0 0 0 0 998 0 0 0 0 0 0 
0 0 181 0 0 216 14 0 0 0 0 0 
0 0 0 0 0 0 0 0 0 0 969 38 
0 0 0 0 0 549 0 0 0 0 0 0 
0 0 0 0 3 1887 1 0 0 0 0 0 
0 0 0 0 0 0 0 0 0 706 0 0 
0 0 0 0 0 0 0 0 0 2047 0 0 
0 60 0 0 0 2181 1 4 0 4 0 0 
0 2 0 0 0 0 0 0 0 0 3858 0 
0 0 0 0 0 0 0 0 0 0 2953 0 
0 23 0 0 0 0 0 1 0 0 2365 0 
0 0 0 0 0 0 0 0 0 0 1963 0 
0 0 0 0 262 0 668 0 0 0 52 275 
0 0 0 3 0 2297 0 0 0 0 0 0 
0 0 0 0 0 3061 0 0 0 2 0 0 
0 0 0 0 0 1866 1 0 0 0 0 0 
0 0 0 0 0 1229 0 76 0 497 0 0 
28 0 42 0 3 0 3 0 6 7 0 678 
0 0 0 0 0 1063 0 0 0 0 0 0 
0 0 0 0 0 1186 0 0 0 0 0 0 
0 0 0 0 0 0 0 0 0 0 2209 1 
0 0 0 0 0 0 0 0 0 0 3130 0 
0 3 22 0 1 0 12 53 16 1 634 39 
0 0 0 0 1 0 1 0 0 0 2075 0 
26 0 0 0 0 0 0 1 0 0 0 471 
0 7 0 1177 7 0 0 0 1 56 0 8 
0 0 0 0 0 0 0 0 0 0 0 1555 
0 0 1 0 0 792 0 0 0 0 1 0 
640 17 0 0 0 0 0 1 0 0 0 22 
0 4 0 0 295 0 0 0 0 25 0 0 
97 895 0 0 0 0 0 0 0 0 0 2 
0 0 0 0 0 2246 0 0 0 0 0 0 
0 0 8 0 0 13 599 0 0 0 0 0 
1 0 1170 124 35 0 0 0 0 0 0 0 
0 0 0 0 0 0 0 0 0 0 1280 0 
0 0 0 0 0 701 0 0 0 0 0 0 
0 0 0 0 0 0 0 0 0 0 1527 0 
0 0 0 0 0 0 0 0 0 470 0 0 
0 0 2 0 0 257 1113 97 13 0 0 0 
0 0 0 0 0 0 0 0 0 0 986 0 
0 1 0 0 0 0 0 0 1 0 1086 0 
0 0 0 0 7 0 7 0 0 0 1596 0 
0 76 0 0 0 0 56 583 2303 0 89 1 
0 0 0 0 0 628 0 0 0 0 0 0 
0 0 0 0 304 0 0 0 0 0 0 0 
0 0 0 0 0 0 13 0 141 307 0 0 
0 52 563 532 2533 0 0 0 0 3 1 7 
0 0 33 0 281 0 2 0 1 9 55 0 
0 0 0 0 0 0 0 0 0 0 1290 3 
0 0 0 1066 165 0 0 0 0 0 1 0 
263 125 0 0 278 0 0 0 0 0 0 0 
0 0 0 0 0 0 0 0 0 0 607 0 
0 0 97 0 11 0 0 1 0 835 0 2 
0 0 0 58 0 0 0 1 0 760 0 13 
0 0 0 0 0 6 0 0 1 0 1790 0 
0 4 946 0 0 0 0 3 0 0 117 0 
0 8 137 78 189 0 1 3 0 1 0 0 
0 0 0 0 0 0 0 0 0 0 2296 0 
0 0 0 0 0 417 0 0 63 0 0 0 
0 274 0 0 0 0 0 0 0 0 0 0 
0 0 0 0 0 0 0 0 0 0 0 2269 
0 0 0 0 0 809 0 0 0 0 0 0 
0 0 0 0 343 412 3 0 0 8 0 0 
0 0 0 0 0 1408 0 0 0 2 0 0 
0 1 0 0 0 0 0 0 0 0 2957 0 
0 0 0 0 1 0 0 0 0 0 673 0 
0 0 0 0 0 0 0 0 0 0 1333 0 
2 341 0 0 470 44 86 0 1 0 34 0 
0 0 0 123 0 0 0 200 17 0 0 0 
4 0 0 0 0 504 0 0 0 0 0 0 
0 0 0 0 0 0 0 0 0 0 1708 0 
0 0 0 0 0 0 0 0 0 0 448 0 
0 0 0 0 0 0 0 0 0 0 939 0 
0 0 0 0 0 372 0 184 0 0 0 0 
0 0 1 0 0 900 0 25 2 0 4 3 
0 0 0 0 0 2013 0 0 0 0 0 0 
0 0 0 0 0 0 0 0 0 6 437 0 
0 0 0 0 0 0 0 0 0 0 2755 0 
0 0 0 0 1 0 0 0 0 0 0 786 
0 0 0 2 6 36 0 93 272 74 0 3 
0 2 0 8 620 845 0 0 0 11 0 3 
