0 0 0 0 137 1369 1125 0 0 0 217 0 
0 0 0 0 76 1382 0 0 0 0 0 414 
1 0 0 0 0 0 0 0 0 0 4884 0 
0 208 0 12 260 0 0 0 0 0 1 0 
0 5 0 0 0 5325 569 18 0 32 0 0 
0 0 0 0 0 3917 0 0 0 0 8 0 
0 0 0 0 0 687 0 0 0 0 0 0 
0 0 1 0 1514 0 2 0 0 1 0 0 
0 0 0 1 1737 679 0 0 0 0 53 1 
0 27 0 259 0 1195 0 349 0 0 0 2 
0 0 0 0 0 0 0 732 0 0 0 0 
0 0 0 0 0 0 0 0 0 0 0 2782 
0 0 0 0 0 0 0 0 0 0 956 0 
0 0 0 0 0 0 0 0 0 0 3454 0 
0 0 0 0 0 0 0 0 0 0 1361 0 
0 4 0 1 0 1 0 10 0 0 963 1089 
0 0 0 0 0 0 0 0 0 1467 0 0 
19 0 0 16 0 0 0 0 0 0 540 0 
0 0 0 0 0 0 0 0 0 0 6846 0 
0 0 3 5 0 5142 0 2 0 0 0 0 
0 0 0 0 1 865 0 0 0 0 2 1 
0 0 0 0 0 1735 0 0 0 0 0 0 
9 0 0 21 146 0 161 4 116 11 312 223 
0 0 0 0 1290 0 0 0 0 0 0 0 
0 0 26 0 310 0 0 657 0 0 0 613 
0 0 0 0 3036 1121 0 0 0 0 0 3 
1 0 1573 0 0 0 0 0 0 0 85 0 
440 0 0 0 0 0 0 0 0 0 0 0 
0 0 0 1 0 10 1517 0 0 0 526 6 
0 0 0 0 0 0 0 0 0 0 322 0 
0 0 0 0 0 0 0 736 0 0 0 0 
0 1 0 0 0 0 0 0 0 0 5276 0 
0 0 0 0 1 0 0 0 0 0 4837 0 
0 115 2 1 0 0 361 0 226 747 0 165 
0 0 0 0 563 0 0 0 0 0 0 0 
0 0 0 0 0 0 286 0 0 0 0 0 
6 3 0 0 1110 1128 0 0 25 1 0 1 
0 0 0 0 0 0 0 0 0 0 2709 0 
0 0 0 261 1 0 0 13 0 767 0 0 
0 0 0 0 0 1003 0 0 0 0 0 0 
3 123 2 0 0 0 0 0 0 0 3 2254 
1 0 0 0 0 0 0 0 409 0 0 0 
170 2 0 0 0 612 83 232 606 0 8 819 
0 0 0 0 0 0 12 0 0 1 624 0 
0 0 0 0 0 0 0 0 0 0 697 0 
2 0 0 0 0 0 0 283 0 0 0 137 
8 78 0 0 0 297 386 173 709 23 0 509 
0 0 0 0 0 0 2 0 0 1702 0 0 
0 0 0 0 0 0 2 0 0 0 2720 0 
0 0 0 0 0 0 0 0 0 0 2991 0 
0 1 0 0 0 1540 0 0 0 0 0 0 
0 0 0 0 0 0 0 0 0 0 2486 0 
0 0 0 0 0 0 0 0 0 531 0 0 
0 0 0 0 0 0 0 0 0 0 0 364 
0 0 0 0 0 998 0 0 0 0 0 0 
0 0 321 0 0 90 0 0 0 0 0 0 
0 0 0 0 0 0 0 1 0 0 950 6 
0 0 0 0 0 549 0 0 0 0 0 0 
0 0 0 3 0 1753 0 1 0 1 0 0 
0 0 0 0 0 0 0 0 0 766 0 0 
0 0 0 0 0 0 0 0 0 2053 0 0 
0 0 103 66 0 2282 0 86 0 6 6 0 
0 0 0 0 0 0 0 0 0 0 4012 0 
0 0 0 0 0 0 0 0 1 0 2937 0 
2 18 0 0 0 0 0 0 0 0 2402 0 
0 0 0 0 0 0 0 0 0 0 1918 0 
12 234 0 136 0 0 297 0 0 359 1 213 
0 0 0 0 0 2325 0 1 0 0 1 0 
1 0 0 2 0 370 0 0 0 3 1 0 
0 0 2 0 0 3040 0 0 0 0 0 0 
0 0 0 0 0 1743 0 0 0 0 0 0 
0 8 13 0 0 1189 2 234 170 569 0 0 
0 0 6 172 1 181 19 0 19 37 1 331 
0 0 0 0 1 1031 0 0 0 0 0 0 
0 0 0 0 0 1252 0 0 0 0 1 0 
4 0 0 0 0 0 0 0 0 0 2221 3 
0 0 0 0 0 0 0 0 0 0 3063 0 
0 49 0 0 1 0 45 0 0 0 673 0 
0 0 0 0 0 0 0 0 0 0 2101 0 
29 0 0 0 0 0 0 0 0 0 0 469 
0 0 0 1244 5 0 0 7 0 0 0 0 
0 0 0 0 0 0 0 0 0 0 0 1562 
0 0 1 0 0 796 0 0 0 1 0 0 
0 0 0 10 0 0 0 0 0 0 1049 0 
651 5 0 0 0 0 0 0 0 0 2 15 
0 0 0 0 314 0 0 9 0 0 0 2 
92 916 0 0 0 0 0 0 0 0 0 0 
0 0 0 0 0 1599 0 0 0 0 0 0 
0 0 0 0 1 0 613 0 0 2 0 0 
0 1 1159 163 49 0 0 0 0 0 0 0 
0 0 0 0 0 0 0 0 0 0 1280 0 
0 0 0 0 0 700 0 0 0 0 0 1 
0 0 0 0 0 0 0 0 0 0 1285 0 
0 0 0 15 0 0 0 0 9 831 5 0 
0 1 0 0 0 259 1129 90 22 0 0 0 
0 0 0 0 0 0 0 0 0 0 986 0 
0 0 0 0 0 0 0 0 0 0 914 0 
0 0 0 54 623 2 0 0 0 248 682 0 
0 28 0 5 0 2 4 692 2277 0 16 0 
0 0 0 0 1 627 0 0 0 0 0 0 
0 0 0 0 304 0 0 0 0 0 0 0 
0 0 0 0 0 0 9 0 143 309 0 0 
0 63 599 624 2413 0 0 0 0 1 0 0 
0 2 286 0 0 16 4 16 0 56 1 0 
0 0 0 0 0 0 0 0 1 0 1237 0 
0 4 0 959 233 0 0 0 0 0 4 0 
0 0 0 0 0 0 0 0 0 0 2352 0 
0 2 0 0 369 0 0 1 0 5 287 2 
0 0 0 0 0 0 0 0 0 0 657 0 
8 0 0 0 0 208 15 0 0 42 273 1 
0 0 0 3 0 7 1 23 68 718 0 12 
0 0 0 0 0 3 0 0 0 0 1842 0 
0 0 948 0 0 0 0 0 0 0 121 0 
0 0 0 0 374 2 0 0 0 0 0 0 
0 0 0 0 0 0 0 0 0 0 2341 0 
0 1 0 0 0 415 0 0 64 0 0 0 
0 273 0 0 0 1 0 0 0 0 0 0 
0 0 0 0 0 0 0 0 0 0 0 2256 
0 0 0 0 0 1049 0 0 0 0 0 0 
0 0 0 0 0 809 0 0 0 0 0 0 
0 0 0 87 284 351 0 0 0 0 0 46 
0 3 11 0 0 491 3 12 0 0 1 200 
0 0 0 0 0 0 0 0 0 0 2899 0 
0 0 0 0 0 0 0 0 0 0 674 0 
0 0 0 0 0 0 0 0 0 0 794 0 
0 151 0 2 609 199 7 10 0 0 0 0 
187 70 1 0 40 0 0 35 0 1 0 6 
0 0 0 0 0 511 0 0 0 0 0 0 
0 0 0 0 0 0 1 0 0 0 1792 0 
0 0 0 0 0 0 0 0 0 0 448 0 
0 0 0 0 1 0 0 0 0 0 960 0 
0 0 0 1 0 407 0 147 0 1 0 0 
0 0 1 0 0 937 0 0 0 0 0 0 
0 0 0 0 0 2009 0 0 0 0 0 0 
