0 0 0 7 114 1497 983 0 13 0 217 0 
0 0 0 0 88 1376 0 0 0 3 0 405 
0 0 0 0 0 0 0 0 0 0 4685 0 
0 194 4 8 274 0 0 1 0 0 0 0 
0 2 0 0 0 5363 575 24 0 16 0 0 
0 0 1 0 0 3909 0 0 3 1 9 0 
0 0 0 0 0 801 0 0 0 0 0 0 
0 0 0 0 1515 0 0 0 0 0 0 0 
0 0 1 1 1646 722 0 0 1 0 90 0 
0 43 0 284 0 1214 0 281 0 0 0 3 
0 0 0 0 0 0 0 731 0 0 0 0 
0 0 0 0 0 0 0 0 0 0 0 2782 
0 0 0 0 0 0 0 0 0 0 953 0 
0 0 0 0 0 0 0 0 0 0 3542 0 
0 0 0 0 0 0 0 0 0 0 1361 0 
0 0 0 0 0 0 3 0 3 0 925 1209 
0 0 0 0 0 0 0 0 0 1496 0 0 
0 0 0 0 0 0 0 0 1 0 569 5 
0 0 0 0 0 0 0 0 1 1 6967 0 
0 0 4 0 0 5322 0 1 0 7 0 0 
0 1 0 0 0 868 0 0 0 0 0 0 
0 0 1 0 0 1727 0 0 0 0 0 0 
6 2 0 12 165 0 59 12 101 1 525 121 
0 0 0 0 1290 0 0 0 0 0 0 0 
0 0 20 0 250 0 0 720 0 0 0 616 
0 0 0 0 3034 1131 1 0 0 0 0 0 
0 0 1545 0 2 0 0 1 0 0 111 0 
440 0 0 0 0 0 0 0 0 0 0 0 
0 3 0 0 0 1 1657 0 0 12 375 12 
0 0 0 0 0 0 0 0 0 0 322 0 
0 0 0 0 0 0 0 732 0 0 0 0 
0 0 0 0 0 0 0 0 0 0 5272 0 
0 0 1 0 0 4 0 0 0 0 4983 0 
2 116 0 0 9 0 372 0 281 711 0 125 
0 0 0 0 563 0 0 0 0 0 0 0 
0 0 0 0 0 0 286 0 0 0 0 0 
0 0 0 0 938 1296 0 0 27 0 0 12 
0 0 0 0 0 0 0 0 0 0 2709 0 
0 0 0 252 0 0 0 16 0 774 0 0 
0 0 0 0 0 1000 0 0 0 0 0 0 
0 90 0 0 0 0 0 0 0 0 0 2301 
0 0 0 4 0 0 0 0 405 0 1 0 
225 17 0 0 2 547 128 250 611 0 5 747 
0 0 0 0 1 0 0 1 1 0 634 0 
0 0 0 0 0 0 0 0 0 0 697 0 
0 0 0 1 0 0 0 285 0 0 0 137 
16 21 0 1 0 341 359 169 775 2 1 479 
0 0 0 0 0 0 0 0 0 1707 0 0 
0 0 0 0 0 0 2 0 0 0 2725 1 
0 0 0 0 0 0 0 0 0 0 3013 0 
0 0 0 0 0 1535 0 0 0 0 0 0 
0 0 0 0 0 1 0 0 0 0 2440 0 
0 0 0 0 0 0 0 0 0 531 0 1 
0 0 0 0 0 0 0 0 0 0 0 364 
0 0 0 0 0 998 0 0 0 0 0 0 
0 0 340 0 0 70 0 0 0 1 0 0 
0 0 3 0 0 0 0 0 0 0 980 6 
0 0 0 0 0 549 0 0 0 0 0 0 
1 0 0 0 0 1747 0 0 0 0 0 0 
0 0 0 0 0 0 0 0 0 732 0 0 
0 0 0 0 0 0 0 0 0 2053 0 0 
0 0 115 60 1 2065 16 95 0 6 0 1 
0 0 0 1 0 0 1 0 0 0 3963 0 
0 0 0 0 0 0 0 0 0 0 2984 0 
0 11 0 0 0 0 0 0 0 0 2412 0 
0 0 0 0 0 0 0 0 0 0 1930 0 
0 272 1 80 0 4 277 0 0 242 2 374 
1 0 0 0 0 2306 0 0 0 1 0 0 
0 0 0 0 0 374 0 0 3 0 0 0 
0 0 0 0 0 3092 0 0 0 0 0 0 
0 0 0 0 0 1753 0 0 0 0 0 0 
0 0 0 1 0 1220 4 313 219 408 0 0 
0 0 0 146 0 226 49 1 4 47 0 294 
0 0 1 0 0 1031 0 0 0 0 0 0 
0 0 0 0 0 1251 0 0 0 0 0 0 
7 10 0 0 0 0 0 4 2 1 2204 0 
0 0 0 0 0 0 0 0 0 0 3072 0 
0 13 0 1 0 0 51 0 0 0 703 0 
0 0 0 2 0 1 0 0 0 0 2030 0 
25 0 0 0 0 0 0 0 0 0 0 473 
0 0 0 1223 29 0 0 0 0 0 0 5 
0 0 0 0 0 0 0 0 0 0 0 1562 
0 0 0 0 0 798 0 0 0 0 0 0 
0 0 0 2 0 0 0 0 0 0 1050 0 
636 3 0 2 0 0 0 0 0 1 0 31 
0 0 0 0 324 0 0 0 0 0 0 0 
95 906 0 0 0 0 0 0 0 0 0 0 
0 0 0 0 0 1680 0 0 0 0 0 0 
0 0 0 0 1 0 601 0 0 13 1 0 
0 0 1153 165 52 0 0 2 0 0 0 0 
0 0 0 0 0 0 0 0 0 0 1279 1 
0 0 0 0 0 701 0 0 0 0 0 0 
0 1 0 0 0 0 0 0 0 0 1286 0 
0 0 0 2 0 0 0 0 0 858 0 0 
0 0 0 0 0 245 1095 126 15 0 4 0 
0 0 0 0 0 0 0 0 0 0 986 0 
1 0 0 0 0 0 0 0 0 0 832 0 
9 0 0 106 322 0 6 0 0 366 801 0 
3 44 0 3 0 0 40 570 2324 0 63 0 
0 1 2 0 0 623 0 0 0 0 0 2 
0 0 0 0 304 0 0 0 0 0 0 0 
0 0 0 0 0 0 14 1 140 306 0 0 
0 56 510 637 2500 0 0 0 0 0 0 0 
0 0 326 3 0 0 10 27 0 15 0 0 
0 0 0 0 0 0 0 0 0 0 1242 0 
0 3 0 977 205 0 6 10 0 6 0 0 
0 0 0 0 0 0 0 0 0 0 2378 0 
0 0 27 2 302 0 0 0 0 0 335 0 
0 0 0 0 0 0 0 0 0 0 649 0 
0 0 0 0 1 194 0 8 0 34 308 0 
0 0 0 3 0 0 0 15 36 787 0 0 
0 0 0 0 0 4 0 0 0 0 1858 1 
0 0 983 0 5 0 0 0 0 0 83 0 
0 0 0 0 368 8 0 0 0 0 0 0 
0 0 0 0 0 0 0 0 0 0 2213 0 
0 0 0 0 0 417 0 0 63 0 0 0 
0 274 0 0 0 0 0 0 0 0 0 0 
0 0 0 0 0 0 0 0 0 1 0 2253 
0 0 0 0 0 809 0 0 0 0 0 0 
0 0 0 36 242 465 0 0 0 0 0 24 
0 0 0 0 0 1577 0 0 0 0 0 0 
0 0 0 0 2 0 0 0 0 0 2903 0 
0 0 0 0 0 0 0 0 0 0 674 0 
0 0 0 0 0 0 0 0 0 0 791 0 
0 182 0 19 529 155 0 37 1 0 54 1 
211 24 0 0 9 0 0 0 0 0 0 96 
0 0 0 0 0 513 0 0 0 0 0 0 
0 0 0 0 0 0 0 0 0 0 1775 0 
0 0 0 0 0 0 0 0 0 0 433 0 
0 0 0 0 0 0 0 0 0 0 962 0 
0 0 0 0 0 372 0 192 0 0 0 0 
0 0 2 0 5 939 0 0 0 0 0 0 
0 0 0 1 0 2017 0 0 0 0 0 0 
