0 1 0 340 80 45 14 0 0 0 2429 1 
0 1258 0 934 0 181 471 0 0 0 0 1 
11 16 0 0 259 4867 2 14 8 0 0 0 
3 0 5 456 0 6 2 0 1 0 5 0 
0 8 2 11 18 101 379 0 0 5353 149 1 
0 0 0 0 0 29 0 3 0 3897 25 0 
0 0 0 0 0 0 0 0 0 0 532 0 
0 0 0 0 0 0 0 0 0 0 0 1515 
0 8 0 95 0 321 0 0 0 0 2059 0 
0 2 0 0 0 0 0 51 0 161 2839 0 
0 0 0 1 0 0 0 0 0 730 0 0 
0 0 2806 0 0 0 0 5 0 1 0 0 
0 0 0 0 0 898 0 0 0 0 0 0 
0 0 0 0 3742 0 0 0 0 0 0 0 
0 0 0 0 0 1463 0 0 0 0 0 0 
0 0 0 6 1894 8 0 1 0 0 0 0 
0 0 0 0 0 1437 0 0 0 0 0 0 
0 0 0 0 0 0 0 0 0 0 579 0 
1 31 1 0 2999 3115 7 244 0 0 168 46 
0 1 5 0 0 1 0 0 4 0 6076 0 
0 0 0 0 2 0 0 0 0 853 0 0 
0 0 0 0 0 2 0 0 0 0 1033 0 
0 0 0 0 1003 0 0 0 0 0 0 0 
0 0 0 0 0 0 0 0 0 0 1290 0 
0 0 0 0 0 0 0 0 0 0 1606 0 
7 694 163 698 0 354 355 70 149 0 1328 503 
0 0 0 0 0 0 0 0 308 40 1370 0 
0 0 0 0 0 0 440 0 0 0 0 0 
0 0 0 0 0 0 2031 0 1 11 0 0 
0 0 0 0 0 0 0 0 322 0 0 0 
1 0 0 0 0 19 0 552 164 0 0 0 
0 19 0 60 339 5332 4 2 0 0 17 0 
4 1 0 0 452 4816 0 2 14 0 3 2 
0 0 0 0 0 0 0 0 0 1617 0 0 
0 0 0 0 0 0 0 0 0 0 563 0 
0 0 10 123 0 9 0 0 111 22 10 1 
0 0 0 0 0 2302 0 0 0 0 0 0 
0 0 0 0 0 2836 0 0 1 1 0 0 
0 0 0 8 0 0 0 1121 0 0 0 0 
1 0 0 0 0 0 0 0 0 0 997 0 
0 114 0 16 2333 0 0 0 0 0 0 32 
0 0 0 0 0 8 0 0 385 1 3 13 
0 0 0 0 0 0 0 0 0 0 2411 0 
0 0 0 0 76 0 0 0 0 0 457 2 
0 0 0 0 0 725 0 0 0 0 0 0 
0 416 0 0 0 0 0 0 0 0 0 0 
0 0 0 0 0 0 0 2 0 0 2096 0 
0 0 0 0 0 1727 0 0 0 0 0 0 
0 0 1 0 2446 331 0 37 30 1 57 8 
0 0 0 0 2727 5 0 0 0 0 1 0 
0 0 0 0 1 0 0 0 0 1417 0 0 
0 0 0 0 267 1968 23 0 0 0 0 0 
1 11 3 0 0 441 0 0 0 105 0 0 
0 0 0 362 0 0 0 0 0 0 0 0 
0 0 0 0 0 0 0 0 0 998 0 0 
0 0 0 0 486 0 0 0 0 0 0 0 
0 0 0 5 1048 9 5 66 5 0 112 0 
0 0 0 0 0 0 0 0 0 0 549 0 
0 0 0 0 0 0 1 1 4 13 1920 0 
0 0 0 0 0 760 0 1 0 0 0 0 
0 0 1 0 0 758 0 1195 0 0 0 12 
0 0 0 0 0 0 0 0 0 0 1976 0 
245 27 85 5 545 1467 176 0 27 195 78 188 
0 1 0 0 1 2446 0 0 0 0 0 0 
0 1 67 2302 48 0 0 1 0 0 4 0 
0 0 0 0 1918 0 0 0 0 0 0 0 
0 0 0 0 0 0 0 0 0 1267 0 0 
30 317 0 340 1172 14 14 281 67 7 326 0 
0 0 0 0 0 1302 0 0 0 0 0 0 
557 0 1 106 18 0 267 493 100 238 1437 0 
0 0 0 0 0 0 9 0 0 1757 1 0 
0 0 0 4 0 1757 36 344 0 0 0 0 
0 0 2 0 0 0 0 1 0 0 764 0 
0 0 0 0 0 0 0 0 0 1087 0 0 
0 0 0 0 0 0 0 0 0 1259 0 0 
0 0 0 0 0 638 0 0 0 0 0 0 
2 0 2 0 3114 5 0 0 0 0 5 18 
0 0 0 0 4 2983 0 2 0 0 0 0 
0 0 0 0 0 0 0 0 0 0 770 0 
0 23 0 31 1646 93 61 0 101 76 18 33 
492 0 11 0 0 0 0 0 0 0 0 12 
0 0 0 0 1273 0 0 0 0 0 0 0 
117 283 0 158 105 487 391 27 1 0 18 77 
0 0 77 244 59 271 146 0 0 0 0 0 
0 0 0 0 1580 0 0 0 0 0 0 0 
911 60 0 0 2 5 0 0 0 0 0 17 
0 0 0 324 0 0 0 0 0 0 0 0 
0 935 71 0 3 0 0 0 0 0 0 0 
0 0 0 0 0 0 0 0 0 0 1516 0 
0 0 0 0 0 616 0 0 0 0 0 0 
0 0 0 1 1662 0 0 0 0 0 0 0 
1 0 315 541 514 8 0 0 0 0 0 0 
0 0 0 0 807 0 0 0 0 0 0 0 
0 0 0 0 0 0 0 0 0 0 2445 0 
0 0 0 0 0 1114 1 0 0 0 0 0 
1 0 0 0 0 5 0 454 0 359 36 5 
0 0 0 3 0 0 207 166 1113 0 0 0 
7 250 0 0 0 290 0 297 0 142 0 0 
54 0 24 0 223 112 8 39 82 1 178 96 
0 0 0 0 0 0 0 0 0 0 1649 0 
2379 64 0 0 0 2 0 275 92 3 213 0 
0 6 0 0 0 0 0 0 0 0 644 0 
0 4 6 0 0 0 0 0 0 0 0 263 
0 0 0 0 0 0 430 0 31 0 0 0 
0 224 0 50 0 0 0 0 0 0 0 3430 
4 0 0 0 0 0 0 0 377 0 0 0 
0 0 0 0 22 1523 0 0 0 0 3 0 
0 0 0 0 1089 0 0 0 0 0 0 0 
0 0 4 24 2487 2 0 0 8 0 0 0 
2 0 203 0 0 23 18 66 10 0 338 6 
0 0 0 0 463 0 0 0 0 0 0 0 
0 0 0 0 0 0 0 0 0 516 0 0 
1 0 0 0 0 0 0 0 0 0 723 0 
0 0 0 0 0 1863 0 0 0 0 0 0 
44 0 0 3 1 103 103 0 6 18 767 0 
2 0 366 0 0 0 0 0 0 0 0 8 
0 0 0 0 2294 0 0 0 0 0 0 0 
0 0 0 0 432 0 0 0 0 1 0 0 
0 0 0 0 0 0 0 0 0 496 0 0 
0 0 0 0 0 0 1 0 0 1 266 6 
0 0 0 2 2039 1 1 0 0 0 0 0 
0 0 0 0 0 0 0 0 0 0 1049 0 
0 0 64 141 224 245 18 0 117 4 9 0 
0 0 0 0 852 0 0 0 0 0 0 0 
0 1 2 0 0 0 0 0 0 0 634 0 
0 8 0 60 326 673 107 52 10 0 1719 2 
0 9 0 22 8 47 0 0 1 0 536 0 
0 0 0 0 694 0 0 0 0 0 0 0 
