0 0 0 363 76 34 0 0 0 0 2343 22 
0 0 0 702 0 0 505 2 0 0 6 0 
0 8 33 0 436 3959 0 0 0 0 4 2 
0 0 0 836 2 0 0 0 0 0 0 3 
0 0 0 0 0 172 0 0 5 5137 388 0 
0 0 1 0 0 45 5 7 4 3643 44 0 
0 0 0 0 0 0 0 0 0 0 679 0 
0 0 0 1 0 0 0 0 0 0 0 1518 
0 0 0 0 0 330 11 0 4 0 2166 0 
0 0 0 0 0 0 0 0 1 0 1536 0 
0 0 0 0 0 0 0 0 0 701 0 0 
0 0 1995 0 0 0 0 0 0 0 0 0 
0 0 0 0 0 971 0 0 0 0 0 0 
0 0 0 0 3583 0 11 0 0 0 0 0 
0 0 0 0 0 1361 0 0 0 0 0 0 
0 1 0 3 1430 0 0 0 0 0 0 0 
0 0 0 0 0 1437 0 0 0 0 0 0 
0 0 0 0 0 0 0 0 0 0 736 0 
0 0 3 0 4322 1892 0 0 0 0 0 0 
0 0 0 0 0 0 0 0 0 0 4837 0 
0 0 0 0 0 0 0 0 0 861 1 0 
0 0 0 0 0 0 0 0 0 0 1757 0 
0 0 0 0 1848 0 0 0 0 0 0 0 
0 0 0 0 0 0 0 0 0 0 1687 0 
0 0 0 0 0 0 0 0 0 0 1606 0 
0 0 0 16 1 14 15 0 0 22 3238 276 
0 0 0 1 0 0 0 0 254 21 1374 0 
0 0 0 0 0 0 440 0 0 0 0 0 
1 0 0 0 0 0 1395 0 0 0 0 0 
0 0 0 0 0 0 0 0 322 0 0 0 
0 0 0 0 2 0 0 731 0 3 0 0 
0 0 0 0 7 5651 26 0 0 0 0 0 
0 1 0 0 11 4261 2 0 8 2 1 0 
0 0 0 0 0 0 0 0 0 1616 0 0 
0 0 0 0 0 0 0 0 0 0 563 0 
0 0 0 0 0 308 1 6 0 1 0 0 
0 0 0 0 0 1091 0 0 0 0 0 0 
0 0 0 0 0 2709 0 0 0 0 0 0 
0 0 0 12 0 1 0 950 0 0 0 0 
0 0 0 0 1 0 0 0 0 0 991 0 
0 146 0 43 2211 0 0 0 0 8 0 35 
0 0 0 0 3 0 0 0 374 16 0 10 
0 0 0 0 0 0 0 0 0 0 1696 0 
0 0 0 0 0 0 0 0 0 0 623 0 
0 0 0 0 0 1240 0 0 0 0 0 0 
0 354 0 0 0 0 0 0 0 0 0 0 
0 0 2 0 0 0 0 1 0 1 2121 0 
1 1 0 1 0 1705 1 0 0 0 0 0 
6 0 0 4 2573 111 1 1 0 0 1 0 
0 0 1 2 3118 7 0 0 0 0 0 0 
0 0 0 0 0 0 0 0 0 1726 0 0 
3 0 0 0 218 2081 0 0 0 0 0 0 
0 0 0 0 0 343 3 0 0 226 0 0 
0 0 0 360 0 0 0 0 0 0 0 0 
0 1 0 0 0 0 0 0 0 994 3 0 
0 0 0 0 411 0 0 0 0 0 0 0 
0 0 0 0 0 0 0 0 0 0 549 0 
9 1 0 0 0 0 1 0 0 0 1860 0 
0 0 0 0 0 725 0 32 0 1 0 0 
0 5 0 0 0 862 0 1164 0 0 16 5 
0 0 0 0 0 0 0 0 0 0 2448 1 
0 0 0 0 0 3488 0 1 0 0 0 0 
0 0 0 0 0 2960 2 0 0 0 1 0 
154 3 0 1099 0 0 9 0 0 0 20 0 
0 0 0 0 1962 0 0 0 0 0 0 0 
0 0 0 0 0 0 0 0 0 1292 0 0 
78 0 0 75 24 268 56 26 0 1518 265 0 
0 0 0 0 0 0 0 0 0 0 3253 0 
0 0 0 0 0 0 0 0 0 1812 0 0 
0 0 1 0 2 1479 20 235 0 0 0 0 
0 0 0 0 0 0 0 0 0 0 767 0 
0 0 0 0 0 0 0 0 0 1164 0 0 
0 0 0 0 0 0 0 0 0 1242 0 0 
0 0 0 0 2113 0 0 0 0 0 0 1 
0 0 0 0 2 2793 0 0 0 0 0 1 
0 0 0 0 0 0 0 0 0 0 764 0 
4 0 1 0 2022 1 0 0 5 0 0 8 
476 0 13 0 0 1 0 0 0 0 0 8 
0 0 0 0 1256 0 0 0 0 0 0 0 
84 0 0 0 0 1461 0 1 0 5 3 0 
335 28 0 317 53 34 0 0 0 25 0 0 
619 61 0 0 0 0 0 0 0 0 0 0 
0 907 85 0 0 0 0 0 0 2 0 0 
0 0 0 0 3 0 0 0 0 0 2165 0 
0 0 0 0 0 588 0 0 0 0 0 0 
0 1 69 424 785 0 0 0 0 0 0 0 
0 0 0 0 1280 0 0 0 0 0 0 0 
0 0 0 0 0 0 0 0 0 0 701 0 
0 0 0 0 3 1482 0 0 0 0 0 4 
0 0 0 0 0 0 0 468 2 0 0 0 
4 0 0 0 0 0 183 177 1122 0 13 0 
680 0 1 0 43 0 1 67 108 0 132 0 
0 5 1 0 2 1109 0 0 0 9 33 0 
0 0 0 0 0 0 0 0 0 0 1400 0 
2348 110 0 0 0 0 0 413 114 2 96 0 
0 0 0 0 0 0 0 0 1 0 627 0 
0 0 296 2 0 0 0 0 0 0 6 0 
0 0 0 0 0 0 438 0 23 0 0 0 
1 210 0 63 0 0 0 0 0 0 0 3412 
1 0 0 1 0 0 0 0 192 235 0 2 
0 0 0 0 0 1310 0 3 0 0 0 0 
0 0 0 0 1245 0 0 0 0 0 0 0 
3 0 7 409 0 0 205 39 4 10 0 3 
0 0 0 0 621 0 0 0 0 0 0 1 
1 0 0 0 0 1 0 0 0 935 0 0 
0 0 0 0 0 0 0 0 0 0 840 0 
1 1 0 0 0 1798 0 0 0 0 0 1 
32 0 0 22 75 0 14 0 0 0 924 0 
0 0 416 0 0 0 0 0 0 2 0 0 
0 0 0 0 2332 0 0 0 0 0 0 0 
0 0 0 0 0 0 0 0 0 456 0 0 
0 0 0 2 0 0 0 0 0 0 272 0 
0 0 0 0 2295 0 0 0 0 0 0 4 
0 0 7 0 0 0 0 0 0 0 1070 0 
0 0 0 0 758 0 0 0 0 0 0 0 
0 0 0 0 0 0 0 0 0 0 1577 0 
6 0 0 22 4 2546 0 5 12 0 0 0 
55 0 361 61 0 0 0 6 193 0 0 0 
0 0 0 0 1320 0 0 0 0 0 0 0 
0 0 0 0 0 978 0 0 0 0 0 0 
107 0 0 0 0 175 0 0 12 0 0 46 
496 2 0 0 7 0 0 0 0 1 1 0 
6 0 0 0 1836 0 0 0 0 1 0 0 
0 0 0 0 448 0 0 0 0 0 0 0 
0 0 0 0 973 0 0 0 0 0 0 0 
0 0 0 0 0 0 0 144 0 408 0 0 
11 0 430 0 0 2 69 0 0 0 372 68 
0 0 0 0 0 0 0 0 0 10 2009 0 
0 0 0 0 543 0 0 0 0 0 0 0 
0 0 7 0 2106 0 24 0 0 0 0 0 
202 0 87 233 1 0 0 0 88 0 178 0 
0 35 7 15 297 0 2 35 0 0 36 58 
0 0 0 0 0 1489 0 0 0 0 0 0 
0 0 0 0 0 0 629 0 0 0 0 0 
0 691 0 0 0 0 52 0 0 0 0 0 
0 0 92 979 34 2 0 0 2 0 0 0 
2 0 0 1 1294 16 0 4 0 0 0 0 
0 6 0 0 7 832 5 0 0 1 24 0 
0 0 0 0 0 0 0 0 0 0 879 0 
