5 0 0 0 307 1525 815 3 0 0 225 0 
0 0 0 0 90 1405 0 0 0 1 0 383 
0 0 0 0 0 0 0 0 0 3 4707 0 
0 187 0 76 253 0 0 0 0 0 0 0 
0 0 0 0 0 5307 547 104 0 12 0 0 
0 0 0 0 0 3855 0 0 0 0 6 0 
0 0 0 0 0 690 0 0 0 0 0 0 
0 0 3 0 1515 0 0 0 0 0 0 0 
0 0 2 0 1558 888 0 0 0 0 69 0 
88 0 3 542 0 677 0 0 75 0 0 0 
0 0 0 0 0 0 0 700 0 0 0 0 
0 0 0 0 0 0 0 0 0 0 0 1995 
0 0 0 0 0 0 0 0 0 0 978 0 
0 0 0 0 0 0 0 0 0 0 3561 0 
0 0 0 0 0 0 0 0 0 0 1361 0 
0 0 0 0 0 0 0 0 3 1 169 1357 
0 0 0 0 0 0 0 0 0 1469 0 0 
0 0 0 4 0 2 10 0 0 5 710 0 
0 0 0 0 0 0 0 0 0 0 6289 0 
0 0 0 0 0 5131 0 0 0 0 0 0 
0 0 0 0 0 847 0 0 5 0 0 0 
0 0 0 0 0 1717 0 0 0 0 0 0 
0 0 0 17 0 0 0 1 0 0 1720 0 
0 0 0 0 1401 0 0 0 0 0 0 0 
2 0 0 0 0 191 988 33 0 0 2 390 
0 0 0 0 2818 1216 1 0 0 0 0 0 
1 0 1544 1 27 0 0 0 2 0 83 0 
440 0 0 0 0 0 0 0 0 0 0 0 
0 1 0 0 0 1 0 0 0 0 1397 0 
0 0 0 0 0 0 0 0 0 0 322 0 
0 0 0 0 0 0 0 736 0 0 0 0 
0 0 0 0 0 0 0 0 0 0 5780 0 
0 0 0 0 0 0 0 0 0 0 4332 0 
1 0 0 0 21 16 342 0 942 294 0 0 
0 0 0 0 563 0 0 0 0 0 0 0 
0 0 0 0 0 0 286 0 0 0 0 0 
0 0 0 33 704 342 2 1 0 9 0 0 
0 0 1 0 0 0 0 0 0 0 2866 0 
0 0 0 227 0 0 0 16 0 720 0 0 
0 0 0 0 0 996 0 0 0 0 0 0 
2 128 0 0 2 0 1 0 0 0 0 2277 
0 1 0 0 0 0 0 0 433 0 0 0 
0 310 5 90 24 148 146 95 522 320 0 920 
0 1 0 0 0 0 0 0 0 0 621 2 
0 0 0 0 0 0 0 0 0 0 1240 0 
0 0 0 0 0 0 2 275 0 0 0 155 
1 759 5 0 0 23 3 205 310 0 0 817 
0 0 0 0 0 1 0 0 0 1707 0 0 
1 0 0 0 4 0 3 0 1 0 2781 0 
0 0 0 0 0 0 0 0 0 0 2851 0 
0 0 0 0 0 1534 0 0 0 0 0 0 
0 0 0 0 0 0 0 0 0 0 2323 0 
0 0 0 0 0 0 0 0 0 529 0 0 
0 0 0 0 0 0 0 0 0 0 0 360 
0 0 0 0 0 998 0 0 0 0 0 0 
4 32 120 0 0 87 0 0 0 0 5 163 
0 0 0 0 0 0 0 0 0 0 940 36 
0 0 0 0 0 549 0 0 0 0 0 0 
0 0 0 0 0 1888 1 2 0 0 0 0 
0 0 0 0 0 0 0 0 0 756 0 0 
0 0 0 0 0 0 0 0 0 2053 0 0 
28 0 0 0 0 2538 0 23 0 0 0 0 
0 0 0 0 0 0 0 0 0 0 3529 0 
0 0 0 0 0 0 0 0 0 0 2973 0 
0 13 0 0 0 0 0 0 0 0 2374 0 
0 0 0 0 0 0 0 0 0 0 1964 0 
1 0 11 53 0 3 946 3 1 136 0 136 
0 0 0 0 0 2287 0 0 0 0 0 0 
0 0 0 0 0 3083 0 0 0 0 0 0 
0 0 0 1 0 1783 0 0 0 0 0 0 
10 0 0 0 3 1549 0 121 2 32 23 0 
0 0 0 0 0 0 216 0 8 40 0 503 
0 0 0 0 0 1032 0 0 0 0 0 0 
1 0 0 0 0 1251 0 0 0 0 0 0 
0 0 0 0 6 0 0 0 0 0 2119 0 
0 0 0 0 0 0 0 0 0 0 3112 0 
0 0 0 0 0 0 0 0 0 0 768 3 
0 0 0 0 0 0 0 0 0 0 2053 0 
31 0 0 0 0 0 0 0 0 0 0 467 
0 0 0 1252 4 0 0 0 0 0 0 0 
0 0 0 0 0 0 0 0 0 0 0 1554 
0 0 0 0 0 793 0 0 0 0 0 0 
638 24 0 0 0 0 0 0 0 0 1 16 
0 21 0 0 290 0 0 0 5 8 0 0 
98 904 0 0 0 0 0 0 0 0 0 0 
0 0 0 0 0 2288 0 0 0 0 0 0 
0 0 0 0 0 0 614 0 5 0 0 0 
0 0 1231 0 62 0 0 0 0 0 0 0 
0 0 0 0 0 0 0 0 0 0 1280 0 
0 0 0 0 0 701 0 0 0 0 0 0 
0 0 0 0 0 0 0 0 0 0 1393 0 
0 0 0 0 0 1 0 0 0 469 0 0 
1 0 0 0 0 237 1149 100 13 5 0 0 
0 0 0 0 0 0 0 0 0 0 986 0 
0 0 0 0 0 0 0 0 0 0 1089 2 
0 13 2 0 48 0 31 0 2 0 1326 0 
0 63 0 11 0 0 44 643 2177 0 149 0 
0 0 0 0 0 628 0 0 0 0 0 0 
0 0 0 0 304 0 0 0 0 0 0 0 
0 0 1 0 0 0 18 0 135 307 0 0 
0 62 668 609 2346 0 0 0 0 1 0 2 
0 6 0 0 0 0 0 0 416 9 0 0 
0 0 0 0 0 0 0 0 0 0 1263 4 
1 0 0 1003 217 16 0 0 0 0 0 4 
141 0 0 0 267 0 76 0 0 5 1 176 
0 0 0 0 0 0 0 0 0 0 632 0 
16 0 0 0 0 0 0 0 14 917 0 0 
0 0 1 0 1 0 0 0 0 839 0 0 
0 0 0 0 0 4 0 0 0 0 1796 0 
0 3 930 0 0 0 0 0 0 0 140 0 
0 0 108 73 225 0 11 0 0 0 0 0 
0 0 0 0 0 0 0 0 0 0 2319 0 
0 0 0 0 0 439 0 0 0 0 0 0 
0 273 0 0 0 0 0 0 0 0 0 1 
0 0 0 0 0 0 0 0 0 0 1 2257 
0 0 0 0 0 809 0 0 0 0 0 0 
0 0 0 21 396 295 8 0 12 23 10 1 
1 0 0 1 0 1406 0 0 0 0 0 2 
0 0 0 0 0 0 0 0 0 0 2699 0 
0 0 0 0 0 0 0 0 0 0 675 0 
0 0 0 0 0 0 0 0 0 0 1335 0 
0 415 59 0 245 0 214 0 0 0 0 45 
0 0 0 0 0 0 1 333 0 0 0 6 
0 0 0 0 0 506 0 0 0 0 0 1 
0 0 0 0 0 0 0 0 0 1 1664 0 
0 0 0 0 0 0 0 0 0 0 544 0 
0 0 0 0 0 0 0 0 0 0 1022 0 
1 0 0 0 0 406 0 141 2 0 2 0 
1 4 0 0 0 901 0 0 0 4 0 29 
0 0 0 0 0 2044 0 0 0 0 0 0 
1 0 0 0 0 0 0 0 0 0 447 0 
0 0 0 0 0 0 0 0 0 0 2777 0 
0 0 0 0 0 0 0 0 0 0 0 787 
1 0 0 9 0 0 5 0 470 0 0 0 
0 0 0 0 596 877 0 0 3 0 13 0 
2 0 0 0 0 0 626 0 0 0 0 0 
