14 0 0 408 44 65 0 0 0 1 2309 0 
0 911 0 673 0 0 286 0 0 0 0 6 
0 0 0 0 306 4598 0 0 0 0 1 0 
0 0 0 481 0 0 0 0 0 0 0 0 
0 0 0 0 0 85 796 0 0 4759 420 4 
0 0 0 0 0 52 0 0 0 3756 57 0 
0 0 0 0 0 0 0 0 0 0 697 0 
0 0 0 0 0 0 0 0 0 0 0 1515 
1 0 2 336 0 252 0 5 0 0 1927 2 
0 0 0 0 0 0 0 0 0 0 1723 0 
0 0 0 0 0 0 0 0 0 733 0 0 
0 0 1991 0 0 3 0 0 1 0 0 0 
0 0 0 0 0 967 0 0 0 0 0 0 
1 0 0 0 3529 0 0 0 0 0 0 0 
0 0 0 0 0 1402 0 0 0 0 0 0 
0 0 0 0 1477 0 0 4 0 0 0 0 
0 0 0 0 0 1437 0 0 0 0 0 0 
0 0 0 0 0 0 0 0 0 0 574 1 
57 13 0 0 4244 1863 0 12 24 4 0 45 
0 0 0 0 0 0 2 0 0 0 5081 0 
0 9 0 0 0 0 1 0 0 858 0 0 
0 0 0 0 0 0 0 0 0 0 1736 0 
0 0 0 0 1739 0 0 0 0 0 0 0 
0 0 0 0 0 0 0 0 0 0 1290 0 
0 0 0 0 0 0 0 0 0 0 1606 0 
0 132 56 582 0 0 449 0 9 0 2899 3 
0 0 0 0 0 0 3 0 368 20 1266 0 
0 0 0 0 0 0 440 0 0 0 0 0 
0 0 0 0 0 0 2030 0 1 14 0 0 
0 0 0 0 0 0 0 0 322 0 0 0 
26 0 0 0 2 0 0 706 0 0 2 0 
0 0 0 0 7 5363 5 0 2 0 0 0 
7 0 0 0 41 4279 2 0 1 0 0 0 
0 0 0 0 0 0 0 0 0 1616 0 0 
0 0 0 0 0 0 0 0 0 0 563 0 
0 11 0 0 0 0 0 0 233 0 42 0 
0 0 0 0 0 1086 0 0 0 0 0 0 
0 0 0 0 0 2826 0 0 0 0 0 0 
0 0 0 11 0 0 0 952 0 0 0 0 
0 0 0 0 2 0 0 0 0 0 995 0 
0 119 0 20 2271 0 0 0 0 1 0 20 
0 0 0 2 0 0 0 0 407 0 0 1 
0 0 0 0 0 0 0 0 0 0 2578 0 
0 0 0 0 0 0 0 0 0 0 639 0 
0 0 0 0 0 697 0 0 0 0 0 0 
0 432 0 0 0 0 0 0 0 0 0 0 
0 0 0 0 3 0 0 0 0 0 2121 0 
0 0 0 0 0 1706 2 0 0 0 0 0 
0 0 0 0 2886 132 0 0 0 0 0 1 
0 0 0 0 2825 30 0 0 0 0 0 0 
0 0 0 0 0 0 0 0 0 1568 0 0 
0 10 1 0 352 2040 0 0 0 0 0 1 
11 0 0 0 0 550 0 0 0 0 0 0 
0 0 0 361 0 0 0 0 0 0 0 0 
0 0 0 0 0 0 0 0 0 997 1 0 
0 0 0 0 411 0 0 0 0 0 0 0 
0 0 0 3 917 7 0 47 128 0 7 3 
0 0 0 0 0 0 0 0 0 0 549 0 
0 0 0 0 1 0 0 0 0 0 1869 0 
1 0 0 0 0 767 0 3 0 0 0 0 
1 32 0 17 9 1075 0 886 0 27 0 0 
0 0 2 1 0 0 0 0 0 0 2541 0 
1 0 0 9 5 3674 0 3 0 0 0 0 
0 0 0 0 0 2952 0 0 0 2 0 0 
0 0 156 2195 35 0 1 0 0 3 0 0 
0 0 0 0 1918 0 0 0 0 0 0 0 
0 0 0 0 0 0 0 0 0 1270 0 0 
5 0 0 491 36 0 1 1286 1 0 448 46 
0 1 0 2 0 0 0 0 0 0 3156 0 
0 0 0 0 0 0 0 0 0 1731 0 0 
0 0 0 0 0 1462 17 263 0 0 0 0 
0 0 0 0 0 1 0 0 0 0 766 0 
0 0 0 0 0 0 0 0 0 1032 0 0 
0 0 0 0 0 0 0 0 0 1235 0 0 
0 0 0 0 2141 0 0 0 0 0 0 0 
0 0 0 5 0 3162 0 0 0 0 0 1 
0 0 0 0 0 0 0 0 0 0 779 0 
0 0 0 0 2045 61 1 0 0 0 5 0 
478 0 12 0 0 0 0 0 0 0 0 8 
0 0 0 0 1256 0 0 0 0 0 0 0 
11 0 4 179 100 1087 17 0 71 24 0 65 
0 174 0 0 0 317 252 0 0 51 0 0 
585 83 0 0 0 0 12 0 0 0 0 0 
0 0 0 324 0 0 0 0 0 0 0 0 
0 902 99 0 0 0 0 0 0 0 0 0 
0 0 0 0 0 0 0 0 0 0 1860 0 
0 0 0 0 0 617 0 0 0 0 0 0 
0 0 146 680 507 0 0 0 4 0 2 0 
0 0 0 0 1280 0 0 0 0 0 0 0 
0 0 0 1 0 0 0 0 0 0 700 0 
1 0 0 0 7 1435 0 0 0 0 0 0 
0 0 3 0 0 2 0 464 0 0 0 1 
0 0 0 0 0 0 191 159 1150 0 0 0 
0 0 0 0 0 0 0 236 0 683 67 0 
0 0 0 0 0 1242 0 0 0 0 0 0 
0 0 0 0 0 0 0 0 0 0 1609 0 
2503 47 4 0 2 24 0 350 29 0 162 0 
0 0 0 0 0 4 0 0 1 0 623 0 
0 0 0 98 32 0 124 0 0 0 0 50 
1 1 0 0 0 0 411 2 45 0 1 0 
0 292 0 46 0 0 0 0 0 0 0 3353 
14 0 0 0 0 1 2 0 364 0 0 0 
0 0 0 17 25 1135 1 0 17 0 0 70 
0 0 0 0 1231 0 0 0 0 0 0 0 
458 0 183 0 0 0 0 0 0 25 0 0 
0 0 0 0 640 0 0 0 0 0 0 0 
0 0 0 0 0 0 0 0 0 946 0 0 
0 0 0 0 0 0 0 0 0 0 832 0 
0 0 0 0 2 1819 0 0 0 0 1 0 
27 1 11 0 0 0 0 0 0 0 1031 0 
0 0 407 0 0 0 0 0 0 0 0 1 
0 0 0 0 2336 0 0 0 0 0 0 0 
0 0 0 0 0 0 0 0 0 480 0 0 
1 0 0 1 0 0 0 0 0 0 272 0 
0 0 1 0 2256 0 0 0 0 0 0 0 
0 0 0 0 0 321 140 115 222 0 10 1 
0 0 0 0 766 0 0 0 0 0 0 0 
0 0 0 0 0 0 0 0 0 0 1410 0 
0 101 3 0 703 1907 14 103 55 0 0 0 
0 103 162 0 405 0 4 0 0 0 0 0 
0 0 0 0 1333 0 0 0 0 0 0 0 
0 0 0 0 0 978 0 0 0 0 0 0 
42 0 1 0 0 0 186 110 0 1 0 0 
0 0 5 0 418 0 0 0 5 11 68 0 
0 2 0 0 1633 0 0 0 0 0 0 0 
0 0 0 0 448 0 0 0 0 0 0 0 
0 0 0 0 863 0 0 0 0 0 0 0 
0 0 0 0 0 1 0 121 3 415 0 16 
1 743 0 170 0 0 0 0 21 0 0 0 
0 0 0 0 0 0 0 0 0 26 2007 0 
0 0 0 0 440 0 0 0 0 0 0 0 
0 0 0 0 2777 1 13 0 0 4 0 0 
0 0 766 1 0 1 0 0 18 0 1 0 
5 1 4 0 0 463 0 10 0 0 1 2 
0 0 0 0 0 1489 0 0 1 0 0 0 
