0 0 3 0 118 1718 830 9 24 0 148 0 
0 0 0 0 67 1417 0 2 0 0 0 396 
0 0 0 0 0 0 0 0 0 0 4860 0 
0 207 1 75 232 0 0 0 0 1 0 1 
0 0 0 0 0 5516 526 17 0 18 0 0 
0 0 0 0 0 3847 0 0 0 0 7 0 
0 0 0 0 0 682 0 0 0 0 0 0 
0 0 0 0 1515 0 0 0 0 0 0 0 
0 0 0 0 1665 816 0 0 0 0 35 0 
0 0 23 261 42 1203 5 0 59 1 0 0 
0 0 0 0 0 0 0 730 0 0 0 0 
0 0 1 0 0 0 0 0 0 0 0 1994 
0 0 0 0 0 0 0 0 0 0 956 0 
2 0 1 0 0 0 0 0 0 0 3540 0 
0 0 0 0 0 0 0 0 0 0 1361 0 
0 0 0 0 0 0 5 2 0 0 73 1450 
0 0 0 0 0 0 0 0 0 1437 0 0 
0 3 0 21 1 28 0 0 0 0 678 0 
0 0 0 0 1 0 0 0 1 1 6323 0 
0 0 0 0 3 4996 0 0 6 0 2 0 
0 0 0 0 0 881 0 0 1 2 0 0 
0 0 0 0 0 1828 0 0 0 1 5 0 
0 1 0 3 1 0 0 0 0 0 1727 0 
0 0 0 0 1507 0 0 0 0 0 0 0 
8 1 0 0 0 22 467 58 1 340 3 706 
0 0 0 0 2604 1323 0 0 0 0 0 0 
0 0 1527 0 0 0 0 0 0 0 130 0 
440 0 0 0 0 0 0 0 0 0 0 0 
0 0 0 0 0 0 813 0 0 0 288 0 
0 0 0 0 0 0 0 0 0 0 322 0 
0 0 0 0 0 0 0 736 0 0 0 0 
0 0 0 0 0 0 0 0 0 0 5763 0 
0 0 1 0 0 0 0 0 12 0 4394 0 
0 0 0 0 153 0 283 0 746 410 19 5 
0 0 0 0 563 0 0 0 0 0 0 0 
0 0 0 0 0 0 286 0 0 0 0 0 
7 0 1 0 401 618 20 0 37 1 0 0 
0 0 0 0 0 0 0 0 0 0 2869 1 
0 0 0 222 0 1 0 14 1 725 0 0 
0 0 0 0 0 997 0 0 0 0 0 0 
0 106 2 0 0 0 0 1 0 0 0 2282 
0 0 0 0 0 0 0 0 401 0 0 0 
0 363 0 0 6 412 174 171 258 21 36 1133 
0 0 0 1 0 0 0 0 0 0 637 0 
0 0 0 0 0 0 0 0 0 0 697 0 
0 0 0 0 0 1 0 280 0 0 0 151 
0 756 0 0 25 108 6 408 681 28 0 117 
0 0 0 0 1 0 0 0 0 1707 0 0 
0 0 7 0 45 0 0 0 12 0 2693 1 
0 0 0 0 0 0 0 0 0 0 2811 0 
0 0 0 0 0 1571 0 0 0 0 0 0 
0 0 0 0 0 0 0 0 0 0 2361 0 
0 0 0 1 1 0 0 0 0 559 0 0 
0 0 0 0 0 0 0 0 0 0 0 362 
0 0 0 0 0 998 0 0 0 0 0 0 
0 0 245 18 0 106 0 0 0 0 0 42 
0 0 0 0 0 0 0 0 0 0 1069 13 
0 0 0 0 0 549 0 0 0 0 0 0 
0 0 0 0 2 1882 0 0 0 0 0 0 
0 0 0 0 0 0 0 0 1 708 0 0 
0 0 0 0 0 0 0 0 0 2046 0 0 
6 22 0 0 1 2274 0 73 0 0 0 0 
0 1 0 0 0 0 0 0 0 0 3708 0 
0 0 0 0 0 0 0 0 0 0 2828 0 
1 15 0 0 1 5 0 2 0 0 2364 0 
0 0 0 0 0 0 0 0 0 0 1962 0 
20 0 0 0 92 0 830 0 0 69 0 245 
0 0 0 0 0 2314 0 0 0 0 0 0 
0 0 0 0 0 3063 0 0 0 0 0 0 
0 0 0 1 0 1715 0 0 0 0 0 0 
0 0 0 1 0 1244 0 170 0 390 0 0 
29 0 17 13 0 3 0 0 0 25 28 652 
0 0 0 0 0 1032 0 0 0 0 0 0 
0 0 0 0 0 1186 0 0 0 0 0 0 
0 0 0 0 1 0 1 0 0 0 2188 0 
0 0 0 0 0 0 1 0 0 0 3115 0 
0 3 0 0 0 0 0 0 5 0 741 23 
0 0 0 0 0 0 0 0 0 0 2041 0 
27 0 0 0 0 0 0 0 0 0 0 471 
16 0 8 1186 0 46 0 0 0 0 0 0 
0 0 0 0 0 0 0 0 0 0 0 1553 
0 0 0 0 0 793 1 0 0 0 0 0 
635 23 0 0 0 0 0 0 0 0 0 22 
0 0 2 0 285 25 0 4 5 2 0 0 
99 895 0 0 0 0 0 0 0 0 0 0 
0 0 1 0 0 2264 0 0 0 0 0 0 
1 0 3 18 2 0 594 0 0 0 0 0 
0 0 1255 0 36 0 0 3 0 0 0 0 
0 0 0 0 0 0 0 0 0 0 1280 0 
0 0 0 0 0 701 0 0 0 0 0 0 
0 0 0 0 0 0 0 0 0 0 1394 0 
0 0 0 0 0 6 0 0 0 464 0 0 
0 0 0 0 0 260 1125 103 13 1 0 0 
0 0 0 0 0 0 0 0 0 0 986 0 
0 0 0 0 0 0 0 0 0 0 1176 0 
0 0 0 0 0 0 87 0 0 0 1363 3 
0 18 0 0 0 0 14 700 2291 9 66 0 
1 0 0 0 0 626 2 0 0 0 0 0 
0 0 0 0 304 0 0 0 0 0 0 0 
0 0 1 0 0 0 9 0 135 316 0 0 
0 100 580 627 2377 0 0 5 2 0 0 0 
0 0 0 1 218 0 0 0 168 0 0 3 
2 0 0 0 0 0 0 0 0 0 1260 11 
0 0 0 1073 167 0 0 0 0 1 0 0 
339 45 30 0 223 0 0 29 0 0 0 0 
0 0 0 0 0 0 0 1 0 0 644 0 
0 1 34 0 0 36 0 2 0 873 0 0 
0 0 0 0 0 3 1 0 0 827 1 0 
0 0 0 0 0 4 0 0 0 0 1769 0 
0 0 967 0 0 0 0 0 0 0 104 0 
0 0 122 71 223 0 0 0 0 0 1 0 
0 0 0 0 0 0 0 0 0 0 2333 0 
0 1 0 0 0 430 0 2 62 0 0 0 
1 273 0 0 0 0 0 0 0 0 0 0 
0 0 0 0 0 0 0 0 0 0 0 2268 
0 0 0 0 0 809 0 0 0 0 0 0 
0 54 0 0 338 374 0 0 0 0 0 0 
0 0 0 0 0 1407 2 0 0 1 0 0 
0 0 0 0 0 0 0 0 0 0 2953 0 
0 0 1 0 0 0 0 1 0 0 673 0 
0 0 0 0 0 0 0 0 0 0 1332 0 
0 319 1 0 512 1 83 0 6 0 56 0 
0 1 49 94 0 0 0 191 0 0 0 5 
0 0 0 0 3 504 0 0 0 0 0 0 
0 0 0 0 1 0 0 0 1 0 1625 0 
0 0 0 0 0 0 0 0 0 0 433 0 
0 0 0 0 0 0 0 0 0 0 1038 0 
0 0 0 0 0 406 0 148 1 0 0 0 
6 0 0 0 1 932 0 0 0 0 0 0 
0 0 0 0 0 2009 0 0 0 0 0 0 
0 0 0 0 0 0 0 0 0 0 446 0 
0 0 0 0 0 0 1 0 0 0 2769 0 
0 0 0 0 0 0 1 0 0 0 0 787 
0 0 0 4 0 9 0 2 452 0 0 18 
15 0 0 6 648 816 1 2 0 0 0 0 
0 11 2 0 0 0 748 0 1 0 197 1 
