0 0 0 0 101 1370 790 0 0 2 588 0 
0 0 0 3 103 2105 0 0 0 0 0 619 
0 0 0 1 0 0 0 0 0 0 5061 0 
0 222 0 12 247 0 0 0 0 0 0 0 
0 0 0 3 0 5323 537 81 2 35 0 0 
0 0 0 0 0 3900 1 0 0 0 9 0 
0 0 0 0 0 749 0 0 0 0 0 0 
0 0 0 0 1514 0 0 0 0 1 0 0 
0 0 0 0 1542 870 0 0 0 0 86 0 
0 0 0 0 0 1260 0 1485 0 304 0 0 
0 0 0 0 0 0 0 706 0 0 0 0 
0 0 0 0 0 0 0 0 0 0 0 2783 
0 0 0 0 0 0 0 0 0 0 923 0 
0 0 0 0 0 0 0 0 0 0 3836 0 
0 0 0 0 0 0 0 0 0 0 1397 0 
0 2 0 0 0 0 0 0 0 1 1078 881 
0 0 0 0 0 0 0 0 0 1437 0 0 
0 0 0 0 0 0 0 0 2 0 572 0 
0 0 0 0 0 0 0 0 0 0 6491 0 
0 0 0 7 14 5799 0 0 0 0 1 1 
0 0 0 0 0 870 0 0 0 0 1 0 
0 0 0 0 0 1287 0 0 0 0 4 0 
0 0 0 1 0 18 0 0 210 305 56 413 
0 0 0 0 1290 0 0 0 0 0 0 0 
0 9 0 16 666 0 0 73 125 0 0 717 
0 4 1 0 3089 1074 1 1 0 0 0 0 
0 0 1539 0 1 0 0 0 0 0 120 0 
440 0 0 0 0 0 0 0 0 0 0 0 
7 2 0 2 0 0 1529 0 0 0 496 10 
0 0 0 0 0 0 0 0 0 0 322 0 
0 0 0 0 0 0 0 736 0 0 0 0 
0 0 0 0 0 0 0 0 0 0 5577 0 
0 0 0 0 0 9 0 0 2 0 4650 0 
1 463 43 85 598 0 24 0 24 175 0 203 
0 0 0 0 563 0 0 0 0 0 0 0 
0 0 0 0 0 0 286 0 0 0 0 0 
28 0 0 0 1085 1175 0 1 2 0 0 0 
0 0 0 0 0 0 0 0 0 0 2709 0 
0 0 0 253 0 0 0 24 0 765 0 0 
0 0 0 0 0 1001 0 0 0 0 0 0 
0 129 0 0 0 0 4 2 0 0 0 2360 
0 0 0 0 0 0 0 0 409 0 0 0 
16 124 93 0 0 739 0 255 879 27 27 110 
0 0 0 0 0 0 0 0 0 0 637 0 
0 0 0 0 0 0 0 0 0 0 738 0 
0 0 0 1 0 0 0 296 0 0 0 119 
248 51 0 0 4 520 139 318 74 24 34 738 
0 2 0 2 1 0 0 0 0 1714 0 0 
0 0 0 0 14 11 0 0 8 21 2855 0 
0 0 0 0 0 0 0 0 0 0 2901 0 
0 0 0 0 0 1418 0 0 0 0 0 0 
0 0 0 0 0 0 0 0 0 0 2342 0 
1 0 0 0 0 0 0 0 0 560 0 0 
0 0 0 0 0 0 0 0 0 0 0 361 
0 0 0 0 0 998 0 0 0 0 0 0 
1 0 240 9 0 170 0 22 0 0 48 0 
0 0 0 0 1 25 0 0 0 0 775 6 
0 0 0 0 0 549 0 0 0 0 0 0 
0 0 0 0 0 2120 0 1 1 0 0 0 
0 0 0 0 0 0 0 0 1 761 1 0 
0 0 0 0 0 0 0 0 0 2049 0 0 
0 0 0 86 254 1368 0 97 0 0 0 21 
0 0 0 0 0 0 0 0 0 0 3191 0 
0 0 0 0 0 0 0 0 0 0 2811 0 
0 9 0 1 0 0 0 0 0 0 2409 0 
0 0 0 0 0 0 0 0 0 0 1918 0 
6 0 12 151 0 0 329 0 0 410 40 319 
3 0 0 0 0 2480 0 0 0 0 0 0 
0 0 84 0 0 200 0 0 0 1 0 53 
0 0 0 0 0 3302 0 0 0 0 0 1 
0 0 0 0 4 1875 0 0 0 0 0 1 
0 0 0 0 0 1567 0 46 117 433 0 0 
17 0 0 7 115 592 36 0 0 0 0 0 
0 0 0 0 0 1063 0 0 0 0 0 0 
0 0 0 0 0 1259 0 0 0 0 0 0 
0 0 0 0 0 0 0 0 0 0 659 0 
0 86 130 60 50 40 0 49 42 1 2236 16 
0 0 0 0 0 0 0 0 0 0 3053 0 
0 3 14 74 7 13 0 0 0 14 644 0 
0 0 2 0 0 0 0 0 2 0 1970 0 
26 0 0 0 0 0 0 0 0 0 0 489 
0 0 0 783 338 105 0 1 31 0 0 0 
0 0 0 0 0 0 0 0 0 0 0 1653 
0 0 0 0 0 797 0 0 0 0 0 0 
0 0 0 1 0 0 0 0 0 0 1328 0 
630 2 0 1 1 0 0 0 0 1 0 20 
0 0 0 0 320 0 0 4 0 0 1 0 
97 905 0 0 0 0 0 0 0 0 0 0 
0 0 0 0 0 1674 0 0 0 0 0 0 
0 0 0 0 0 0 615 0 0 0 0 1 
0 0 0 0 0 0 0 0 0 0 660 0 
0 1 1099 210 66 0 2 0 0 0 1 0 
0 0 7 78 0 0 232 6 2 181 222 79 
0 0 0 0 0 2176 0 0 0 0 0 0 
0 0 0 0 0 0 0 0 0 0 1384 1 
0 16 1 0 0 0 0 0 0 843 0 0 
0 0 0 0 0 213 1177 83 8 0 0 1 
0 0 0 0 0 0 0 0 0 0 986 0 
0 0 0 0 0 0 0 0 0 0 1019 0 
7 0 0 0 464 5 24 0 1 746 350 12 
0 52 0 0 0 1 96 646 2229 0 16 0 
1 0 0 0 0 627 0 0 0 0 0 0 
0 0 0 0 271 0 0 0 0 0 0 0 
0 0 0 0 0 0 16 0 138 307 0 0 
1 71 542 610 2479 0 0 0 0 0 0 0 
1 11 354 0 0 14 1 0 0 0 0 0 
0 0 0 0 0 0 0 0 0 0 1483 4 
0 1 0 709 358 13 54 0 0 0 0 8 
0 0 0 0 0 0 0 0 0 0 2289 0 
83 27 0 0 293 86 0 123 13 0 41 0 
0 1 0 0 0 0 0 0 0 0 587 0 
18 0 50 0 0 312 15 0 0 0 142 3 
0 0 0 0 150 48 0 37 107 483 6 0 
0 0 0 0 0 4 0 0 0 5 1863 0 
0 0 993 0 3 0 0 0 0 0 71 0 
0 0 0 0 376 0 0 0 0 0 0 0 
0 0 0 0 0 0 0 0 0 0 2371 0 
0 0 0 0 0 435 0 0 59 0 0 0 
0 272 0 0 2 0 0 0 0 0 0 0 
0 0 0 0 0 0 0 0 0 0 4 2115 
0 0 0 0 0 1049 0 0 0 0 0 0 
0 0 0 0 0 809 0 0 0 0 0 0 
0 0 0 445 203 135 28 4 0 0 0 0 
0 0 93 43 0 255 0 45 7 0 57 137 
0 0 0 0 0 0 0 0 0 0 2926 0 
0 0 0 0 0 0 0 0 0 0 642 0 
0 0 0 0 0 0 0 0 0 0 694 0 
0 60 223 2 567 0 0 0 0 9 18 99 
334 0 0 4 0 0 1 0 0 0 0 1 
0 0 0 0 0 53 0 0 0 0 444 0 
0 0 0 0 0 0 0 2 0 0 2033 0 
