0 0 1 376 106 36 0 0 0 0 2334 1 
0 876 0 761 5 0 234 0 0 0 0 0 
0 0 0 0 68 4592 1 3 0 3 7 0 
0 0 2 479 0 0 0 0 0 0 0 0 
0 0 0 0 32 146 562 0 0 5138 146 0 
0 0 0 1 0 23 1 0 0 3819 33 0 
0 0 0 0 0 0 0 0 0 0 744 0 
0 0 0 0 0 0 0 0 0 0 0 1515 
0 2 3 270 0 102 1 0 2 0 2105 0 
0 0 0 0 0 0 0 0 0 0 1755 0 
0 0 0 0 0 1 0 0 0 728 0 0 
0 1 1991 2 0 0 0 1 0 0 0 0 
0 0 0 0 0 958 0 0 0 0 0 0 
0 0 0 0 3733 0 0 0 0 0 0 0 
0 0 0 0 0 1404 0 0 0 0 0 0 
1 0 0 0 1577 0 0 0 0 0 0 0 
0 0 0 0 0 1437 0 0 0 0 0 0 
0 0 0 0 0 0 0 0 0 0 575 0 
3 0 0 0 4626 1525 0 1 1 0 0 0 
1 0 0 13 1 0 0 1 0 0 5195 0 
0 0 0 0 0 0 0 0 0 868 0 0 
0 0 0 0 0 0 0 0 0 0 1648 0 
0 0 0 0 1732 0 0 0 0 0 0 0 
0 0 0 0 0 0 0 0 0 0 1290 0 
0 0 0 0 0 0 0 0 0 0 1606 0 
3 450 178 1223 0 0 293 0 7 15 1974 0 
0 0 0 0 0 0 0 0 332 39 1285 1 
0 0 0 0 0 0 440 0 0 0 0 0 
0 0 0 0 0 0 2024 0 0 31 0 0 
0 0 0 0 0 0 0 0 322 0 0 0 
2 0 0 5 0 0 0 729 0 0 0 0 
0 0 0 0 12 5378 0 0 0 0 0 1 
0 0 0 1 36 4384 0 3 2 0 0 6 
0 0 0 0 0 0 0 0 0 1616 0 0 
0 0 0 0 0 0 0 0 0 0 563 0 
0 0 0 0 0 1 0 0 284 1 0 0 
0 0 0 0 0 2267 0 0 0 0 0 0 
1 0 0 0 0 2837 0 0 0 0 0 0 
0 0 0 6 0 0 0 957 0 0 0 0 
0 0 0 0 0 2 0 0 0 0 999 0 
0 177 0 12 2147 0 0 0 0 1 0 47 
0 1 0 2 0 0 0 0 402 0 5 0 
0 0 0 0 0 0 0 0 0 0 2532 0 
0 0 0 0 0 1 0 0 3 0 633 0 
0 0 0 0 0 697 0 0 0 0 0 0 
0 430 0 0 0 0 0 0 0 0 0 0 
0 0 0 0 0 0 0 0 0 0 2168 0 
0 0 0 0 0 1709 0 0 0 0 0 1 
0 5 0 0 2590 152 35 1 16 5 3 1 
0 0 4 0 2936 10 0 0 0 0 0 0 
0 0 0 0 0 0 0 0 0 1529 0 0 
0 0 0 0 345 2026 33 0 0 0 0 0 
2 14 0 0 0 545 0 0 0 0 0 0 
0 0 0 362 0 0 0 0 0 0 0 0 
0 0 0 0 2 0 0 0 0 996 0 0 
0 0 0 0 411 0 0 0 0 0 0 0 
0 16 0 0 954 0 0 0 51 0 0 1 
0 0 0 0 0 0 0 0 0 0 549 0 
0 0 0 0 0 0 0 0 0 0 1891 0 
0 0 0 0 4 753 0 4 0 0 0 3 
0 0 2 0 0 900 0 1151 0 0 0 0 
0 0 0 0 0 0 0 0 0 0 2428 0 
1 0 0 0 0 3790 0 0 0 0 0 0 
0 0 0 0 0 2810 1 0 0 0 0 0 
0 0 59 2268 82 0 0 0 0 0 11 0 
0 0 0 0 1918 0 0 0 0 0 0 0 
0 0 0 0 0 0 0 0 0 1255 0 0 
0 70 14 666 183 0 0 701 39 6 626 36 
0 0 0 0 0 377 0 0 0 0 0 0 
0 0 0 0 0 0 0 1 0 0 2969 0 
0 0 0 0 0 0 0 0 0 1772 0 0 
0 0 0 0 2 1786 35 358 0 0 0 0 
0 0 0 0 0 0 0 0 0 0 767 0 
0 0 0 0 0 0 0 0 0 1032 0 0 
0 0 0 0 0 0 0 0 0 1251 0 0 
0 0 0 0 2241 0 0 0 0 0 0 0 
0 0 0 0 0 3260 0 0 0 1 0 0 
0 0 0 0 0 0 0 0 0 0 777 0 
0 0 0 0 1990 67 0 3 2 0 0 0 
472 0 16 0 0 0 0 0 2 0 0 8 
0 0 0 0 1257 0 0 0 0 0 0 0 
2 0 0 253 108 841 195 8 0 51 0 99 
0 49 17 0 0 502 160 1 0 62 0 6 
560 70 0 0 0 0 28 0 0 0 17 5 
0 0 0 324 0 0 0 0 0 0 0 0 
0 904 94 0 0 0 0 1 0 2 0 0 
0 0 0 0 0 0 0 0 0 0 1996 0 
0 0 0 0 0 616 0 0 0 0 0 0 
0 0 222 589 526 0 0 0 0 0 2 0 
0 0 0 0 1280 0 0 0 0 0 0 0 
0 1 0 0 0 0 0 0 0 0 700 0 
0 0 0 0 0 1501 1 0 0 0 0 0 
0 6 0 0 0 2 0 461 0 1 0 0 
0 0 0 1 0 0 273 207 1024 1 0 0 
0 0 1 0 0 0 0 340 5 638 0 2 
31 1 0 0 0 1096 0 24 1 0 16 0 
0 0 0 0 0 0 0 0 0 0 1611 0 
2416 54 0 4 0 41 17 284 78 0 193 0 
0 0 1 0 0 0 0 0 5 0 621 1 
6 0 0 64 14 0 220 0 0 0 0 0 
0 0 0 0 1 0 435 0 19 3 3 0 
0 264 0 51 0 0 0 0 0 0 0 3376 
0 0 0 0 0 0 1 36 344 0 0 0 
6 0 0 14 0 1222 10 0 3 14 1 40 
0 0 0 0 1235 0 0 0 0 0 0 0 
231 0 281 0 31 0 0 49 0 67 0 7 
0 0 0 0 740 8 0 0 0 0 0 2 
0 0 0 0 0 0 0 0 0 948 0 0 
0 0 0 0 0 0 0 0 0 0 832 0 
6 0 0 0 0 1816 0 0 0 0 0 0 
0 5 0 23 5 0 0 1 0 45 980 11 
0 5 403 0 0 0 0 0 0 0 0 0 
0 0 0 0 2278 0 0 1 0 0 1 0 
0 0 0 0 0 0 0 0 0 496 0 0 
0 0 0 0 0 0 0 0 0 0 274 0 
0 0 0 0 2253 0 0 0 1 0 0 0 
0 0 0 0 0 237 0 67 493 12 0 0 
0 0 0 0 766 0 0 0 0 0 0 0 
0 0 0 0 0 0 0 0 0 0 1410 0 
0 47 0 1 496 2070 0 160 145 0 19 0 
0 2 54 0 618 0 0 0 0 0 0 0 
0 1 0 0 1342 0 0 0 0 0 0 0 
0 0 0 0 0 978 0 0 0 0 0 0 
0 0 29 0 54 0 237 0 18 0 0 2 
0 0 0 0 328 0 0 0 0 0 182 3 
0 0 0 0 1689 5 0 0 4 0 0 1 
0 0 0 0 433 0 0 0 0 0 0 0 
0 0 0 0 952 0 0 0 0 0 0 0 
0 0 1 0 0 0 0 129 0 426 0 0 
0 800 4 117 0 1 0 0 0 0 1 14 
0 0 0 0 0 0 0 0 0 9 2002 2 
0 0 0 0 440 0 0 0 0 0 0 0 
17 0 0 1 2555 13 0 2 0 0 0 0 
0 0 781 0 8 0 0 0 0 0 0 0 
