1 1 4 302 95 55 0 0 0 0 2381 0 
0 0 0 828 0 0 383 0 0 3 0 0 
4 15 0 0 448 4459 0 3 0 6 5 1 
1 0 0 840 1 0 0 0 0 0 1 0 
0 0 0 0 0 174 0 1 0 5245 249 0 
0 0 0 0 0 34 0 0 0 3669 70 0 
0 0 0 0 0 0 0 0 0 0 675 0 
0 0 0 0 0 0 0 0 0 0 0 1516 
0 0 1 2 0 406 0 0 0 2 2132 0 
0 0 0 0 1 0 0 0 0 0 1492 0 
0 0 0 0 0 0 0 0 0 702 0 2 
0 0 1993 0 0 1 0 1 0 0 0 0 
0 0 0 0 0 974 0 0 0 0 0 0 
0 0 0 0 3691 0 0 0 0 0 0 0 
0 0 0 0 0 1401 0 0 0 0 0 0 
0 0 1 0 1467 0 0 0 0 0 0 4 
0 0 0 0 0 1467 0 0 0 0 0 0 
0 0 0 0 0 0 0 0 0 0 732 0 
0 0 16 0 3999 2255 0 5 0 1 39 11 
0 0 0 0 0 0 0 0 0 0 5011 6 
0 1 0 0 2 0 0 0 3 856 0 0 
0 0 0 0 0 0 0 0 0 0 1635 0 
0 0 0 0 1886 0 0 0 0 0 0 0 
0 0 0 0 0 0 0 0 1 0 1751 0 
0 0 0 0 0 0 0 0 0 0 1606 0 
0 4 1 7 0 0 2 0 0 0 3477 0 
0 0 0 0 0 0 0 0 357 62 1240 0 
0 0 0 0 0 0 440 0 0 0 0 0 
0 0 0 0 0 0 1394 1 0 0 1 0 
0 0 0 0 0 0 0 0 322 0 0 0 
0 0 0 0 96 0 0 638 0 0 0 2 
1 0 2 0 48 5538 0 0 0 0 20 0 
0 0 0 0 38 4362 0 0 0 0 2 0 
0 0 0 0 0 0 0 0 0 1616 0 0 
0 0 0 0 0 0 0 0 0 0 563 0 
0 0 0 4 0 57 225 0 0 0 0 0 
0 0 0 0 0 1092 0 0 0 0 0 0 
0 0 0 0 0 2709 0 0 0 0 0 0 
0 0 0 4 1 0 0 958 0 0 0 0 
0 0 0 0 0 0 0 0 0 0 986 0 
0 167 0 19 2219 3 1 0 0 0 3 47 
0 0 1 12 42 0 0 0 339 8 0 0 
0 0 0 0 0 0 0 0 0 0 2578 0 
0 0 0 0 0 0 0 0 0 0 624 0 
0 0 0 0 0 1240 0 0 0 0 0 0 
0 363 0 0 0 0 0 0 0 0 0 0 
0 0 0 3 4 0 0 0 0 0 2118 0 
0 0 0 0 0 1709 0 0 0 0 0 0 
0 0 0 0 2404 193 1 0 0 0 0 0 
0 0 0 0 3210 8 0 0 0 0 0 0 
0 0 0 0 0 0 0 0 0 1726 0 0 
1 0 2 0 225 2006 0 0 9 9 0 0 
0 0 0 0 0 454 0 1 0 76 0 0 
0 0 0 360 0 0 0 0 0 0 0 0 
0 0 1 0 1 1 0 0 0 995 0 0 
0 0 0 0 411 0 0 0 0 0 0 0 
0 0 1 166 812 1 0 0 0 0 0 0 
0 0 0 0 0 0 0 0 0 0 549 0 
0 0 0 1 0 2 1 0 0 0 1890 0 
0 0 0 0 0 758 0 0 0 0 0 0 
1 0 0 0 1 861 0 1180 3 0 0 1 
0 0 0 0 0 0 0 0 0 0 2618 2 
6 0 0 0 0 3346 0 0 0 0 0 22 
0 0 1 0 6 2829 0 0 0 0 0 0 
0 74 0 1148 60 0 0 0 0 0 0 3 
0 0 0 0 1962 0 0 0 0 0 0 0 
0 0 0 0 0 0 0 0 0 1294 0 0 
9 0 0 519 59 245 39 894 0 561 0 0 
0 0 0 0 4 0 0 0 0 0 3109 0 
0 0 0 0 0 1 0 0 0 1855 0 1 
0 1 0 0 0 1489 19 230 0 0 0 0 
0 0 0 0 0 0 0 0 0 0 767 0 
0 1 0 0 0 0 0 0 0 1089 0 0 
0 0 0 0 0 0 0 0 0 1249 0 0 
0 0 0 0 2074 2 0 0 0 17 0 0 
0 0 0 0 3 3154 0 0 0 0 0 0 
0 0 0 0 0 0 0 0 0 0 758 0 
0 0 0 0 2025 2 0 0 0 0 12 0 
473 0 12 0 0 0 0 0 0 0 0 13 
0 1 0 0 1266 0 0 0 0 0 0 0 
142 10 0 1 2 1264 0 5 4 126 0 0 
28 0 0 466 267 17 14 0 0 0 0 0 
568 111 0 0 0 0 0 0 0 0 0 0 
1 917 81 0 0 0 0 0 2 0 0 0 
2 0 0 0 0 0 0 0 0 0 2166 0 
0 0 0 0 0 618 0 0 0 0 0 0 
0 0 85 384 808 0 0 5 0 3 2 0 
0 0 0 0 1279 0 0 0 1 0 0 0 
0 0 0 0 0 0 0 0 0 0 701 0 
0 0 0 0 1 1524 0 0 0 3 0 1 
0 0 8 0 0 3 0 459 0 0 0 0 
0 0 0 0 0 6 216 184 1087 2 0 0 
327 0 22 0 23 6 0 452 10 42 104 0 
21 10 0 0 0 1210 1 0 6 0 0 0 
0 0 0 0 0 0 0 0 0 0 1453 0 
2327 54 0 1 12 4 0 255 278 5 192 0 
0 0 0 0 0 0 0 0 0 0 629 0 
0 51 194 0 0 0 2 0 57 0 0 0 
0 1 0 0 0 0 406 1 43 3 0 0 
0 193 0 43 0 0 0 0 0 0 0 3452 
0 0 1 0 0 0 0 0 169 256 5 0 
0 0 0 0 88 1158 0 11 0 2 0 7 
0 0 0 0 1248 0 0 0 0 0 0 0 
0 10 0 353 0 0 24 0 0 286 0 0 
0 0 0 0 635 0 0 2 0 0 0 0 
0 0 0 0 0 0 0 0 0 947 0 0 
0 0 0 0 0 0 0 0 0 0 831 0 
0 0 0 0 4 1778 1 0 0 8 0 0 
0 0 0 19 0 43 0 0 0 0 1000 0 
0 0 419 0 0 0 0 0 0 0 0 0 
0 0 0 0 2162 0 0 0 0 0 0 0 
0 0 0 0 0 0 0 0 0 454 0 0 
0 0 0 0 0 0 0 0 0 0 274 0 
0 0 0 0 2301 0 0 2 0 0 0 0 
41 0 0 0 0 0 0 28 0 0 921 1 
0 0 0 0 758 0 0 0 0 0 0 0 
0 0 0 0 0 0 0 0 0 0 1577 0 
48 27 0 0 45 2439 1 0 0 38 0 26 
186 0 265 200 4 0 19 0 2 0 0 0 
0 2 0 0 1316 0 0 0 0 0 1 0 
0 0 0 0 0 978 0 0 0 0 0 0 
256 0 16 0 0 0 0 12 0 0 0 56 
455 0 1 0 0 0 48 0 1 2 0 0 
0 0 0 0 1591 0 0 0 0 0 0 0 
0 0 0 0 446 0 0 0 0 0 0 0 
0 0 0 0 848 0 0 0 0 0 0 0 
0 0 0 0 0 0 5 87 0 464 0 0 
3 0 699 0 16 1 6 0 0 0 230 1 
0 0 0 0 0 1 0 0 0 6 2008 0 
0 0 0 0 545 0 0 0 0 0 0 0 
0 1 0 0 2750 33 0 37 0 0 0 0 
155 3 127 81 12 0 0 0 207 38 164 6 
0 13 3 0 153 94 0 17 0 205 0 0 
0 0 0 0 0 1491 0 0 0 0 0 0 
0 0 0 0 0 0 635 0 0 1 0 0 
0 707 0 1 0 0 29 0 0 0 3 3 
0 0 75 1002 27 0 0 1 0 0 0 0 
