0 0 0 364 59 38 0 0 0 0 2389 1 
1 869 1 710 14 15 259 0 0 2 0 2 
0 0 0 0 209 4496 20 0 0 18 0 0 
0 0 0 480 0 1 0 0 0 0 0 0 
0 0 1 0 0 130 464 0 0 5237 86 0 
5 6 0 0 0 61 1 0 0 3770 36 0 
0 0 0 1 0 0 0 0 0 0 695 0 
0 0 0 0 0 0 0 0 0 1 0 1514 
0 6 0 124 0 57 0 0 0 9 2287 0 
0 0 0 0 0 0 0 0 0 0 1836 0 
0 0 0 0 0 0 0 0 0 725 0 0 
0 0 2777 0 0 0 0 0 6 0 0 0 
0 0 0 0 0 958 0 0 0 0 1 0 
0 0 0 0 4069 0 0 5 0 0 0 0 
0 0 0 0 0 1401 0 0 0 0 0 0 
0 1 0 0 2011 8 0 0 0 0 0 0 
0 0 0 0 0 1467 0 0 0 0 0 0 
0 0 0 0 0 0 0 0 0 0 575 0 
0 0 0 0 3656 3394 24 29 0 2 4 0 
0 0 0 1 0 0 0 0 0 1 5179 0 
0 0 0 0 0 0 0 0 0 854 0 0 
0 0 1 0 0 0 0 0 0 0 1757 0 
0 0 0 0 1003 0 0 0 0 0 0 0 
0 0 0 0 0 0 0 0 0 0 1290 0 
0 0 0 0 0 0 0 0 0 0 1606 0 
0 440 200 668 0 156 899 0 21 25 1672 78 
0 0 0 0 0 0 0 2 284 78 1299 0 
0 0 0 0 0 0 440 0 0 0 0 0 
0 0 0 0 0 0 2035 0 0 25 0 0 
0 0 0 0 0 0 0 0 322 0 0 0 
0 2 0 0 0 0 0 734 0 0 0 0 
10 0 0 0 101 5188 0 40 15 0 0 0 
2 0 0 11 65 4577 13 1 3 5 0 0 
0 0 0 0 0 0 0 0 0 1616 0 0 
0 0 0 0 0 0 0 0 0 0 563 0 
0 0 0 0 0 0 0 9 270 0 10 1 
0 0 0 0 0 2272 0 0 0 0 0 0 
0 0 1 0 0 2708 0 0 0 0 0 0 
0 0 0 13 0 0 0 1029 0 0 0 0 
0 1 0 0 0 0 0 0 0 0 994 0 
0 112 0 34 2174 0 0 0 0 0 0 76 
0 0 0 0 0 39 0 0 371 0 0 0 
0 0 0 0 0 0 0 0 0 0 2580 0 
1 0 0 0 0 0 0 0 0 0 635 1 
0 0 0 0 0 738 0 0 0 0 0 0 
0 424 0 0 0 0 0 0 0 0 0 0 
0 0 0 0 0 0 0 0 0 0 2134 3 
0 0 0 0 0 1705 2 0 0 0 0 0 
0 9 0 0 2596 136 0 0 0 0 0 0 
0 0 0 0 2944 24 0 0 0 0 0 0 
0 0 0 0 0 0 0 0 0 1418 0 0 
0 0 0 40 398 2002 0 1 0 0 0 1 
0 0 0 2 0 536 0 0 23 0 0 0 
0 0 0 358 0 0 0 0 0 0 0 0 
0 0 0 0 0 0 0 0 0 998 0 0 
0 0 0 0 455 0 0 0 0 0 0 0 
0 0 10 0 1013 0 0 3 0 0 0 0 
0 0 0 0 0 0 0 0 0 0 549 0 
0 0 0 0 0 0 0 0 0 68 2063 0 
0 0 0 0 4 692 0 0 1 0 0 41 
3 2 0 0 0 786 2 1260 0 0 0 0 
0 1 0 0 0 0 0 0 0 3 2410 0 
0 0 0 0 0 3855 0 0 0 0 0 0 
0 0 0 0 1 2876 0 0 0 0 0 0 
0 0 74 2195 127 0 0 1 0 0 0 23 
0 0 0 0 1918 0 0 0 0 0 0 0 
0 0 0 0 0 0 0 0 0 1253 0 0 
0 261 17 203 590 2 0 634 83 36 488 0 
0 0 0 0 0 377 0 0 0 0 0 0 
150 128 43 0 13 0 0 1 0 0 2660 0 
0 0 0 0 0 0 0 0 0 1905 1 0 
0 0 0 0 0 1816 32 328 0 0 0 0 
0 1 0 0 0 0 0 0 0 0 766 0 
1 0 0 0 0 0 0 0 0 1062 0 0 
0 0 0 0 0 0 0 0 0 1257 0 0 
4 0 0 0 2139 0 0 0 0 1 0 0 
0 0 0 0 0 3077 0 0 0 0 1 0 
0 0 0 0 0 0 0 0 0 0 768 0 
0 0 0 10 2085 0 0 13 15 0 0 0 
476 0 13 0 0 0 0 0 0 0 0 9 
0 0 0 0 1256 0 0 0 0 0 0 0 
4 45 0 100 144 688 251 0 0 3 0 305 
0 0 22 230 0 304 238 0 0 0 4 1 
0 0 0 0 1056 0 0 0 0 0 0 0 
578 102 0 0 0 0 0 0 0 0 0 0 
0 0 0 324 0 0 0 0 0 0 0 0 
0 907 86 0 0 0 0 0 0 1 0 0 
0 0 0 0 0 0 0 0 0 0 1827 0 
0 0 0 0 0 616 0 0 0 0 0 0 
0 0 353 525 481 2 0 0 5 0 0 6 
0 0 0 0 1280 0 0 0 0 0 0 0 
1 0 0 0 0 0 0 0 0 0 700 0 
0 0 0 1 3 1388 0 2 0 0 1 0 
0 0 0 2 0 0 0 478 5 373 0 0 
0 0 0 0 0 0 196 184 1101 0 0 0 
0 38 2 1 0 0 0 719 0 221 5 0 
48 13 1 14 178 439 0 0 5 0 247 0 
0 0 0 0 0 0 0 0 0 0 1609 0 
2512 79 2 0 0 13 0 228 64 0 145 0 
0 0 0 0 0 0 0 0 0 0 628 0 
8 0 4 0 0 134 1 35 0 0 6 116 
1 0 0 0 0 0 430 0 30 0 0 0 
0 199 0 49 0 0 0 0 0 0 1 3454 
0 0 0 1 0 2 0 0 378 0 0 0 
0 1 1 3 0 1253 0 0 0 1 3 1 
0 0 0 0 1208 0 0 0 0 0 0 0 
0 0 0 0 2368 15 0 0 11 8 0 0 
0 1 339 5 0 0 0 77 6 27 5 206 
0 0 0 0 650 1 0 0 0 0 0 0 
0 0 0 0 0 0 0 0 0 547 0 0 
0 0 0 0 0 0 0 0 0 0 840 0 
1 2 0 0 0 1874 0 2 0 0 0 0 
0 0 0 0 0 0 0 25 0 8 1015 17 
0 0 360 0 0 0 10 0 6 0 0 0 
0 0 0 0 1710 0 0 0 0 0 0 0 
0 0 0 0 0 0 0 0 0 480 0 0 
0 3 0 0 0 0 1 0 0 0 270 0 
0 0 0 0 2223 0 0 0 0 0 0 0 
0 0 0 0 0 0 0 0 0 0 1049 0 
1 1 0 0 0 303 1 0 493 1 0 9 
0 0 0 0 766 0 0 0 0 0 0 0 
0 0 0 0 1 0 0 0 0 0 636 0 
0 0 0 19 186 2055 0 109 198 0 374 0 
6 125 0 0 164 0 0 0 0 187 192 0 
0 0 0 0 777 0 0 0 0 0 0 0 
0 0 0 0 0 978 0 0 0 0 0 0 
71 15 11 0 0 0 243 0 0 0 0 0 
19 13 0 0 260 1 0 0 0 0 214 4 
0 0 0 0 1745 0 0 6 0 0 0 0 
0 0 0 0 430 0 0 0 0 3 0 0 
0 0 0 0 940 0 0 0 0 0 0 0 
0 0 0 3 1 4 0 129 4 399 0 16 
0 525 17 208 2 5 154 21 0 0 7 0 
0 2 0 0 0 0 0 0 0 0 1631 0 
