0 0 2 11 316 1318 1110 0 0 0 103 5 
0 0 0 0 0 1182 33 0 0 0 0 0 
0 1 0 0 1 0 0 0 0 0 4788 0 
0 319 0 95 430 0 1 0 3 0 0 0 
3 0 0 0 0 5378 500 28 0 2 0 0 
0 1 0 0 0 3801 0 0 0 0 7 0 
0 0 0 0 0 607 0 0 0 0 0 0 
0 0 0 0 1515 0 0 0 0 0 0 0 
0 0 0 2 1668 728 0 0 0 0 120 0 
0 0 10 268 378 850 0 0 0 0 5 19 
0 0 0 0 0 0 0 724 0 0 0 0 
0 0 0 0 0 0 0 0 0 0 0 1994 
0 0 0 0 0 0 0 0 0 0 958 0 
0 0 0 0 0 0 0 0 0 0 3527 0 
0 0 0 0 0 0 0 0 0 0 1406 0 
0 3 0 0 0 0 0 0 0 0 192 1302 
0 0 0 0 0 0 0 0 0 1437 0 0 
0 5 1 0 0 0 0 0 0 0 724 1 
0 0 0 1 0 0 0 0 0 0 6252 0 
0 0 0 0 0 5152 5 1 1 5 3 0 
0 0 1 0 0 862 0 0 0 0 0 0 
0 0 0 0 0 1792 0 0 0 0 0 0 
0 0 0 3 0 0 0 1 0 0 1853 0 
0 0 0 0 1656 0 0 0 0 0 0 0 
0 0 0 449 0 0 5 199 0 0 19 935 
0 0 0 2 2009 1610 0 0 0 0 0 0 
1 6 1549 0 2 0 0 0 0 0 99 0 
440 0 0 0 0 0 0 0 0 0 0 0 
0 0 0 0 0 0 0 3 0 12 1381 0 
0 0 0 0 0 0 0 0 0 0 322 0 
0 0 0 0 0 0 0 736 0 0 0 0 
0 0 0 0 0 0 0 1 0 0 5538 0 
0 0 0 6 0 0 0 0 0 1 4424 0 
0 0 1 5 0 0 0 49 1560 0 1 0 
0 0 0 0 563 0 0 0 0 0 0 0 
0 0 0 0 0 0 286 0 0 0 0 0 
1 0 0 12 719 339 15 0 0 0 4 1 
0 0 0 0 0 0 0 0 0 0 2709 0 
0 0 0 238 0 0 0 32 0 693 0 0 
0 0 0 0 0 985 0 0 0 0 0 0 
0 79 5 0 0 7 0 0 0 0 0 2355 
0 0 0 0 0 0 0 0 401 0 0 0 
0 400 0 11 5 154 8 0 141 1329 0 484 
0 0 0 0 0 0 0 0 6 0 621 0 
0 0 0 0 0 0 0 0 0 0 1240 0 
0 0 0 0 0 0 0 334 0 0 0 45 
0 126 3 2 21 6 0 141 362 860 0 645 
0 0 0 2 0 0 0 0 0 1705 0 0 
0 0 1 0 0 1 0 0 0 0 2611 0 
0 0 0 0 0 0 0 0 0 0 3072 0 
0 0 0 0 0 1517 0 0 0 0 0 0 
0 0 0 0 0 0 0 0 0 1 2359 0 
0 0 0 0 0 0 0 0 0 561 0 0 
0 0 0 0 0 0 0 0 0 0 0 358 
0 0 0 0 0 998 0 0 0 0 0 0 
16 5 0 3 0 203 0 0 0 0 0 184 
0 0 0 0 0 0 0 0 4 0 801 0 
0 0 0 0 0 549 0 0 0 0 0 0 
0 0 0 0 0 1883 0 0 0 0 0 0 
0 0 0 0 0 0 0 0 0 758 0 0 
0 0 0 0 0 0 0 0 0 2052 0 0 
0 0 5 0 1 2249 0 0 0 73 25 0 
0 0 0 0 0 0 0 0 0 0 3370 0 
1 0 1 0 0 0 0 0 0 0 2881 0 
0 22 0 1 0 0 0 0 0 0 2367 0 
0 0 0 0 0 0 0 0 0 0 1973 0 
1 0 0 0 87 0 172 88 0 190 0 757 
0 0 0 0 0 2297 0 0 0 0 0 0 
0 0 0 0 0 2999 0 0 0 0 0 0 
2 0 0 0 0 1904 0 0 4 0 0 0 
0 0 0 0 1 1378 8 142 0 188 26 0 
2 0 52 3 0 254 0 0 249 0 0 207 
0 0 0 1 0 1029 2 0 0 0 0 0 
0 0 0 0 0 1186 0 0 0 0 0 0 
0 0 0 0 0 0 0 0 0 0 2116 0 
0 0 0 0 0 1 0 0 0 0 3258 0 
0 1 0 0 0 0 0 0 2 0 752 0 
0 0 0 0 0 0 0 0 0 0 2047 0 
27 0 0 0 0 0 0 0 0 0 0 471 
31 0 0 734 34 276 0 0 0 0 181 0 
0 0 0 0 0 0 0 0 0 0 0 1552 
0 0 0 0 0 793 0 0 0 0 0 0 
625 34 0 0 0 0 0 0 0 0 0 20 
93 901 0 0 0 0 0 0 0 0 0 0 
0 0 0 0 0 2187 0 0 0 0 0 0 
0 0 0 3 2 0 611 0 0 0 3 0 
0 0 1239 1 52 0 2 0 0 0 0 0 
0 0 0 0 0 0 0 0 0 0 1280 0 
0 0 0 0 1 699 0 0 0 0 1 0 
0 0 0 0 0 0 0 0 0 0 1500 0 
0 0 22 0 0 0 0 15 0 433 0 0 
0 5 0 0 0 266 1129 86 14 0 3 0 
0 0 0 0 0 0 0 0 0 0 986 0 
0 0 0 0 0 0 0 0 0 0 1291 0 
0 0 1 0 0 22 0 8 0 19 1387 0 
0 42 0 0 0 1 36 689 2257 1 97 0 
0 0 0 0 0 623 0 0 0 4 0 1 
0 0 0 0 304 0 0 0 0 0 0 0 
0 0 0 0 0 0 5 0 126 323 0 0 
0 65 523 579 2517 5 0 1 0 0 0 0 
3 0 0 0 0 0 0 0 428 0 0 0 
0 0 0 0 0 0 0 0 0 0 1257 7 
0 0 1 973 269 0 0 0 2 0 0 1 
152 90 2 0 2 0 12 0 0 71 4 333 
0 0 0 0 2 0 0 0 0 0 643 0 
17 12 0 13 0 0 0 0 0 903 0 0 
1 0 0 4 0 0 14 0 0 641 180 0 
0 0 0 0 0 5 0 0 0 0 1793 1 
0 0 942 0 0 1 1 0 0 0 131 0 
0 0 144 51 222 0 0 0 0 0 0 0 
0 0 0 0 0 0 0 0 0 0 2311 0 
0 0 0 0 0 456 0 0 0 0 0 0 
0 274 0 0 0 0 0 0 0 0 0 0 
0 0 0 0 0 0 0 0 0 0 0 2283 
0 0 0 0 0 1090 0 0 0 0 0 0 
1 3 0 0 473 283 0 0 0 0 0 0 
0 0 0 0 0 1577 0 0 0 0 0 0 
0 0 0 0 0 0 0 0 0 0 2605 0 
0 0 0 0 0 0 0 0 0 0 676 0 
0 0 0 0 0 0 0 0 0 0 1325 0 
0 65 18 0 0 3 785 7 0 37 0 63 
0 0 0 0 0 86 0 163 82 0 0 9 
0 0 0 0 0 507 0 0 0 0 0 0 
1 0 0 0 0 0 0 0 0 0 1746 0 
0 0 0 0 0 0 0 0 0 0 529 0 
0 0 0 0 0 0 0 0 0 0 953 0 
0 0 0 0 0 418 0 134 0 0 0 0 
0 0 0 0 0 890 33 3 0 0 15 4 
0 0 0 0 0 2016 0 0 0 0 0 0 
0 0 0 3 0 0 0 0 0 0 445 0 
0 0 0 0 0 0 0 0 0 0 2878 0 
0 0 0 0 0 0 0 0 0 0 0 793 
0 0 3 0 3 0 193 1 279 0 5 1 
0 0 0 0 585 903 0 0 0 1 0 0 
1 0 0 2 0 0 633 0 0 0 0 0 
0 0 0 0 86 0 0 0 0 0 0 657 
