13 0 0 308 79 131 0 0 0 0 2318 0 
0 799 0 763 0 3 294 0 17 0 0 0 
0 0 0 0 214 4608 0 5 0 0 0 0 
0 0 0 476 0 0 0 0 1 0 4 0 
0 0 0 0 8 130 534 0 43 5053 182 0 
0 0 1 0 0 79 0 0 0 3803 22 0 
0 0 0 0 0 0 0 0 0 0 798 0 
0 0 0 0 0 0 0 0 0 0 0 1515 
0 0 0 132 11 116 0 0 6 0 2200 0 
0 0 0 0 0 1 2 0 0 3 1821 0 
0 0 0 0 0 0 0 0 0 718 0 0 
0 3 2774 0 0 0 2 2 0 0 0 1 
0 0 0 0 0 955 0 0 0 0 0 0 
1 0 0 0 3468 0 3 0 0 0 0 0 
0 0 0 0 0 1361 0 0 0 0 0 0 
0 7 0 0 2183 0 1 0 0 0 0 0 
0 0 0 0 0 1467 0 0 0 0 0 0 
0 0 0 0 0 0 0 0 0 0 578 0 
0 0 0 2 4614 2024 81 0 5 10 75 1 
0 0 0 0 0 0 12 0 0 0 5386 0 
0 0 0 2 0 0 0 0 0 867 0 0 
0 0 0 0 1 0 0 0 0 0 1622 0 
0 0 0 0 2064 0 0 0 0 0 0 0 
0 0 0 0 0 0 0 0 0 0 1290 0 
0 0 0 0 0 0 0 0 0 0 1606 0 
0 717 353 888 0 104 666 2 0 13 1258 161 
0 0 0 0 0 0 0 0 339 46 1270 0 
0 0 0 0 0 0 440 0 0 0 0 0 
0 0 0 1 0 0 2038 0 0 8 0 0 
0 0 0 0 0 0 0 0 322 0 0 0 
0 2 0 1 0 6 0 692 12 0 0 19 
0 8 0 0 13 5427 0 0 8 0 0 0 
5 1 0 0 19 4841 0 0 0 0 0 0 
0 0 0 0 0 0 0 0 0 1616 0 0 
0 0 0 0 0 0 0 0 0 0 563 0 
0 0 0 0 0 6 0 0 280 0 0 0 
0 0 0 0 0 2274 0 0 0 0 0 0 
0 0 0 0 0 2850 0 0 0 0 0 0 
0 0 0 20 0 0 0 1020 1 0 1 0 
0 0 0 0 0 0 0 0 0 0 1001 0 
0 115 0 18 2243 0 0 0 0 0 0 19 
0 0 0 0 0 0 0 0 405 0 0 5 
0 0 0 0 0 0 0 0 0 0 2576 0 
0 0 0 0 0 0 0 0 0 0 637 1 
0 0 0 0 0 697 0 0 0 0 0 0 
0 424 0 0 0 0 0 0 0 0 0 0 
0 4 0 0 0 0 0 0 0 0 2123 0 
0 0 0 0 0 1708 0 0 0 0 0 0 
0 1 0 2 2535 178 7 0 0 0 1 0 
1 0 1 0 2941 12 0 1 1 0 0 0 
0 0 0 0 0 0 0 1 0 1508 0 0 
0 0 0 0 430 1958 35 12 22 0 0 0 
1 0 0 0 0 418 1 0 0 0 141 0 
0 0 0 363 0 0 0 0 0 0 0 0 
0 0 0 0 0 0 0 0 3 995 0 0 
0 0 0 0 411 0 0 0 0 0 0 0 
0 0 4 4 961 1 0 0 0 0 1 1 
0 0 0 0 0 0 0 0 0 0 549 0 
0 1 0 0 0 0 0 0 0 0 1753 0 
0 0 1 10 0 719 0 0 5 0 0 3 
0 0 0 1 0 811 0 1231 1 3 0 0 
0 0 0 0 0 0 0 0 0 0 2288 0 
3 0 0 0 0 3900 0 0 0 0 1 1 
0 3 0 1 0 2890 0 0 1 0 0 0 
0 0 91 2274 58 0 0 0 0 0 0 0 
0 0 0 0 1963 0 0 0 0 0 0 0 
0 0 0 0 0 0 0 0 0 1267 0 0 
0 327 0 249 466 0 0 928 142 0 204 0 
0 0 0 0 0 377 0 0 0 0 0 0 
0 0 0 7 0 0 0 0 0 0 3259 0 
0 0 0 0 0 0 0 0 0 1773 0 0 
0 0 0 0 0 1859 31 289 1 5 0 0 
0 0 0 0 0 0 0 0 0 0 767 0 
0 0 0 0 0 0 0 0 0 1032 0 0 
0 0 0 0 0 0 0 0 0 1253 0 0 
0 1 0 0 2115 0 0 1 0 0 0 0 
0 0 0 0 0 3072 0 0 0 0 0 0 
0 0 0 0 0 0 0 0 0 0 773 0 
0 0 0 28 1972 43 1 0 0 0 0 0 
472 0 13 0 0 0 0 0 0 0 0 13 
0 0 0 0 1256 0 0 0 0 0 0 0 
0 195 9 145 104 185 497 0 0 0 1 422 
0 8 55 26 29 447 232 0 0 0 0 0 
508 160 0 0 0 0 0 0 8 0 1 2 
0 0 0 324 0 0 0 0 0 0 0 0 
0 895 105 0 0 0 0 0 0 0 0 2 
0 0 0 0 0 0 0 0 1 0 1597 0 
0 0 0 0 0 616 0 0 0 0 0 0 
0 0 368 553 444 0 0 0 0 0 7 0 
0 0 0 0 1280 0 0 0 0 0 0 0 
0 0 0 0 0 0 0 0 0 0 701 0 
0 0 0 0 0 1275 0 0 3 2 0 0 
0 0 0 0 1 0 0 349 0 108 0 0 
0 0 0 2 0 0 223 182 1084 0 0 0 
2 9 0 25 0 0 0 677 0 263 0 10 
0 0 0 13 169 383 0 0 0 0 272 40 
0 0 0 0 0 0 0 0 0 0 1610 0 
2351 12 0 0 3 0 1 302 179 0 184 3 
0 4 0 0 0 0 0 0 0 3 621 0 
0 7 2 3 3 122 0 0 0 0 0 167 
0 0 0 0 2 2 418 0 39 0 0 0 
0 205 0 44 0 0 0 0 0 0 0 3454 
10 0 2 0 0 0 0 3 356 0 1 9 
1 4 2 0 54 1143 30 0 1 0 0 31 
0 0 0 0 1214 0 0 0 0 0 0 0 
0 0 0 0 2374 0 18 0 1 0 0 0 
33 0 179 0 0 3 0 159 0 89 0 203 
0 0 0 0 647 5 0 0 0 0 1 0 
0 0 0 0 0 0 0 0 0 551 0 0 
0 0 0 0 0 0 0 0 0 0 841 0 
0 19 14 0 0 1767 1 5 0 0 0 0 
0 0 0 56 0 0 0 19 0 0 984 11 
0 2 374 0 0 0 0 0 0 0 0 0 
0 0 0 0 2319 0 0 0 0 0 0 0 
0 0 0 0 0 0 0 0 0 498 0 0 
0 0 0 0 0 0 0 0 0 1 273 0 
0 1 0 0 2247 0 1 0 0 0 0 0 
0 0 0 0 0 156 3 3 494 152 0 2 
0 0 0 0 768 0 0 0 0 0 0 0 
0 0 0 0 0 0 0 0 0 0 1577 0 
0 0 0 0 86 1907 0 356 324 0 221 0 
0 0 1 0 311 0 0 1 0 285 76 0 
0 0 0 0 785 0 0 0 0 0 0 0 
0 0 0 0 0 978 0 0 0 0 0 0 
0 0 0 8 0 0 221 12 0 48 51 0 
0 0 0 4 321 0 0 8 0 0 181 0 
0 0 0 0 1752 0 1 0 1 0 0 0 
0 0 0 0 433 0 0 0 0 0 0 0 
0 0 0 0 961 0 0 0 0 0 0 0 
1 0 0 0 0 0 0 170 1 382 0 10 
0 386 43 320 0 0 151 0 21 0 21 0 
0 0 0 0 0 0 2 0 0 2 2019 0 
0 0 0 3 0 2 3 148 0 239 0 0 
