0 2 0 339 126 74 0 1 7 0 2298 0 
0 798 0 777 0 0 301 0 0 0 6 0 
38 4 0 19 437 4281 0 2 0 0 0 0 
0 0 1 510 0 5 0 0 0 0 0 0 
0 0 0 0 0 62 551 2 0 5169 290 0 
4 0 0 0 0 48 0 0 0 3763 46 0 
0 0 0 0 0 0 0 0 0 0 731 0 
0 0 0 0 0 0 0 0 0 0 0 1517 
0 0 0 130 0 266 14 13 0 0 2078 1 
2 0 0 2 0 0 0 0 1 0 1591 0 
0 0 0 0 0 0 0 0 0 731 0 0 
0 0 1994 0 1 0 0 0 0 0 0 0 
0 0 0 1 0 968 0 0 0 0 0 0 
0 0 0 0 3586 0 0 0 0 0 0 0 
0 0 0 0 0 1399 0 0 0 0 0 0 
0 0 0 0 1533 0 0 0 0 0 3 0 
0 0 0 0 0 1467 0 0 0 0 0 0 
0 0 0 0 0 0 0 0 0 0 731 0 
10 42 0 25 3904 2244 0 25 98 33 0 0 
0 0 0 1 0 0 0 0 0 0 4898 0 
0 0 0 0 0 0 0 0 0 867 0 0 
0 0 0 0 0 0 0 0 0 1 1805 0 
0 0 0 0 1739 0 0 0 0 0 0 0 
0 0 0 0 0 0 0 0 0 0 1501 0 
0 0 0 0 0 0 0 0 0 0 1606 0 
383 188 0 664 0 0 104 0 28 0 2584 0 
0 0 0 2 0 0 0 0 333 23 1299 0 
0 0 0 0 0 0 440 0 0 0 0 0 
0 0 0 0 0 0 1113 1 0 0 0 0 
0 0 0 0 0 0 0 0 322 0 0 0 
75 2 0 0 0 0 0 658 0 1 0 0 
0 4 5 0 45 5496 0 2 0 0 0 0 
3 0 0 2 23 4158 0 0 0 1 0 0 
0 0 0 0 0 0 0 0 0 1616 0 0 
0 0 0 0 0 0 0 0 0 0 563 0 
48 0 0 0 23 15 0 10 49 18 122 1 
0 0 0 0 0 1084 0 0 0 0 0 0 
0 0 0 0 0 2870 0 0 0 0 0 0 
0 0 0 6 1 0 0 956 0 0 0 0 
0 0 0 0 1 0 0 0 1 0 991 0 
0 142 0 33 2187 7 0 0 0 0 4 32 
19 1 0 22 4 0 3 4 348 0 0 0 
0 0 0 0 0 0 0 0 0 0 2567 0 
0 0 0 1 0 0 0 0 0 0 637 0 
0 0 0 0 0 697 0 0 0 0 0 0 
0 432 0 0 0 0 0 0 0 0 0 0 
0 0 0 0 0 0 2 0 0 0 2133 0 
0 1 2 0 0 1705 0 0 0 0 0 0 
0 4 0 0 2508 193 0 7 0 0 0 0 
0 0 0 0 2839 25 0 0 0 0 0 0 
0 0 0 0 0 0 0 0 0 1574 0 0 
0 0 0 0 290 2060 2 0 0 0 0 0 
3 0 0 0 0 490 0 0 22 16 0 0 
0 0 0 362 0 0 0 0 0 0 0 0 
0 0 0 0 0 0 0 0 0 993 3 2 
0 0 0 0 411 0 0 0 0 0 0 0 
0 0 0 1 1165 11 0 0 50 1 7 0 
0 0 0 0 0 0 0 0 0 0 549 0 
0 0 0 0 0 0 0 0 0 0 1879 0 
0 0 0 0 1 769 0 0 2 0 0 0 
3 0 2 5 16 858 0 1156 0 0 4 0 
0 0 0 0 0 0 0 0 1 0 2447 0 
0 0 0 0 0 3855 0 0 0 0 0 0 
0 0 0 0 0 2968 0 0 0 0 0 0 
0 0 44 2299 33 5 7 0 0 0 0 0 
0 0 0 0 1961 0 0 0 0 0 0 0 
0 0 0 0 0 0 0 0 0 1271 0 0 
0 0 0 889 0 0 0 876 0 0 549 0 
0 0 0 0 0 0 1 0 0 0 2939 0 
0 0 0 0 0 0 0 0 0 1726 0 0 
0 0 0 0 0 1482 38 216 0 2 0 0 
0 0 0 0 0 0 0 0 0 0 767 0 
0 0 0 0 0 0 0 0 0 1032 0 0 
0 0 0 0 0 0 0 0 0 1186 0 0 
0 1 0 0 2235 0 0 0 0 0 4 4 
0 0 0 0 1 3182 1 0 0 0 0 0 
0 0 0 0 0 0 0 0 0 0 772 0 
0 0 1 7 2043 1 0 0 0 0 2 0 
468 0 19 0 0 0 0 0 0 0 0 11 
0 0 0 0 1256 0 0 0 0 0 0 0 
0 0 0 512 51 831 8 0 0 0 0 156 
2 18 0 0 168 224 379 3 0 0 0 0 
601 70 0 0 0 0 0 0 0 3 0 0 
0 0 0 323 1 0 0 0 0 0 0 0 
0 913 87 0 0 0 0 0 0 0 0 0 
0 0 0 0 0 0 0 0 0 0 2402 0 
0 0 0 0 0 618 0 0 0 0 0 0 
0 0 102 396 793 2 0 1 0 0 0 0 
0 0 0 0 1280 0 0 0 0 0 0 0 
0 0 0 0 0 0 0 0 0 0 701 0 
0 0 0 0 0 1482 0 0 0 0 1 0 
15 0 0 0 0 0 0 453 0 2 0 0 
0 0 0 0 3 0 245 140 1097 0 0 5 
0 33 0 14 41 1 29 237 0 616 15 0 
0 0 0 0 0 1023 0 0 5 0 0 0 
0 0 0 0 0 0 0 0 0 0 1453 0 
2455 85 0 0 5 0 0 302 63 0 203 0 
0 0 0 0 0 0 1 0 0 0 627 0 
15 0 0 57 51 0 175 3 0 0 0 3 
0 0 0 0 12 0 411 0 30 1 0 0 
0 256 0 39 0 0 0 0 0 1 0 3393 
0 0 0 0 0 0 0 0 218 213 0 0 
0 0 0 2 36 1176 2 0 0 0 0 73 
0 0 0 0 1236 0 0 0 0 0 0 0 
376 0 6 0 13 119 0 0 0 110 40 2 
0 0 0 0 649 0 0 0 0 0 0 0 
0 0 0 0 0 0 0 0 0 946 0 0 
0 0 0 0 0 0 0 0 0 0 831 1 
0 0 0 0 0 1786 0 0 13 0 0 0 
0 0 0 2 0 0 3 0 0 0 1066 0 
0 0 414 1 0 0 0 0 0 0 0 2 
0 0 0 0 2305 0 0 0 0 0 0 0 
0 0 0 0 0 0 0 0 0 454 0 0 
0 0 0 0 0 0 0 0 1 0 273 0 
0 0 1 0 2251 0 0 0 0 0 0 0 
0 0 2 81 19 15 468 202 0 0 22 0 
0 0 0 0 766 0 0 0 0 0 0 0 
0 0 0 0 0 0 0 0 0 0 1410 0 
0 0 10 4 281 2576 0 33 19 0 5 0 
0 0 240 0 401 0 0 24 9 0 1 0 
0 0 0 0 1333 0 0 0 0 0 0 0 
0 0 0 0 0 978 0 0 0 0 0 0 
226 0 0 0 25 0 59 27 0 0 0 3 
0 0 0 0 359 20 9 0 0 116 3 0 
0 0 0 0 1468 0 0 0 0 0 0 1 
0 0 0 0 443 0 0 1 0 0 0 0 
0 1 0 1 1032 0 0 0 0 0 0 0 
0 0 0 0 0 0 0 85 0 469 2 0 
0 684 157 36 0 0 0 0 61 0 0 0 
0 0 0 1 0 0 0 0 0 5 2011 0 
0 0 0 0 446 0 0 0 0 0 0 0 
0 0 26 0 2684 19 0 0 0 17 18 0 
2 0 695 0 2 0 0 0 0 0 89 0 
6 0 6 0 0 297 0 0 0 170 6 0 
0 0 0 0 0 1493 0 0 0 0 0 0 
7 0 0 0 0 4 922 0 0 6 0 0 
