0 0 0 406 60 94 0 0 0 0 2282 0 
0 875 0 661 0 0 343 0 1 0 0 2 
29 0 0 1 388 4540 0 1 0 0 2 1 
0 0 0 508 1 7 0 0 0 0 1 0 
0 0 0 0 37 93 297 0 0 5333 337 0 
0 0 0 0 1 57 0 0 0 3769 33 0 
0 0 0 0 0 1 0 0 0 0 696 0 
0 0 0 0 0 0 0 0 0 0 0 1520 
1 11 0 103 0 338 0 11 0 0 2035 0 
0 0 0 0 0 0 0 0 0 0 1622 0 
0 0 0 0 0 0 0 0 0 724 0 0 
0 0 1994 0 1 0 0 0 0 0 0 0 
0 0 0 0 0 967 0 0 0 0 0 0 
0 0 0 0 3581 0 0 0 0 0 1 0 
0 0 0 0 0 1400 0 0 0 0 0 0 
0 0 0 0 1494 0 1 1 0 0 0 0 
0 0 0 0 0 1467 0 0 0 0 0 0 
0 0 0 0 0 0 0 0 0 0 731 0 
180 0 0 33 3620 2464 0 54 23 0 2 0 
0 0 0 0 3 0 0 1 0 0 5030 0 
0 1 0 0 0 0 0 0 1 850 0 0 
0 0 0 0 0 0 0 0 0 0 1778 1 
0 0 0 0 1733 0 0 0 0 0 0 0 
0 1 0 0 0 0 0 0 0 0 1521 0 
0 0 0 0 0 0 0 0 0 0 1606 0 
179 159 0 679 0 0 291 0 37 0 2579 0 
0 0 0 3 0 1 0 2 399 37 1215 0 
0 0 0 0 0 0 440 0 0 0 0 0 
0 0 0 0 0 0 1101 0 0 0 0 0 
0 0 0 0 0 0 0 0 322 0 0 0 
25 1 0 0 0 0 0 708 0 0 2 0 
0 0 0 0 25 5500 0 0 0 0 5 0 
0 0 0 2 39 4240 0 0 0 0 0 1 
0 0 0 0 0 0 0 0 0 1616 0 0 
0 0 0 0 0 0 0 0 0 0 563 0 
0 28 0 0 40 0 0 0 33 0 185 0 
0 0 0 0 0 1086 0 0 0 0 0 0 
0 0 0 0 0 2831 0 0 0 0 0 0 
0 0 0 13 0 0 4 946 0 0 0 0 
0 0 2 0 0 1 0 0 0 0 998 0 
0 99 0 32 2264 0 0 1 0 0 0 27 
0 0 0 1 10 1 0 0 386 0 0 5 
0 0 0 0 1 0 0 0 0 0 2574 0 
0 0 0 3 0 1 0 0 2 0 630 0 
0 0 0 0 0 697 0 0 0 0 0 0 
0 432 0 0 0 0 0 0 0 0 0 0 
0 0 0 0 0 0 0 0 0 0 2129 0 
0 0 0 0 0 1708 0 0 0 0 0 0 
0 6 6 4 2583 198 0 0 1 4 0 0 
0 0 0 0 2821 21 7 3 0 0 0 0 
0 0 0 0 0 0 0 0 0 1608 0 0 
0 0 0 0 438 1804 0 0 0 0 82 0 
75 0 0 0 0 472 0 0 0 7 1 6 
0 0 0 361 0 0 0 0 0 0 0 0 
0 0 0 0 0 0 0 0 0 998 0 0 
0 0 0 0 411 0 0 0 0 0 0 0 
0 0 2 0 1033 11 0 0 24 0 2 18 
0 0 0 0 0 0 0 0 0 0 549 0 
0 0 0 0 0 0 0 0 0 0 1881 0 
0 8 4 0 0 716 2 3 2 0 3 0 
1 0 0 6 23 1025 0 986 0 0 0 5 
0 0 0 0 0 0 0 0 0 0 2389 0 
0 2 0 0 0 3704 0 4 0 0 0 2 
0 0 0 0 4 3046 0 0 0 0 0 0 
0 0 72 2267 45 0 4 0 0 0 0 0 
0 0 0 0 1962 0 0 0 0 0 0 0 
0 0 0 0 0 0 0 0 0 1256 0 0 
0 0 0 664 0 0 0 1383 0 9 250 0 
0 0 1 0 0 0 0 0 0 0 3185 0 
0 0 0 0 0 2 0 0 0 1670 0 0 
0 0 0 0 0 1481 22 237 0 0 0 0 
0 0 0 0 0 0 2 0 0 2 763 0 
0 0 0 0 0 0 0 0 0 1063 0 0 
0 0 0 0 0 0 0 0 0 1186 0 0 
0 0 0 0 2215 0 0 5 1 0 0 0 
0 1 0 0 0 2949 0 0 0 0 0 0 
0 0 0 0 0 0 0 0 0 0 774 0 
0 0 0 0 2042 0 0 0 0 1 0 0 
474 0 12 0 0 0 0 0 0 0 0 12 
0 0 0 0 1256 0 0 0 0 0 0 0 
0 0 6 560 102 810 0 0 0 1 0 79 
3 51 0 0 21 450 240 0 0 0 29 0 
637 32 0 0 2 0 0 0 0 0 0 2 
0 0 0 323 0 0 0 0 0 0 0 0 
0 928 79 0 0 0 0 0 0 0 0 0 
1 0 0 0 0 0 0 0 0 0 2119 1 
0 0 0 0 0 618 0 0 0 0 0 0 
0 0 81 498 715 0 0 0 0 0 0 0 
0 0 1 0 1279 0 0 0 0 0 0 0 
0 0 0 0 0 0 0 1 0 0 700 0 
0 0 0 0 7 1421 4 0 0 0 0 0 
0 0 0 0 0 0 0 466 0 4 0 0 
0 0 1 0 0 0 211 215 1072 0 0 0 
0 2 0 11 17 0 42 406 0 508 0 0 
0 0 0 3 0 1124 0 0 0 5 8 0 
0 0 0 0 0 0 0 0 0 0 1453 0 
2475 24 0 0 63 23 0 236 82 0 187 2 
0 0 0 0 0 0 0 0 0 8 620 0 
26 0 0 117 69 0 91 0 0 1 0 0 
0 0 0 0 0 0 446 0 15 0 0 0 
0 221 1 49 0 0 0 0 0 0 0 3415 
0 0 0 0 0 0 0 0 386 0 1 0 
13 0 0 0 72 950 0 0 0 0 3 229 
0 0 0 0 1240 0 0 0 0 0 0 0 
412 0 37 0 0 67 0 24 0 126 0 0 
0 0 0 0 637 0 0 0 0 0 0 0 
0 0 0 0 0 0 0 0 0 946 0 0 
0 0 0 0 0 0 0 0 0 0 832 0 
0 0 1 0 0 1809 0 0 0 0 0 0 
0 2 0 0 0 0 0 0 0 1 1067 0 
0 0 410 0 0 0 0 0 0 0 0 7 
0 0 0 0 2298 0 0 0 0 0 0 0 
0 0 0 0 0 0 0 0 0 492 0 0 
0 0 0 0 0 0 0 2 0 0 272 0 
0 0 0 0 2267 0 0 0 0 0 0 0 
0 0 0 177 0 152 270 210 0 0 0 0 
0 0 0 0 766 0 0 0 0 0 0 0 
0 0 0 0 0 0 0 0 0 0 1410 0 
29 0 0 0 524 2343 0 6 48 7 6 0 
4 0 358 0 295 0 0 0 0 0 17 0 
0 0 0 0 1332 0 0 0 0 0 0 0 
0 0 0 0 0 978 0 0 0 0 0 0 
153 0 0 4 71 0 60 52 0 0 0 0 
0 0 0 0 329 4 0 8 5 144 17 0 
2 0 0 0 1614 0 0 1 0 0 0 0 
0 0 0 0 446 1 0 0 0 0 0 0 
0 0 0 0 1036 0 0 0 0 0 0 0 
0 2 0 15 0 0 0 108 1 424 2 4 
0 638 80 71 0 0 0 0 144 9 0 0 
0 0 0 0 0 0 0 0 0 7 2012 0 
0 0 0 0 446 0 0 0 0 0 0 0 
3 0 1 0 2767 3 0 0 0 0 0 3 
0 0 772 0 0 0 0 0 0 0 16 0 
2 0 8 0 0 309 0 11 0 154 0 1 
0 0 0 0 0 1488 0 0 0 0 0 0 
0 0 0 0 0 0 921 0 0 38 0 0 
