0 0 2 334 112 103 1 0 0 0 2328 0 
0 787 1 756 0 0 322 3 0 0 3 7 
11 0 10 0 232 4437 0 10 0 5 5 0 
0 0 0 515 0 0 0 0 0 0 0 1 
0 3 0 0 0 62 330 0 25 5351 199 0 
0 0 0 1 0 44 2 0 0 3771 40 3 
0 0 0 0 0 0 0 0 0 0 690 0 
0 0 0 0 0 0 0 0 0 0 0 1518 
0 0 2 112 0 292 0 0 0 0 2111 0 
0 0 0 0 0 0 0 0 0 0 1382 3 
0 0 0 0 0 0 0 0 0 700 0 0 
0 0 1995 0 0 0 0 0 0 0 0 0 
0 0 0 0 0 978 0 0 0 0 0 0 
0 0 0 1 3559 0 0 1 0 0 0 0 
0 0 0 0 0 1361 0 0 0 0 0 0 
0 0 0 0 1530 0 0 0 0 0 0 0 
0 0 0 0 0 1469 0 0 0 0 0 0 
0 0 0 0 0 0 0 0 0 0 731 0 
185 0 13 0 3067 2955 3 0 0 31 34 1 
0 0 0 0 0 0 0 1 0 0 5130 0 
0 0 0 0 0 0 2 0 0 850 0 0 
0 0 0 0 0 0 0 0 0 0 1717 0 
0 0 0 0 1738 0 0 0 0 0 0 0 
0 0 0 0 0 0 0 0 0 0 1401 0 
0 0 0 0 0 0 0 0 0 0 1606 0 
358 538 6 83 0 0 198 29 7 0 2803 13 
0 0 0 0 0 3 0 1 395 22 1237 0 
0 0 0 0 0 0 440 0 0 0 0 0 
0 0 0 0 0 2 1396 0 0 0 0 1 
0 0 0 0 0 0 0 0 322 0 0 0 
0 0 0 3 0 0 0 722 11 0 0 0 
0 0 0 4 0 5775 0 0 1 0 0 0 
0 0 0 4 23 4297 0 0 7 0 1 0 
0 0 0 0 0 0 0 0 0 1616 0 0 
0 0 0 0 0 0 0 0 0 0 563 0 
0 0 0 0 0 45 0 0 0 95 146 0 
0 0 0 0 0 1091 0 0 0 0 0 0 
0 0 0 0 0 2867 0 0 0 0 0 0 
0 0 0 5 0 0 0 957 1 0 0 0 
1 0 0 0 0 0 0 0 0 0 995 0 
0 146 0 48 2185 0 0 0 1 0 0 30 
0 0 0 36 0 10 0 0 385 0 0 3 
0 0 0 0 0 0 0 0 0 0 2580 0 
0 0 0 0 0 0 0 0 0 1 623 0 
0 0 0 0 0 1240 0 0 0 0 0 0 
0 432 0 0 0 0 0 0 0 0 0 0 
0 0 0 0 0 1 0 2 0 0 2120 0 
0 0 0 0 0 1708 0 0 0 0 0 0 
0 0 0 0 2671 117 2 0 0 0 0 0 
0 0 0 0 2829 22 0 0 0 0 0 0 
0 0 0 0 0 0 0 0 0 1534 0 0 
0 0 0 0 301 2020 0 2 0 0 0 0 
0 2 0 0 0 526 0 0 0 0 1 0 
0 0 0 360 0 0 0 0 0 0 0 0 
0 0 0 0 0 0 0 0 0 996 2 0 
0 0 0 0 411 0 0 0 0 0 0 0 
0 0 0 0 967 1 0 8 0 0 0 0 
0 0 0 0 0 0 0 0 0 0 549 0 
0 1 0 0 0 0 0 0 0 0 1890 0 
0 0 0 0 0 756 0 0 0 0 0 0 
0 0 0 26 0 654 11 1326 36 0 0 0 
0 0 0 0 0 0 0 0 0 0 2589 0 
0 1 0 1 0 3524 0 1 0 1 0 1 
1 0 0 0 1 2970 0 0 0 0 0 1 
0 0 123 2150 108 6 0 0 0 0 0 0 
0 0 0 0 1964 0 0 0 0 0 0 0 
0 0 0 0 0 0 0 0 0 1290 0 0 
0 0 0 414 166 0 68 970 0 31 638 0 
0 0 0 0 0 0 0 0 0 0 3083 0 
0 0 1 0 0 0 0 0 0 1783 0 0 
0 0 0 0 0 1482 29 229 0 0 0 0 
0 0 0 0 0 0 0 0 0 0 767 0 
0 0 0 0 0 0 0 0 0 1032 0 0 
0 0 0 0 0 0 0 0 0 1252 0 0 
0 0 0 0 2123 0 0 2 0 0 0 0 
0 0 0 0 2 3109 0 0 1 0 0 0 
0 0 0 0 0 0 0 0 0 0 771 0 
0 0 0 0 2050 0 0 0 0 3 0 0 
474 0 13 0 0 0 0 0 0 0 0 11 
0 0 0 0 1256 0 0 0 0 0 0 0 
13 0 8 395 203 511 0 108 0 1 0 315 
0 0 0 0 425 69 284 9 4 0 0 2 
571 99 0 0 0 0 0 0 0 0 9 0 
0 0 0 323 1 0 0 0 0 0 0 0 
0 929 73 0 0 0 0 0 0 0 0 0 
0 0 1 0 0 0 0 0 0 0 2287 0 
0 0 0 0 0 619 0 0 0 0 0 0 
0 0 75 489 727 0 0 0 2 0 0 0 
0 0 0 0 1280 0 0 0 0 0 0 0 
0 0 0 0 0 0 0 0 1 0 700 0 
0 2 0 0 0 1390 1 0 0 0 0 0 
0 1 2 0 2 0 0 460 1 1 0 3 
0 0 0 0 0 0 173 161 1171 0 0 0 
0 0 0 0 28 0 2 617 164 153 0 22 
0 0 0 0 0 1090 1 0 0 0 0 0 
0 0 0 0 0 0 0 0 0 0 1422 0 
2442 33 0 0 26 46 15 307 33 0 176 9 
0 4 0 0 0 0 0 0 4 1 618 1 
0 38 248 0 15 0 0 0 0 0 0 3 
0 0 0 0 0 0 397 1 63 0 0 0 
0 221 0 47 2 0 0 0 0 0 3 3415 
0 0 2 0 4 0 0 0 208 216 1 0 
0 0 0 45 2 1194 0 0 1 0 23 2 
0 0 0 0 1241 0 0 0 0 0 0 0 
182 1 0 217 0 2 0 12 0 252 0 0 
0 1 0 0 631 0 0 0 0 0 0 0 
0 0 0 0 0 0 0 0 0 947 0 0 
0 0 0 0 0 0 0 1 0 0 840 0 
0 0 1 0 0 1799 0 0 0 0 0 0 
0 26 13 7 65 2 0 16 0 0 941 3 
0 0 417 0 0 0 0 0 0 0 0 0 
0 0 0 0 2319 0 0 0 0 0 0 0 
0 0 0 0 0 0 0 0 0 439 0 0 
1 1 0 0 0 0 0 0 0 0 272 0 
0 0 0 0 2254 4 0 0 0 0 0 0 
1 0 0 386 194 43 78 80 0 0 0 27 
0 0 0 0 766 0 0 0 0 0 0 0 
0 0 0 0 0 0 0 0 0 0 1410 0 
17 0 7 0 409 2203 0 0 0 6 53 4 
0 6 431 0 234 0 0 0 0 0 4 0 
0 0 0 0 1334 0 0 0 1 0 0 0 
0 0 0 0 0 978 0 0 0 0 0 0 
98 0 0 0 0 0 235 0 0 0 0 7 
0 0 0 0 316 46 6 54 0 0 6 79 
0 0 1 0 1663 0 0 1 0 0 0 0 
0 0 0 0 541 1 1 1 0 0 0 0 
0 0 0 0 1022 0 0 0 0 0 0 0 
0 0 0 0 0 0 0 183 0 369 0 0 
0 388 325 102 0 1 0 0 123 0 0 0 
0 0 0 0 0 0 0 0 0 25 2019 0 
0 0 0 0 446 0 0 0 0 0 2 0 
0 0 1 105 2545 123 0 0 0 0 3 0 
11 0 736 0 0 0 1 2 0 29 0 8 
0 8 0 0 0 0 0 0 3 441 33 0 
0 0 0 0 0 1489 0 0 0 0 0 0 
0 0 0 0 0 0 628 0 0 0 0 0 
