0 0 0 326 109 74 14 0 5 0 2339 4 
0 673 0 801 0 0 391 0 11 0 4 0 
3 0 0 0 117 4588 0 1 0 0 5 6 
0 0 0 510 0 0 6 0 0 0 0 0 
0 0 0 31 0 76 383 0 0 5150 378 0 
0 1 0 0 0 53 0 0 0 3781 30 0 
0 0 0 1 0 0 0 0 0 0 600 0 
0 0 0 0 0 0 0 0 0 0 0 1515 
0 0 0 171 0 279 16 0 1 0 2059 0 
0 0 0 0 0 0 0 0 0 0 1386 1 
0 0 0 2 0 0 0 0 0 728 0 0 
0 1 1993 0 1 0 0 0 0 0 0 0 
0 0 0 0 0 948 0 0 0 0 0 0 
0 0 0 0 3524 0 0 0 0 0 0 1 
0 0 0 0 0 1401 0 0 0 0 0 0 
0 1 0 0 1523 0 0 0 0 0 0 2 
0 0 0 0 0 1437 0 0 0 0 0 0 
0 0 0 0 0 0 0 0 0 0 730 0 
219 7 0 0 2883 3085 0 0 0 60 6 0 
0 0 1 1 0 0 0 0 0 0 5144 0 
0 0 0 0 0 1 0 0 0 866 0 0 
0 0 0 0 0 0 0 0 0 4 1762 0 
0 0 1 0 1736 0 0 0 0 0 0 0 
0 0 0 0 0 0 0 0 0 0 1504 0 
0 0 0 0 0 0 0 0 0 0 1607 0 
439 331 0 110 0 2 204 33 11 0 2789 9 
0 0 0 0 0 0 0 0 355 50 1250 3 
0 0 0 0 0 0 440 0 0 0 0 0 
0 0 0 0 0 3 1396 0 0 0 0 0 
0 0 0 0 0 0 0 0 322 0 0 0 
0 0 0 0 0 0 0 736 0 0 0 0 
0 0 0 0 0 5766 0 0 0 0 12 33 
0 0 0 0 35 4223 1 8 0 0 0 0 
0 0 0 0 0 0 0 0 0 1616 0 0 
0 0 0 0 0 0 0 0 0 0 563 0 
0 0 0 0 0 31 0 0 10 43 202 0 
0 0 0 0 0 1089 0 0 0 0 0 0 
0 0 0 0 0 2870 0 0 0 0 0 0 
0 1 0 10 0 0 0 953 0 0 0 0 
0 0 0 0 0 0 0 0 0 0 993 0 
4 154 0 63 2138 0 2 5 5 0 0 39 
35 1 0 18 0 3 0 0 378 0 0 0 
0 0 0 0 0 0 0 0 0 0 2574 0 
0 0 0 0 0 0 0 0 0 0 630 0 
0 0 0 0 0 1240 0 0 0 0 0 0 
0 430 0 0 0 0 0 0 0 0 0 0 
0 0 0 0 0 0 0 0 0 0 2125 2 
0 0 0 0 0 1707 0 0 0 0 0 0 
2 0 0 3 2550 174 2 0 0 0 0 0 
0 0 0 0 2831 67 0 0 0 0 0 0 
0 0 0 0 1 0 0 0 0 1546 0 0 
0 0 0 0 301 2048 17 11 0 0 0 0 
0 0 0 0 0 560 0 0 0 0 0 1 
0 0 0 357 0 0 0 0 0 0 0 0 
0 0 0 0 0 0 0 2 0 996 0 0 
0 0 0 0 411 0 0 0 0 0 0 0 
0 0 0 0 1030 2 13 0 0 0 0 0 
0 0 0 0 0 0 0 0 0 0 549 0 
0 0 0 0 0 0 4 0 0 0 1880 0 
0 0 0 0 0 756 0 0 0 0 0 2 
0 0 0 34 0 869 0 1133 17 0 0 0 
0 0 0 0 0 0 0 0 0 0 2672 0 
0 0 0 0 0 3405 0 0 0 0 0 0 
0 0 0 0 0 2825 0 0 0 0 0 0 
0 0 122 2183 64 1 0 2 0 0 6 11 
0 0 0 0 1977 0 0 0 0 0 0 0 
0 0 0 0 0 0 0 0 0 1290 0 0 
0 46 3 421 240 4 46 774 1 61 683 0 
4 1 0 2 0 2 0 9 4 0 2807 2 
0 0 0 0 0 1 0 1 0 1753 0 0 
0 0 0 0 0 1478 21 238 0 0 0 0 
0 0 0 0 0 0 0 0 0 0 767 0 
0 0 0 0 0 0 0 0 0 1032 0 0 
0 0 0 0 0 0 0 0 0 1249 0 0 
0 0 0 0 2098 0 0 2 0 0 0 0 
0 0 0 0 0 3149 2 0 0 0 0 0 
0 0 0 0 0 0 0 0 0 0 769 0 
0 0 0 0 2053 0 0 0 0 0 0 0 
479 0 11 0 0 0 0 0 0 0 0 8 
0 0 0 0 1256 0 0 0 0 0 0 0 
3 10 10 480 95 719 0 36 0 0 1 203 
0 1 0 0 239 100 453 0 0 0 0 0 
590 86 3 0 0 0 0 0 0 0 0 0 
0 0 0 323 0 0 0 0 0 0 0 0 
2 923 71 0 3 2 0 0 0 0 0 0 
0 0 0 0 0 0 0 0 0 0 2436 0 
0 0 0 0 0 619 0 0 0 0 0 0 
1 0 103 397 778 0 1 0 0 0 0 13 
0 0 0 0 1280 0 0 0 0 0 0 0 
0 0 0 0 0 0 0 0 0 0 701 0 
0 0 0 2 0 1377 0 6 0 0 1 0 
0 0 0 0 0 0 0 470 0 0 0 0 
0 0 0 0 0 0 217 127 1148 0 0 0 
1 0 0 1 62 1 0 611 108 182 18 2 
0 0 0 0 2 1234 0 0 0 0 0 0 
0 0 0 0 0 0 0 0 0 0 1422 0 
2338 41 0 0 0 0 8 402 56 0 221 36 
0 0 0 0 0 0 0 0 0 0 628 0 
6 65 230 0 1 2 0 0 0 0 0 0 
0 0 0 0 7 0 427 0 29 0 1 0 
0 214 0 43 0 0 0 0 0 1 0 3433 
0 0 0 0 0 0 0 7 194 227 0 0 
0 2 0 61 19 1181 0 0 0 8 12 0 
0 0 0 0 1240 0 0 0 0 0 0 0 
119 0 3 321 0 31 0 3 0 189 0 0 
0 0 0 0 639 0 0 0 0 0 0 1 
2 0 0 0 0 0 0 0 0 945 0 0 
0 0 0 0 0 0 0 0 1 0 840 0 
0 0 0 0 0 1821 0 0 0 0 0 0 
0 0 14 0 87 0 0 2 0 0 946 24 
0 0 417 0 0 0 0 0 0 0 0 0 
0 0 0 0 2334 0 0 0 0 0 0 0 
0 0 0 0 0 0 0 0 0 439 0 0 
2 0 0 0 0 0 0 0 0 1 271 0 
0 0 0 0 2264 0 0 0 0 0 0 0 
0 0 0 257 325 6 76 142 0 1 0 2 
0 0 0 0 766 0 0 0 0 0 0 0 
0 0 0 0 0 0 0 0 0 0 1410 0 
4 0 12 0 388 2298 1 0 0 0 4 0 
5 23 528 0 118 0 0 0 0 0 0 1 
0 0 0 0 1336 0 0 0 0 0 0 0 
0 0 0 0 0 978 0 0 0 0 0 0 
112 0 0 0 0 0 211 0 0 16 0 1 
0 0 0 0 393 0 0 33 0 0 40 41 
0 0 0 0 1670 0 2 0 0 0 0 0 
0 0 1 0 528 0 0 0 0 0 0 0 
0 0 0 0 1020 0 0 0 0 0 0 0 
0 0 4 0 0 0 0 170 0 377 0 0 
15 319 268 137 0 22 0 0 175 1 0 0 
2 1 0 0 0 0 0 0 0 35 1999 0 
0 0 0 0 447 0 0 0 0 0 0 0 
2 0 0 33 2594 150 0 0 0 0 10 0 
6 0 663 8 38 0 0 0 0 26 0 47 
0 0 0 0 1 1 1 0 0 440 24 18 
0 0 0 0 0 1487 0 0 0 0 0 0 
0 1 0 0 0 0 627 0 0 0 0 0 
