0 0 0 360 105 61 0 0 0 0 2341 0 
0 840 4 669 0 0 345 6 2 0 5 9 
7 0 21 0 189 4460 0 12 0 8 5 0 
0 0 0 515 0 0 0 0 1 0 0 0 
0 0 1 0 1 69 327 0 25 5280 254 0 
0 1 0 12 0 50 0 0 0 3776 24 0 
0 0 0 0 0 0 0 0 0 0 616 0 
0 0 2 0 0 0 0 0 0 0 0 1513 
7 1 0 108 0 372 0 0 0 1 2014 0 
0 0 0 0 0 0 0 0 0 0 1386 0 
0 0 0 0 0 0 0 0 0 724 0 0 
0 0 1990 0 0 5 0 0 0 0 0 0 
0 0 0 0 0 962 0 0 0 0 0 0 
0 0 1 0 3549 0 0 0 0 0 0 0 
0 0 0 0 0 1361 0 0 0 0 0 0 
0 0 2 0 1492 0 0 0 0 0 0 1 
0 0 0 0 0 1467 0 0 0 0 0 0 
0 0 0 0 0 0 0 0 0 0 731 0 
144 0 6 0 3087 2977 0 6 0 15 43 0 
0 0 0 0 0 0 2 0 0 1 5172 0 
0 0 0 0 0 0 0 0 0 867 0 0 
0 0 0 0 0 0 0 0 0 0 1881 0 
0 0 0 0 1734 0 0 0 0 0 0 0 
0 1 0 0 0 0 1 0 0 0 1526 0 
0 0 0 0 0 0 0 0 0 0 1606 0 
316 490 0 73 0 0 210 11 9 0 2806 8 
0 0 0 0 0 0 0 0 367 30 1261 0 
0 0 0 0 0 0 440 0 0 0 0 0 
0 0 0 0 0 2 1396 0 0 0 1 0 
0 0 0 0 0 0 0 0 322 0 0 0 
0 0 0 0 0 0 0 731 5 0 0 0 
0 0 1 1 0 5812 0 0 5 0 0 0 
0 0 0 5 15 4310 0 0 1 0 0 0 
0 0 0 0 0 0 0 0 0 1616 0 0 
0 0 0 0 0 0 0 0 0 0 563 0 
0 0 0 0 0 60 0 0 0 107 119 0 
0 0 0 0 0 1092 0 0 0 0 0 0 
0 0 0 0 0 2870 0 0 0 0 0 0 
0 0 0 12 0 0 0 951 0 0 0 0 
0 0 0 0 0 0 0 0 0 0 995 0 
0 88 0 36 2293 0 0 0 0 0 0 28 
0 0 0 22 0 8 0 0 388 2 0 14 
0 0 0 0 0 0 0 0 0 0 2576 0 
0 0 0 0 1 0 0 0 0 0 623 0 
0 0 0 0 0 1240 0 0 0 0 0 0 
0 432 0 0 0 0 0 0 0 0 0 0 
0 0 0 0 0 3 0 3 0 0 2121 0 
0 0 1 0 0 1706 0 0 0 0 0 1 
0 0 0 0 2617 186 0 0 0 1 0 1 
0 0 0 0 2836 12 0 0 0 0 0 0 
0 0 0 0 0 1 2 0 0 1530 0 0 
0 0 0 5 279 2049 0 4 0 0 0 0 
0 12 0 0 0 519 0 0 0 0 0 0 
0 0 0 359 0 0 0 0 0 0 0 0 
0 0 0 0 0 1 0 1 0 994 2 0 
0 0 0 0 411 0 0 0 0 0 0 0 
0 0 0 0 1130 0 0 5 0 0 0 0 
0 0 0 0 0 0 0 0 0 0 549 0 
0 0 0 0 0 0 0 0 0 1 1890 0 
0 1 0 0 1 753 0 0 0 1 0 0 
0 0 0 35 0 721 16 1233 42 6 0 0 
0 0 0 0 0 0 0 0 0 0 2500 0 
1 2 0 0 3 3486 0 1 0 0 8 0 
0 0 0 0 0 2972 0 0 0 0 0 0 
0 0 134 2150 103 0 0 0 0 0 0 0 
0 0 0 0 1918 0 0 0 0 0 0 0 
0 0 0 0 0 0 0 0 0 1290 0 0 
0 0 0 425 160 0 74 947 0 41 638 4 
0 0 1 0 0 0 0 0 1 0 2942 0 
0 1 1 1 0 0 0 5 0 1756 0 0 
0 0 0 0 0 1473 34 232 0 0 0 0 
0 0 0 0 0 0 0 0 0 0 767 0 
0 0 0 0 0 0 0 0 1 1031 0 0 
0 0 0 0 0 0 0 0 0 1254 0 0 
0 1 0 0 2130 0 0 0 0 0 2 0 
0 0 0 0 0 3043 1 0 0 0 0 0 
0 0 0 0 0 0 0 0 0 0 772 0 
0 0 0 0 2087 0 0 0 2 6 0 0 
478 0 10 0 0 0 0 0 0 0 0 10 
0 0 0 0 1256 0 0 0 0 0 0 0 
11 5 7 324 186 618 0 109 0 0 0 293 
0 0 0 0 397 100 274 14 7 0 0 1 
572 102 0 0 4 1 0 0 0 0 0 0 
0 0 0 323 1 0 0 0 0 0 0 0 
0 900 95 0 0 0 0 0 0 0 0 0 
0 0 0 0 0 0 0 0 0 0 2385 0 
0 0 0 0 0 619 0 0 0 0 0 0 
0 0 68 478 744 0 0 3 0 0 0 0 
0 0 0 0 1280 0 0 0 0 0 0 0 
2 0 0 0 0 0 0 0 0 0 699 0 
0 2 0 1 0 1382 0 0 0 0 2 0 
0 2 0 0 3 0 0 462 0 1 0 2 
1 0 0 0 0 0 176 176 1139 0 0 0 
0 0 1 0 23 0 0 633 154 174 1 0 
6 0 0 0 0 1139 0 0 0 0 0 0 
0 0 0 0 0 0 0 0 0 0 1437 0 
2378 60 0 0 20 34 3 377 53 0 150 0 
0 4 0 0 0 0 0 0 4 0 620 0 
0 37 237 0 26 0 0 0 0 0 0 4 
0 0 0 0 1 0 417 0 43 0 0 0 
0 270 0 44 0 0 0 0 0 4 1 3372 
0 7 1 0 7 0 0 0 196 220 0 0 
0 0 0 49 0 1168 0 0 0 0 48 0 
0 0 0 0 1240 0 0 0 0 0 0 0 
148 0 3 249 0 8 0 19 0 239 0 0 
0 0 0 0 636 0 1 0 0 0 0 0 
2 0 0 0 0 0 0 0 0 945 0 0 
0 0 0 1 0 0 0 0 0 0 831 0 
0 0 0 0 0 1830 0 0 0 0 1 0 
1 43 7 2 31 1 0 27 0 0 961 0 
0 0 417 0 0 0 0 0 0 0 0 0 
0 0 0 0 2315 0 0 0 0 0 0 0 
0 0 0 0 0 0 0 0 0 457 0 0 
0 0 0 0 2 0 0 0 0 0 272 0 
0 0 0 0 2261 1 0 0 0 0 0 0 
0 0 0 364 243 44 75 62 0 0 0 21 
0 0 0 0 766 0 0 0 0 0 0 0 
0 0 0 0 0 0 0 0 0 0 1410 0 
38 0 17 0 458 2152 0 3 0 17 13 1 
0 0 447 1 227 0 0 0 0 0 1 0 
0 0 0 0 1346 1 0 0 0 0 0 0 
0 0 0 0 0 978 0 0 0 0 0 0 
104 0 0 0 0 0 225 0 0 0 0 11 
0 0 5 0 275 45 6 88 0 0 0 88 
0 0 0 0 1532 0 0 6 0 0 0 0 
0 0 1 0 523 0 2 0 0 0 0 0 
0 0 0 0 1026 0 0 0 0 0 0 0 
0 0 1 0 2 1 0 154 0 394 0 0 
0 459 303 60 0 0 0 0 117 0 0 0 
0 0 0 0 0 0 0 0 0 7 2010 0 
0 0 0 0 448 0 0 0 0 0 0 0 
0 0 0 118 2495 161 0 0 0 0 0 0 
2 0 706 1 0 0 0 0 0 72 0 6 
0 0 0 0 1 0 0 0 10 444 30 0 
0 0 0 0 0 1489 0 0 0 0 0 0 
0 2 0 0 0 0 626 0 0 0 0 0 
