7 3 0 490 79 54 0 0 0 0 2214 0 
0 0 0 752 3 12 447 0 0 0 0 0 
0 0 0 0 581 4523 1 0 0 0 0 0 
0 0 0 836 6 0 0 0 0 0 1 1 
0 0 0 3 0 158 0 22 0 5245 254 0 
2 0 0 2 0 37 0 0 0 3690 36 0 
0 0 0 0 0 0 0 0 0 0 700 0 
0 0 0 0 0 0 0 0 0 0 0 1515 
0 2 0 0 0 396 0 0 0 10 2137 0 
1 0 0 0 0 0 0 0 0 0 1501 0 
2 0 0 0 0 0 0 0 0 718 0 0 
1 0 1993 0 1 0 0 0 0 0 0 0 
0 0 0 0 0 960 0 0 0 0 0 0 
0 0 0 1 3518 0 0 0 0 0 0 0 
0 0 0 0 0 1399 0 0 0 0 0 0 
0 0 0 0 1543 5 0 0 0 0 0 0 
0 0 0 0 0 1437 0 0 0 0 0 0 
0 0 0 0 0 0 0 0 0 0 731 0 
0 0 125 3 4311 1756 1 0 0 0 24 8 
0 0 0 4 0 0 2 1 0 0 4988 0 
0 0 0 0 0 0 0 0 0 862 0 0 
0 0 0 0 0 0 0 0 0 0 1671 0 
0 0 0 0 1851 0 0 0 0 0 0 0 
0 0 0 0 0 0 0 0 0 0 1668 0 
0 0 0 0 0 0 0 0 0 0 1606 0 
1 0 0 0 0 0 0 0 0 0 3514 71 
0 0 0 0 0 0 7 0 321 58 1268 0 
0 0 0 0 0 0 440 0 0 0 0 0 
0 0 0 4 0 0 1392 0 0 0 0 0 
0 0 0 0 0 0 0 0 322 0 0 0 
0 0 13 0 0 0 0 719 0 0 0 4 
0 0 20 0 0 5552 1 22 0 5 2 0 
0 0 9 1 1 4308 0 0 0 0 0 0 
0 0 0 0 0 0 0 0 0 1616 0 0 
0 0 0 0 0 0 0 0 0 0 563 0 
0 5 0 6 0 43 160 0 72 0 0 0 
0 0 0 0 0 1090 0 0 0 0 0 0 
0 0 0 0 0 2708 0 1 0 0 0 0 
0 0 0 13 0 1 0 948 0 0 1 0 
0 0 0 0 0 0 0 0 0 0 984 0 
0 130 0 8 2219 0 1 0 6 0 1 60 
6 0 0 0 0 0 0 0 395 2 0 0 
0 0 0 0 0 0 0 0 0 0 2580 0 
0 0 0 0 0 0 0 0 0 0 621 0 
0 0 0 0 0 1240 0 0 0 0 0 0 
0 358 0 0 0 0 0 0 0 0 0 0 
0 0 1 4 0 0 2 0 0 0 2116 0 
0 0 0 1 0 1706 0 0 0 0 2 0 
0 0 0 0 2586 154 0 6 0 0 0 0 
0 0 0 0 3064 57 2 0 0 0 0 2 
0 0 0 0 0 0 0 0 0 1728 0 0 
0 0 0 0 217 2006 0 0 0 0 0 0 
0 0 0 0 2 459 0 0 0 111 0 0 
0 0 0 360 0 0 0 0 0 0 0 0 
0 0 0 0 0 0 0 0 0 998 0 0 
0 0 0 0 411 0 0 0 0 0 0 0 
0 0 0 0 0 0 0 0 0 0 549 0 
0 0 0 1 0 0 0 0 0 0 1890 0 
10 0 0 0 0 719 0 26 0 0 0 0 
0 0 0 0 0 753 0 1294 0 0 0 5 
0 0 0 0 0 0 2 0 0 0 2354 0 
0 0 4 0 0 3366 0 0 0 0 0 0 
0 0 0 0 0 2950 0 0 0 0 0 0 
35 0 0 1250 0 0 1 0 0 0 0 0 
0 0 0 0 1963 0 0 0 0 0 0 0 
0 0 0 0 0 0 0 0 0 1292 0 0 
0 0 0 360 72 311 83 331 0 1091 50 6 
0 0 0 1 0 1 0 0 1 1 3232 0 
0 0 0 0 0 1 0 0 0 1809 0 0 
0 0 0 2 0 1474 29 239 0 0 0 0 
0 0 0 0 0 0 0 0 0 0 767 0 
1 0 0 0 0 0 0 0 0 1140 0 0 
0 0 0 0 0 0 0 0 0 1248 0 0 
1 0 0 2 2095 0 0 0 1 0 0 0 
0 0 0 0 2 3159 2 0 0 0 0 0 
0 0 0 0 0 0 0 0 0 0 757 0 
0 4 0 0 1947 0 10 0 0 35 0 1 
481 0 8 0 0 0 0 0 0 0 0 9 
0 0 0 0 1259 0 0 0 0 0 0 0 
193 0 0 43 0 1215 4 0 0 93 6 0 
79 0 1 536 73 103 0 0 0 0 0 0 
601 44 12 0 0 1 1 0 0 12 0 0 
0 928 81 0 0 0 0 0 0 0 0 0 
0 0 0 0 0 0 0 0 0 0 2242 0 
0 0 0 0 0 618 0 0 0 0 0 0 
0 3 152 333 796 0 0 0 0 0 0 2 
0 0 0 0 1280 0 0 0 0 0 0 0 
0 0 0 0 0 0 0 0 0 0 701 0 
0 0 2 0 0 1502 0 0 2 0 0 0 
0 0 0 0 0 0 0 466 0 0 0 4 
0 0 0 0 0 0 230 150 1097 0 0 0 
734 8 11 11 0 0 0 101 33 0 105 15 
4 2 0 0 0 1205 0 0 0 0 0 0 
0 0 0 0 0 0 0 0 0 0 1437 0 
2351 4 0 0 0 0 0 322 282 0 154 0 
0 0 0 0 6 1 3 0 0 0 617 0 
8 112 95 0 39 13 2 0 25 0 0 10 
2 0 0 0 0 0 439 0 20 0 0 0 
0 198 0 40 1 0 0 0 0 0 0 3451 
0 0 0 0 0 0 0 0 161 270 0 0 
0 0 0 1 56 1208 0 0 0 0 0 0 
0 0 0 0 1247 0 0 0 0 0 0 0 
10 0 2 462 0 0 62 0 0 137 0 0 
0 0 0 0 603 0 0 0 0 0 0 0 
0 0 0 0 0 0 0 0 0 936 0 0 
0 0 0 0 0 0 0 0 1 0 830 0 
0 0 1 0 0 1826 0 0 0 0 0 0 
0 23 0 41 0 19 9 0 0 0 974 0 
0 0 402 0 0 0 1 0 0 13 2 0 
0 1 0 0 2285 0 0 1 0 0 0 0 
0 0 0 0 0 0 0 0 0 457 0 0 
0 0 3 0 0 0 0 0 0 0 271 0 
0 0 0 0 2250 0 1 0 0 0 0 0 
24 0 0 0 0 0 6 0 0 0 969 0 
0 0 0 0 757 0 0 0 0 0 0 0 
0 0 0 0 0 0 0 0 0 0 1577 0 
0 36 0 0 0 2532 0 2 0 17 0 25 
148 9 301 154 0 0 0 0 60 4 0 0 
0 0 0 0 1322 0 0 0 0 0 0 0 
0 0 0 0 0 978 0 0 0 0 0 0 
168 0 3 0 0 77 0 0 0 60 0 32 
449 0 2 0 1 4 47 0 0 4 0 0 
0 0 1 0 1761 0 0 1 0 0 0 0 
0 0 0 0 529 0 0 0 0 0 0 0 
0 0 0 0 968 0 0 0 0 0 0 0 
4 0 25 0 0 0 0 116 0 411 0 0 
5 0 685 0 75 0 0 0 0 0 189 1 
0 0 0 0 0 0 0 0 0 1 2018 0 
0 0 0 0 448 0 0 0 0 0 0 0 
0 1 1 0 2359 1 5 2 0 0 0 0 
308 0 57 148 8 0 0 0 35 64 171 0 
4 87 4 0 78 97 33 63 0 115 4 0 
0 0 0 0 0 1493 0 0 0 0 0 0 
0 0 0 0 0 0 629 0 0 0 0 0 
0 695 0 0 0 0 48 0 0 0 0 0 
0 0 49 1039 20 0 0 0 0 0 0 0 
0 0 0 0 1193 6 0 40 0 12 11 0 
