0 1 5 318 151 101 7 0 1 0 2252 0 
0 856 0 771 0 0 246 0 0 0 4 0 
0 0 0 0 86 4789 0 0 35 0 0 0 
0 0 0 515 0 0 0 0 0 0 0 0 
0 0 0 0 30 140 405 3 0 5176 281 0 
0 0 0 1 1 26 0 0 0 3824 24 0 
0 0 0 0 0 0 0 0 0 0 697 0 
0 0 0 0 0 0 0 0 0 0 0 1516 
0 2 5 160 0 352 0 0 0 0 1975 0 
0 0 0 0 0 0 0 0 1 0 1382 0 
0 0 0 0 0 1 0 0 0 705 0 0 
0 0 1995 0 0 0 0 0 0 0 0 0 
0 0 0 0 0 971 0 0 0 0 0 0 
0 0 0 0 3564 0 0 0 0 0 0 0 
0 0 0 0 0 1402 0 0 0 0 0 0 
0 0 0 0 1489 0 5 1 1 0 0 0 
0 0 0 0 0 1437 0 0 0 0 0 0 
0 0 0 0 1 0 0 0 0 0 730 0 
8 0 0 0 3651 2376 0 0 192 78 0 0 
0 0 0 8 0 0 0 0 0 0 5024 0 
0 0 0 0 0 1 0 1 0 865 0 0 
0 0 0 0 1 0 0 0 0 0 1823 0 
0 0 0 0 1737 0 0 0 0 0 0 0 
0 1 0 0 0 0 0 0 0 0 1523 0 
0 0 0 0 0 0 0 0 0 0 1606 0 
624 298 0 365 0 0 119 5 2 0 2519 1 
0 0 0 0 0 0 4 0 403 36 1214 0 
0 0 0 0 0 0 440 0 0 0 0 0 
0 0 0 0 0 0 1395 0 0 0 0 0 
0 0 0 0 0 0 0 0 322 0 0 0 
105 0 0 0 6 0 0 612 0 13 0 0 
3 0 1 0 39 5792 0 0 0 8 1 22 
2 0 0 0 25 4150 10 0 0 0 0 0 
0 0 0 0 0 0 0 0 0 1616 0 0 
0 0 0 0 0 0 0 0 0 0 563 0 
57 0 0 0 0 88 0 0 104 1 36 0 
0 0 0 0 0 1088 0 0 0 0 0 0 
0 0 0 0 0 2709 0 0 0 0 0 0 
0 0 0 10 0 0 0 947 0 6 0 0 
0 0 0 0 0 0 0 0 0 0 997 0 
0 171 5 14 2191 0 0 0 0 0 0 24 
45 3 0 0 0 21 0 1 368 0 1 0 
0 0 0 0 0 0 0 0 0 0 2532 0 
0 0 0 0 0 0 0 0 2 0 633 0 
0 0 0 0 0 1240 0 0 0 0 0 0 
0 432 0 0 0 0 0 0 0 0 0 0 
1 0 1 0 0 0 0 0 0 0 2168 0 
0 0 0 0 0 1713 0 0 0 0 0 0 
0 0 0 0 2589 97 4 0 8 0 0 0 
0 0 0 0 2854 17 0 0 0 0 0 1 
0 0 0 0 0 0 0 0 0 1631 0 0 
6 6 9 0 426 1906 0 0 0 3 8 1 
0 0 0 0 0 557 0 1 0 3 0 0 
0 0 0 362 0 0 0 0 0 0 0 0 
0 0 0 0 0 0 0 0 3 994 0 1 
0 0 0 0 411 0 0 0 0 0 0 0 
60 0 0 0 971 5 0 0 45 0 0 0 
0 0 0 0 0 0 0 0 0 0 549 0 
0 1 0 0 0 0 0 0 0 0 1869 0 
0 0 0 0 0 768 1 0 0 1 0 0 
16 0 0 0 0 1084 0 947 0 1 0 0 
0 0 0 0 0 3 0 0 0 1 2586 0 
0 0 0 0 0 3417 1 0 0 0 2 0 
1 0 0 0 0 2969 2 0 0 0 0 0 
0 1 136 2206 43 0 0 0 0 0 0 0 
0 0 0 0 1918 0 0 0 0 0 0 0 
0 0 0 0 0 0 0 0 0 1289 0 0 
0 0 0 1107 0 1 0 903 0 0 288 5 
0 0 0 0 0 0 0 0 1 0 3077 0 
0 0 0 0 0 0 0 0 2 1652 0 4 
0 0 0 0 0 1426 30 271 0 0 0 0 
0 0 0 0 0 0 2 0 0 0 765 0 
0 0 0 0 0 0 0 0 0 1032 0 0 
0 0 0 0 0 0 0 0 0 1252 0 0 
0 0 0 0 2243 0 0 0 0 1 0 0 
1 0 0 0 0 3022 0 0 3 0 0 0 
0 0 0 0 0 0 0 0 0 0 772 0 
0 0 0 6 2072 0 15 35 0 0 0 0 
476 0 10 0 0 0 0 0 0 0 0 12 
0 0 0 0 1256 0 0 0 0 0 0 0 
0 0 0 522 1 728 3 4 0 0 0 300 
0 6 4 0 199 203 302 74 0 0 1 5 
599 72 0 0 0 0 0 0 0 0 9 0 
0 0 0 323 0 0 0 0 0 0 0 0 
0 909 83 0 0 0 0 2 0 0 0 0 
0 0 0 0 0 0 0 0 0 0 2267 0 
0 0 0 0 0 618 0 0 0 0 0 0 
0 4 102 472 712 0 0 3 0 1 1 0 
0 0 0 0 1280 0 0 0 0 0 0 0 
0 0 0 0 0 0 0 0 0 0 701 0 
0 0 0 1 0 1370 0 1 0 4 0 0 
0 0 0 0 0 0 0 461 0 0 9 0 
0 0 0 0 0 1 237 160 1105 0 0 0 
1 0 0 49 89 0 6 235 69 534 0 3 
5 0 0 5 0 1242 0 2 0 0 0 0 
0 0 0 0 0 0 0 0 0 0 1452 0 
2491 83 0 0 0 0 0 241 77 0 164 0 
0 0 0 3 0 5 0 1 0 0 619 0 
0 7 52 103 0 3 132 0 0 1 6 0 
0 1 0 0 0 0 419 0 40 0 1 0 
0 217 0 72 0 0 0 0 0 0 0 3401 
0 0 9 0 0 18 0 0 174 230 0 0 
12 0 0 0 0 1120 0 23 9 0 4 119 
0 0 0 0 1238 0 0 0 0 0 0 0 
181 2 0 0 0 224 0 11 0 248 0 0 
0 0 0 0 647 0 0 0 0 0 0 0 
0 0 0 0 0 0 0 1 0 946 0 0 
0 0 0 0 0 0 0 0 0 0 841 0 
0 0 0 0 1 1805 0 0 0 0 0 0 
0 0 1 3 0 19 2 2 0 3 1040 0 
0 0 409 0 0 2 0 0 0 0 0 6 
0 0 0 0 2309 0 0 0 0 0 0 0 
0 0 0 0 0 0 0 0 0 439 0 0 
0 0 0 0 0 0 0 0 0 0 274 0 
1 0 0 0 2308 0 0 2 0 0 0 0 
0 0 0 194 0 63 431 121 0 0 0 0 
0 0 0 0 766 0 0 0 0 0 0 0 
0 0 0 0 0 0 0 0 0 0 1410 0 
0 0 8 1 55 2442 0 99 0 0 2 26 
0 0 294 0 338 0 0 0 3 0 40 0 
0 1 0 2 1344 0 0 0 0 0 0 0 
0 0 0 0 0 978 0 0 0 0 0 0 
153 0 1 29 0 0 145 8 0 4 0 0 
0 0 0 0 380 39 45 0 0 23 0 20 
0 0 0 0 1618 0 0 0 0 0 0 0 
0 0 0 0 433 0 0 0 0 0 0 0 
0 0 0 0 1046 0 0 0 0 0 0 0 
0 0 0 0 0 0 0 126 0 430 0 0 
4 588 191 123 0 0 0 0 31 0 0 2 
0 0 0 0 0 0 0 0 0 9 1994 0 
0 0 0 0 446 0 0 0 0 0 0 1 
0 0 0 0 2589 36 0 4 20 1 90 0 
1 2 685 0 0 7 0 0 0 0 92 0 
0 0 13 0 0 55 0 0 0 358 59 0 
0 0 0 0 0 1488 0 0 0 0 0 0 
0 0 1 0 0 0 628 3 0 0 0 0 
