0 1 0 519 44 84 0 0 0 0 2226 0 
0 936 0 669 0 0 274 0 0 1 0 0 
4 0 0 49 262 4607 0 0 0 0 2 0 
0 0 0 792 56 0 0 0 0 0 0 0 
11 1 0 0 14 159 422 0 18 5083 199 0 
0 0 1 0 0 21 1 0 0 3811 40 0 
0 0 0 0 0 0 0 0 1 0 722 0 
0 0 0 0 0 0 0 0 0 0 0 1517 
3 0 6 15 0 427 0 0 17 6 2014 0 
0 0 0 0 0 0 0 0 0 4 1385 0 
0 0 0 0 0 0 1 0 0 730 0 0 
0 1 1993 1 0 0 0 0 0 0 0 0 
0 0 0 0 0 942 0 0 0 0 0 0 
0 0 0 0 3575 0 0 0 0 0 0 0 
0 0 0 0 0 1435 0 0 0 0 0 0 
0 1 0 0 1479 0 0 0 0 0 0 0 
0 0 0 0 0 1467 0 0 0 0 0 0 
0 0 0 0 0 0 0 0 0 0 732 0 
219 3 0 0 3641 2253 0 1 37 7 31 0 
1 0 0 0 0 0 2 0 0 0 5157 0 
1 0 0 0 0 0 0 0 0 851 0 0 
0 0 0 0 0 0 1 0 0 0 1723 0 
0 0 0 0 1735 0 0 0 1 0 1 0 
0 0 0 0 0 0 0 0 0 0 1516 0 
0 0 0 0 0 0 0 0 0 0 1607 0 
182 339 12 36 0 1 29 0 0 0 3331 2 
0 0 0 0 0 0 0 12 318 16 1309 0 
0 0 0 0 0 0 440 0 0 0 0 0 
0 0 0 0 0 0 1399 0 0 0 0 0 
0 0 0 0 0 0 0 0 322 0 0 0 
17 0 0 0 0 0 5 707 7 0 0 0 
0 0 0 0 0 5647 8 0 35 0 0 0 
1 0 0 0 80 4211 3 0 0 0 15 0 
0 0 0 0 0 0 0 0 0 1616 0 0 
0 0 0 0 0 0 0 0 0 0 563 0 
0 0 1 0 0 71 0 0 5 36 173 0 
0 0 0 0 0 1092 0 0 0 0 0 0 
0 0 0 0 1 2862 0 0 0 0 0 0 
0 0 0 6 0 0 0 957 0 0 0 0 
0 0 0 0 0 0 0 0 0 0 990 0 
0 136 0 5 2226 0 0 0 0 0 0 24 
0 0 0 0 0 0 22 0 377 27 0 0 
0 0 0 0 0 0 0 0 0 0 2580 0 
0 0 0 0 0 0 0 0 0 0 624 0 
0 0 0 0 0 1240 0 0 0 0 0 0 
0 431 0 0 0 0 0 0 0 0 0 0 
0 0 1 0 0 0 0 0 0 0 2125 0 
0 0 0 0 0 1704 0 4 0 0 0 0 
0 0 2 0 2576 131 0 1 1 20 2 0 
3 0 2 0 2786 10 0 0 0 1 0 0 
0 0 0 0 0 0 0 0 0 1571 0 0 
0 0 0 0 291 2037 0 0 0 0 0 0 
2 0 0 2 0 549 0 0 8 0 0 0 
0 0 0 369 0 0 0 0 0 0 0 0 
0 0 0 0 0 0 0 0 0 998 0 0 
0 0 0 0 411 0 0 0 0 0 0 0 
0 0 4 25 916 0 0 29 0 0 0 4 
0 0 0 0 0 0 0 0 0 0 549 0 
0 0 0 0 0 0 0 0 0 0 1891 0 
0 0 0 0 0 732 0 0 0 0 0 0 
12 4 0 5 6 954 0 1069 4 0 0 0 
0 3 0 0 0 0 0 0 0 0 2590 0 
0 0 0 0 0 3402 0 0 6 0 0 1 
0 0 0 0 0 2805 0 0 0 0 0 0 
0 0 89 2257 57 1 1 0 0 0 3 0 
0 0 0 0 1963 0 0 0 0 0 0 0 
0 0 0 0 0 0 0 0 0 1290 0 0 
1 0 0 455 133 0 163 1155 2 36 363 0 
0 0 0 0 0 0 5 0 0 0 2915 0 
0 0 0 1 0 0 0 0 0 1733 0 0 
0 0 0 0 0 1467 21 250 0 0 0 0 
0 0 0 0 0 0 0 2 0 0 765 0 
0 0 0 0 0 0 0 0 0 1063 0 0 
0 0 0 0 0 0 0 0 0 1243 0 0 
2 0 0 0 2164 1 0 0 0 0 0 0 
0 0 0 1 0 3158 0 0 0 0 0 0 
0 0 0 0 0 0 0 0 0 0 758 0 
1 0 7 0 2079 0 0 0 0 0 0 1 
478 0 10 0 0 0 0 0 0 0 0 10 
0 0 0 0 1256 0 0 0 0 0 0 0 
0 0 0 310 512 436 0 0 1 0 1 294 
0 37 0 0 566 0 175 0 0 0 13 1 
620 48 0 0 0 0 0 0 0 0 0 5 
0 881 126 0 0 0 0 0 1 0 0 0 
0 0 0 0 0 0 0 0 0 0 2388 0 
0 0 0 0 0 619 0 0 0 0 0 0 
0 0 125 460 699 8 0 0 0 0 0 1 
0 0 0 0 1280 0 0 0 0 0 0 0 
0 0 0 0 0 0 0 0 0 0 701 0 
0 0 0 0 0 1481 0 0 0 0 0 0 
0 0 0 0 0 0 5 465 0 0 0 0 
0 0 0 0 0 0 193 171 1139 0 0 0 
0 0 0 0 0 11 10 552 222 191 0 0 
0 0 0 0 0 1204 9 9 0 0 0 0 
0 0 0 0 0 0 0 0 0 0 1437 0 
2319 66 0 0 34 2 0 264 169 0 208 2 
0 0 0 0 2 0 0 0 0 0 627 0 
0 0 141 0 91 0 1 0 68 0 3 0 
0 0 0 0 0 0 412 0 48 0 0 1 
0 214 0 37 0 0 0 0 0 0 0 3438 
0 0 0 0 0 0 0 2 153 276 0 0 
0 0 0 43 0 1179 0 0 0 0 47 2 
0 0 0 0 1236 0 0 0 0 0 0 0 
47 0 0 516 0 7 0 0 0 94 0 2 
0 0 0 0 640 1 0 0 0 0 0 0 
0 0 0 0 0 0 0 0 0 946 0 0 
0 0 0 0 0 0 0 0 0 0 840 0 
0 0 0 0 0 1805 0 0 0 0 0 0 
6 0 7 0 0 0 0 0 0 0 1060 0 
0 0 411 0 0 0 0 0 7 0 0 0 
0 0 0 0 2296 0 0 0 0 0 0 0 
0 0 0 0 0 0 0 0 0 456 0 0 
0 0 0 0 0 0 0 1 0 0 273 0 
0 0 0 0 2322 0 0 0 0 0 0 0 
0 6 2 219 264 30 53 110 0 0 15 110 
0 0 0 0 739 0 0 0 0 0 0 0 
0 0 0 0 0 0 0 0 0 0 1410 0 
0 0 0 0 276 2415 0 0 0 0 0 0 
0 0 435 0 232 0 0 2 0 0 2 5 
0 0 0 0 1331 0 1 0 0 0 0 0 
0 0 0 0 0 978 0 0 0 0 0 0 
70 0 13 6 0 0 239 0 0 0 12 0 
2 0 8 0 177 68 48 50 9 0 0 147 
0 0 0 0 1685 0 0 0 0 0 0 0 
0 0 0 0 544 0 0 0 0 0 0 0 
0 0 0 0 1039 0 0 0 0 0 0 0 
0 0 0 0 0 0 0 133 0 421 0 1 
0 408 221 61 0 18 0 0 229 2 0 0 
0 0 0 0 0 0 0 0 0 4 2012 0 
0 0 0 0 448 0 0 0 0 0 0 0 
0 0 0 28 2616 127 4 0 0 4 0 0 
0 1 770 3 0 6 2 0 2 2 2 0 
0 0 0 0 0 0 0 0 0 442 43 0 
0 0 0 0 0 1490 0 0 0 0 0 0 
4 0 2 0 0 0 622 0 0 0 0 0 
