0 0 0 314 107 31 0 0 0 0 2397 2 
0 1351 2 1109 2 0 364 0 0 0 0 2 
0 0 0 0 347 4712 0 1 0 0 2 0 
0 0 8 471 0 1 0 1 0 0 0 0 
0 0 0 0 12 123 418 0 0 5070 351 7 
0 0 0 1 0 33 0 0 0 3834 42 0 
0 0 0 0 0 0 0 0 0 0 749 0 
0 0 0 0 1 0 0 0 0 0 0 1514 
0 2 0 163 0 319 0 0 15 0 1970 29 
0 0 0 0 0 0 0 14 1 21 3013 0 
0 0 0 0 0 0 0 0 0 706 0 0 
0 0 2780 2 1 0 0 0 0 0 0 0 
0 0 0 0 0 923 0 0 0 0 0 0 
0 0 0 0 3836 0 0 0 0 0 0 0 
0 0 0 0 0 1397 0 0 0 0 0 0 
1 0 2 0 1956 0 0 1 0 0 0 2 
0 0 0 0 0 1437 0 0 0 0 0 0 
0 0 0 0 0 0 0 0 0 0 574 0 
0 2 1 6 3486 2892 0 72 0 0 32 0 
1 0 0 3 13 4 0 4 0 0 5795 2 
0 0 0 0 0 0 0 0 0 869 2 0 
0 1 0 0 0 0 0 0 0 7 1283 0 
0 0 0 0 1003 0 0 0 0 0 0 0 
0 0 0 0 0 0 0 0 0 0 1290 0 
0 0 0 0 0 0 0 0 0 0 1606 0 
0 369 149 787 0 357 531 12 286 0 1452 227 
0 0 0 0 0 0 0 0 349 63 1248 0 
0 0 0 0 0 0 440 0 0 0 0 0 
0 0 0 0 0 0 2043 0 0 3 0 0 
0 0 0 0 0 0 0 0 322 0 0 0 
0 24 0 0 0 0 0 712 0 0 0 0 
0 0 0 0 197 5371 0 0 0 0 9 0 
2 0 9 3 452 4130 0 0 14 10 12 29 
0 0 0 0 0 0 0 0 0 1616 0 0 
0 0 0 0 0 0 0 0 1 0 562 0 
2 0 0 0 0 0 0 0 284 0 0 0 
0 0 0 0 0 2291 0 0 0 0 0 0 
0 0 1 0 0 2708 0 0 0 0 0 0 
0 0 0 13 0 0 0 1029 0 0 0 0 
0 0 0 0 0 0 0 0 0 0 1001 0 
0 157 0 17 2285 0 0 0 0 0 0 36 
7 0 0 21 1 0 0 0 376 0 0 4 
0 0 0 0 0 0 0 0 0 0 2270 0 
0 0 0 0 0 0 0 0 0 0 637 0 
0 0 0 0 0 738 0 0 0 0 0 0 
0 416 0 0 0 0 0 0 0 0 0 0 
0 0 2 0 0 1 0 3 0 0 2144 0 
0 1 0 0 1 1717 0 0 0 0 0 0 
0 0 14 0 2519 360 0 2 0 7 7 0 
0 0 0 0 2890 11 0 0 0 0 0 0 
0 0 1 0 0 0 0 0 0 1417 0 0 
6 0 0 0 408 1897 0 0 2 0 29 0 
0 0 0 5 3 544 0 0 0 0 9 0 
0 0 0 361 0 0 0 0 0 0 0 0 
3 0 0 0 0 0 0 0 0 995 0 0 
0 1 0 0 489 0 0 0 0 0 0 0 
1 0 0 0 782 1 0 0 0 23 0 0 
0 0 0 0 0 0 0 0 0 0 549 0 
0 0 0 0 0 0 0 1 0 9 2112 0 
0 0 2 1 2 726 5 22 0 5 0 0 
0 81 0 2 0 707 84 1152 20 0 0 3 
0 0 0 0 0 0 0 0 0 0 1826 0 
177 0 53 0 164 2300 0 0 223 149 66 59 
0 0 0 0 2 2809 0 0 0 0 0 0 
0 0 80 2261 74 0 0 0 0 4 0 0 
0 0 0 0 1918 0 0 0 0 0 0 0 
0 0 0 0 0 0 0 0 0 1267 0 0 
58 218 2 180 956 0 108 361 0 0 600 0 
0 0 0 0 0 338 0 0 0 0 0 0 
755 3 21 45 27 0 115 359 106 71 1801 0 
0 0 0 4 0 0 1 0 0 1874 1 0 
0 0 0 0 0 1810 30 322 1 0 0 0 
0 0 0 1 0 0 0 0 0 0 766 0 
0 0 0 0 0 0 0 0 0 1063 0 0 
0 0 0 0 0 0 0 0 0 1259 0 0 
0 0 0 0 0 659 0 0 0 0 0 0 
0 0 0 0 2706 4 0 0 0 0 0 0 
0 0 0 0 0 3053 0 0 0 0 0 0 
0 0 0 0 0 0 0 0 0 0 769 0 
9 0 40 0 1801 110 4 0 0 0 0 10 
484 0 19 0 0 0 0 0 0 0 0 12 
0 0 0 0 1258 0 0 0 0 0 0 0 
0 388 0 259 100 516 336 0 5 0 0 49 
0 0 1 326 149 270 31 16 0 0 4 0 
0 0 0 0 1328 0 1 0 0 0 0 0 
604 51 0 0 0 0 0 0 0 0 0 0 
0 0 0 324 1 0 0 0 0 0 0 0 
0 922 80 0 0 0 0 0 0 0 0 0 
0 0 0 0 0 0 0 0 0 0 1674 0 
0 0 0 0 0 616 0 0 0 0 0 0 
0 0 0 0 660 0 0 0 0 0 0 0 
0 2 353 591 433 0 0 0 0 0 0 0 
0 0 0 0 807 0 0 0 0 0 0 0 
0 0 0 0 0 0 0 0 0 0 2176 0 
0 0 0 0 0 1384 0 0 0 0 1 0 
0 1 0 0 0 0 0 458 0 401 0 0 
0 0 0 0 0 0 220 215 1047 0 0 0 
0 0 0 10 0 239 0 545 6 186 0 0 
77 0 0 31 356 263 23 47 49 107 15 51 
0 0 0 0 0 0 0 0 0 0 1609 0 
2427 55 0 0 0 16 0 301 132 0 108 1 
0 0 0 2 0 0 1 6 0 0 619 0 
0 0 0 51 4 3 0 0 0 1 155 57 
0 0 0 0 0 0 425 0 35 1 0 0 
0 221 2 35 0 0 0 0 0 0 0 3445 
3 1 0 0 0 0 0 0 373 0 0 4 
2 2 0 0 0 1469 11 2 1 0 0 0 
0 0 0 0 1143 0 0 0 0 0 0 0 
21 0 0 0 2253 13 0 2 0 0 0 0 
2 0 342 1 0 0 0 253 0 0 0 68 
0 0 0 0 588 0 0 0 0 0 0 0 
0 0 0 0 0 0 0 0 0 540 0 0 
0 0 0 0 0 0 0 0 0 0 831 0 
0 0 0 4 0 1844 0 0 8 0 16 0 
32 52 1 64 52 0 38 0 0 0 828 0 
0 1 374 0 0 0 0 0 0 0 1 0 
0 1 0 0 2370 0 0 0 0 0 0 0 
0 0 0 0 0 0 0 0 0 494 0 0 
0 0 0 0 0 0 0 0 0 0 274 0 
0 2 0 0 2117 0 0 0 0 0 0 0 
0 0 0 0 0 0 0 0 0 0 1049 0 
0 0 90 156 268 117 0 1 177 0 0 0 
0 0 0 0 815 0 0 0 0 0 0 0 
0 0 0 0 0 0 0 0 0 0 637 0 
0 0 3 37 265 1210 10 4 0 0 1320 77 
57 1 0 44 0 0 0 0 0 14 526 0 
0 0 0 0 694 0 0 0 0 0 0 0 
0 0 0 0 0 978 0 0 0 0 0 0 
323 17 0 0 0 0 0 0 0 0 0 0 
0 1 16 0 474 5 0 0 0 0 1 0 
0 0 0 1 2034 0 0 0 0 0 0 0 
