0 4 0 28 132 1575 825 12 0 0 264 0 
0 0 0 0 73 1378 0 0 1 0 0 423 
0 0 0 0 0 0 0 0 0 0 4677 0 
0 201 0 10 270 0 0 0 0 0 0 0 
0 0 1 0 0 5546 496 26 0 20 1 0 
0 0 0 0 1 3892 0 0 0 0 13 1 
0 0 0 0 0 682 0 0 0 0 0 0 
0 0 0 0 1514 0 0 1 0 0 0 0 
0 0 0 0 1668 734 7 0 2 0 54 0 
0 0 0 130 1 1373 0 181 0 0 1 0 
0 0 0 0 0 0 0 725 0 0 0 0 
0 0 0 0 0 0 0 0 0 0 0 2783 
0 0 0 0 0 0 0 0 0 0 954 0 
0 1 0 0 0 0 0 0 2 0 3472 0 
0 0 0 0 0 0 0 0 0 0 1361 0 
0 0 0 6 0 0 4 0 0 0 120 1383 
0 0 0 0 0 0 0 0 0 1467 0 0 
0 0 0 0 0 0 0 0 0 0 577 0 
0 0 0 0 0 0 0 0 0 0 6629 0 
1 0 0 0 5 5189 0 3 6 3 0 0 
0 0 0 0 0 869 0 0 0 0 0 0 
0 0 0 0 0 1696 0 0 0 1 0 0 
0 0 0 19 0 0 0 0 0 0 1726 0 
0 0 0 0 1290 0 0 0 0 0 0 0 
0 0 0 0 152 0 0 227 0 0 0 1227 
0 0 0 0 2894 1263 0 0 0 1 2 5 
0 0 1436 4 0 0 7 0 0 7 200 1 
440 0 0 0 0 0 0 0 0 0 0 0 
1 13 0 0 0 0 1498 0 1 1 546 0 
0 0 0 0 0 0 0 0 0 0 322 0 
0 0 0 0 0 0 0 736 0 0 0 0 
0 0 1 0 0 0 0 0 0 0 5580 0 
0 0 0 0 0 0 0 0 0 0 4747 0 
0 0 0 0 40 0 225 193 342 813 3 0 
0 0 0 0 563 0 0 0 0 0 0 0 
0 0 0 0 0 0 286 0 0 0 0 0 
0 0 0 14 847 1317 2 86 0 7 0 0 
0 0 0 0 0 0 0 0 0 0 2827 0 
0 0 0 207 0 0 0 20 0 736 0 0 
0 0 0 0 0 1001 0 0 0 0 0 0 
0 109 0 0 0 0 0 0 0 1 0 2313 
1 0 0 0 0 0 0 0 409 0 0 0 
114 7 1 0 3 729 214 132 953 0 4 423 
0 0 0 0 0 0 6 0 0 0 630 0 
0 0 0 0 0 0 0 0 0 0 697 0 
0 0 0 0 1 0 0 274 0 0 0 155 
2 206 5 0 0 90 437 92 979 0 0 308 
0 0 0 0 0 0 0 0 0 1708 0 0 
0 9 0 0 0 0 0 0 29 0 2687 7 
0 0 0 0 0 0 0 0 0 0 2909 0 
0 0 0 0 0 1622 0 0 0 0 0 0 
0 0 0 0 0 0 0 0 0 0 2456 0 
0 0 0 0 0 0 0 0 0 561 0 0 
0 0 0 0 0 0 0 0 0 0 0 362 
0 0 0 0 0 998 0 0 0 0 0 0 
0 0 228 0 5 146 0 0 0 16 4 12 
16 0 0 0 0 1 0 0 0 1 978 10 
0 0 0 0 0 549 0 0 0 0 0 0 
2 0 0 0 0 1886 2 0 0 1 0 0 
0 0 0 1 0 0 0 0 0 737 0 0 
0 0 0 0 0 0 0 0 0 2050 0 0 
0 0 4 0 93 2113 3 59 65 177 0 0 
0 0 0 0 0 0 0 0 0 0 3675 0 
0 0 0 0 0 0 0 0 0 0 2893 0 
0 15 0 4 0 0 0 0 0 1 2402 0 
0 0 0 0 0 0 0 0 0 0 1962 0 
236 238 0 4 38 0 351 0 1 55 7 324 
0 0 0 0 0 2354 0 0 0 0 0 0 
0 0 0 1 0 372 0 0 4 0 0 0 
0 0 0 0 0 2868 0 0 0 0 0 1 
0 0 0 0 0 1663 0 0 0 0 0 0 
2 1 0 0 25 1321 0 92 338 402 0 0 
0 0 0 0 4 0 0 2 0 30 0 731 
0 0 0 0 0 1032 0 0 0 0 0 0 
0 0 0 0 0 1186 0 0 0 0 0 0 
0 0 0 0 0 0 0 0 0 1 2227 0 
0 0 0 0 0 0 0 0 0 0 3326 0 
0 0 57 1 0 6 0 0 0 0 689 25 
0 0 0 0 0 0 0 0 0 0 2107 0 
33 0 0 0 0 0 0 0 0 0 0 465 
0 0 8 1091 12 1 0 0 22 119 0 4 
0 0 0 0 0 0 0 0 0 0 0 1558 
0 0 0 0 0 792 0 1 0 0 0 4 
628 30 0 0 0 0 0 0 0 0 0 22 
0 0 3 0 319 3 0 0 0 0 0 0 
96 897 0 0 0 0 0 0 0 1 0 0 
0 0 0 0 0 2068 0 0 0 0 0 0 
9 4 1 0 2 0 585 0 15 0 0 0 
2 0 1174 122 46 2 0 0 0 0 0 0 
0 2 0 3 0 0 0 0 0 0 1275 0 
0 0 0 0 0 701 0 0 0 0 0 0 
0 0 1 1 0 0 0 0 0 0 1216 0 
0 0 0 7 0 0 0 0 0 489 5 0 
0 0 0 0 0 247 1140 101 10 0 0 1 
0 0 0 0 0 0 0 0 0 0 986 0 
0 0 0 0 0 0 0 0 0 0 1154 0 
0 0 0 2 62 0 0 0 0 428 1120 0 
0 33 0 0 1 0 22 769 2205 0 35 0 
0 1 0 0 0 622 0 2 0 0 3 0 
0 0 0 0 304 0 0 0 0 0 0 0 
0 0 0 0 0 0 18 0 134 309 0 0 
0 66 548 590 2483 0 0 0 0 0 0 4 
0 0 195 1 95 0 0 2 0 77 7 4 
0 0 0 0 0 0 0 0 0 0 1252 5 
0 0 0 1087 136 0 0 4 0 0 0 0 
0 0 0 0 388 9 21 0 19 0 229 0 
0 0 0 0 0 0 0 0 0 0 731 0 
0 0 0 0 0 0 8 0 0 836 104 0 
24 0 0 0 0 0 0 63 0 740 0 5 
0 0 0 0 0 4 0 1 0 0 1804 0 
0 0 987 1 0 5 0 0 6 7 66 0 
0 0 93 0 307 1 0 0 0 0 0 0 
0 0 0 0 0 0 0 0 0 0 2326 0 
1 0 0 1 0 425 0 0 67 0 0 0 
0 273 0 0 0 0 0 0 0 1 0 0 
0 0 0 0 0 0 0 0 0 0 0 2252 
0 0 0 1 0 808 0 0 0 0 0 0 
10 0 0 0 261 489 0 5 1 0 0 0 
0 0 0 0 0 1409 0 1 0 0 0 0 
0 0 0 0 0 1 0 0 0 0 2879 0 
0 0 0 0 0 0 0 0 0 0 674 0 
0 0 0 0 0 0 0 0 0 0 788 0 
0 97 0 0 674 204 0 0 0 0 3 0 
171 5 0 60 0 1 0 82 15 0 0 6 
0 0 0 0 0 505 0 0 7 0 0 0 
0 0 0 0 0 0 0 0 0 0 1749 0 
0 0 0 0 0 0 0 0 0 0 446 0 
0 0 0 0 0 0 0 0 0 0 946 0 
0 0 3 0 0 388 0 161 4 0 0 0 
1 0 0 0 0 932 0 0 0 0 6 0 
0 0 0 0 0 2027 0 0 0 0 0 0 
0 0 0 1 0 0 0 2 0 0 431 0 
0 0 0 0 0 0 0 0 0 0 2815 0 
