0 0 0 0 262 1612 854 0 1 0 149 0 
0 0 0 0 63 1394 0 2 0 0 0 422 
0 0 0 0 0 0 0 0 0 0 4738 0 
1 319 0 102 424 0 0 0 0 0 0 0 
0 0 0 0 0 5345 552 4 0 37 0 0 
1 1 0 0 0 3831 0 0 1 0 7 0 
0 0 0 0 0 616 0 0 0 0 0 0 
1 0 0 0 1515 0 0 0 0 0 0 0 
0 0 0 0 1549 823 0 0 0 0 116 0 
0 0 10 272 0 1074 0 7 32 2 0 0 
0 0 0 0 0 0 0 732 0 0 0 0 
0 0 0 0 0 0 0 0 0 0 0 1995 
0 0 0 0 0 0 0 0 0 0 952 0 
0 0 0 0 0 0 0 0 0 0 3665 0 
0 0 0 0 0 0 0 0 0 0 1429 0 
0 0 0 0 0 0 0 0 0 0 117 1395 
0 0 0 0 0 0 0 0 0 1437 0 0 
0 0 0 0 0 0 0 0 0 0 731 0 
0 0 0 0 0 0 0 0 0 0 6265 0 
1 0 0 1 0 5197 0 0 0 0 0 0 
1 0 0 0 0 827 0 0 0 0 0 0 
0 0 0 0 0 1855 0 0 0 0 0 0 
0 0 1 26 0 0 0 0 0 0 1708 0 
0 0 0 0 1525 0 0 0 0 0 0 0 
2 0 0 0 0 488 910 35 0 2 21 148 
0 0 0 0 2535 1387 0 0 0 0 0 0 
0 0 1562 0 0 0 0 0 0 0 95 0 
440 0 0 0 0 0 0 0 0 0 0 0 
0 0 4 0 0 0 0 5 17 0 1373 0 
0 0 0 0 0 0 0 0 0 0 322 0 
0 0 0 0 0 0 0 736 0 0 0 0 
0 0 0 0 0 0 1 0 0 0 5714 0 
0 0 0 0 0 0 0 0 3 0 4307 0 
37 16 23 0 5 2 281 3 828 418 3 0 
0 0 0 0 563 0 0 0 0 0 0 0 
0 0 0 0 0 0 286 0 0 0 0 0 
0 4 0 0 737 345 3 3 0 0 0 0 
0 0 0 0 0 0 0 0 0 0 2861 0 
0 0 0 222 0 0 0 14 0 727 0 0 
0 0 0 0 0 995 0 0 0 0 0 0 
1 132 7 0 0 0 0 0 0 0 0 2269 
0 0 0 1 0 0 0 0 423 0 0 0 
0 298 8 11 17 113 20 122 251 603 0 1089 
0 0 0 0 0 0 0 0 2 0 622 0 
0 0 0 0 0 0 0 0 0 0 1240 0 
0 0 0 0 0 0 0 279 0 0 0 152 
21 977 0 0 0 88 0 319 178 26 0 566 
0 0 0 0 0 0 0 0 0 1708 0 0 
0 0 0 0 0 11 0 0 18 0 2653 0 
0 0 0 0 0 0 0 0 0 0 2875 0 
0 0 0 0 0 1418 0 0 0 0 0 0 
0 0 0 0 0 0 0 0 0 0 2334 0 
0 0 1 0 0 0 0 0 0 560 0 0 
0 0 1 0 0 0 0 0 0 0 0 359 
0 0 0 0 0 998 0 0 0 0 0 0 
0 49 190 0 0 119 0 0 0 0 0 53 
0 0 0 0 0 0 0 0 0 0 956 44 
0 0 0 0 0 549 0 0 0 0 0 0 
0 0 2 0 0 1879 0 1 0 0 0 1 
0 0 0 0 0 0 0 0 0 758 0 0 
0 0 0 0 0 0 0 0 0 2053 0 0 
23 0 0 0 4 2483 0 0 0 0 0 0 
0 0 0 0 0 0 0 0 0 0 3569 0 
0 0 0 0 0 0 0 0 0 0 2887 0 
0 40 0 0 0 0 0 0 0 1 2347 0 
0 0 0 0 0 0 0 0 0 0 1963 0 
0 2 0 121 0 0 783 7 0 364 0 13 
0 0 0 0 0 2300 0 0 0 0 0 0 
0 0 0 0 0 2925 0 0 1 0 0 0 
0 0 0 0 0 1887 0 0 0 0 0 0 
0 0 0 1 4 1562 0 67 0 108 0 1 
0 0 0 0 0 0 194 22 81 23 0 447 
0 0 0 0 0 1087 0 0 0 0 0 0 
0 0 0 0 0 1250 0 0 0 0 0 0 
0 0 0 0 0 0 0 0 0 4 2225 0 
0 0 0 0 0 0 0 0 0 0 3138 1 
1 0 0 3 1 0 0 0 0 39 698 15 
0 2 0 0 3 1 0 0 0 0 2043 0 
30 0 0 0 0 0 0 1 0 0 0 467 
33 0 0 1205 0 2 9 0 0 5 0 2 
0 0 0 0 0 0 0 0 0 0 0 1555 
0 0 0 0 0 792 0 0 0 0 0 0 
627 16 0 0 0 1 1 0 0 0 0 28 
101 906 0 0 0 0 0 0 0 0 0 0 
0 0 1 0 0 2419 0 0 0 0 0 0 
0 0 0 0 0 0 619 0 0 0 0 0 
0 0 1255 0 38 0 0 0 0 0 0 0 
0 0 0 0 0 0 0 0 0 0 1280 0 
1 1 0 0 0 699 0 0 0 0 0 0 
0 0 0 0 0 0 1 0 0 0 1515 0 
0 0 4 0 0 0 0 0 2 464 0 0 
0 0 1 0 0 259 1157 76 8 2 0 0 
0 0 0 0 0 0 0 0 0 0 986 0 
0 0 1 0 0 2 0 0 3 0 1092 0 
76 91 0 0 25 54 0 5 19 0 1164 3 
0 31 7 0 0 0 44 661 2257 0 67 0 
0 0 0 0 0 624 0 0 0 4 0 0 
0 0 1 0 303 0 0 0 0 0 0 0 
0 0 0 0 0 0 10 0 129 321 0 0 
0 57 543 515 2574 0 1 0 0 0 0 0 
0 0 0 0 37 0 0 0 388 0 0 6 
0 0 0 0 0 1 0 0 0 0 1252 5 
12 1 0 961 231 0 0 4 0 0 31 0 
231 0 2 0 249 0 11 0 4 0 0 169 
0 0 0 0 0 0 0 0 0 0 639 0 
0 0 21 0 0 17 0 0 0 908 0 0 
1 0 0 0 0 13 0 0 20 797 0 0 
0 0 0 0 0 5 0 0 0 0 1794 0 
0 5 959 0 2 0 0 0 0 0 105 0 
1 18 126 92 176 0 0 0 0 0 4 0 
0 0 0 0 0 0 0 0 0 0 2208 0 
0 0 0 0 0 456 0 0 0 0 0 0 
0 274 0 0 0 0 0 0 0 0 0 0 
0 0 0 0 0 0 0 0 0 0 3 2275 
0 0 0 0 0 808 0 0 0 0 0 1 
0 42 0 0 428 291 0 0 0 0 0 0 
0 0 0 0 0 1410 0 0 0 0 0 0 
0 0 0 0 1 0 0 0 0 0 2629 0 
0 0 0 1 0 0 0 0 0 0 675 0 
0 1 0 0 0 0 0 0 0 0 1343 1 
0 293 152 1 137 0 354 0 0 5 0 36 
0 0 0 2 0 0 0 338 0 0 0 0 
0 0 0 0 0 507 0 0 2 0 0 0 
0 0 0 0 0 0 0 0 0 1 1672 0 
0 0 0 0 0 0 0 0 0 0 526 0 
0 0 0 0 0 0 0 0 0 0 1019 0 
0 2 1 4 0 392 0 155 0 0 0 0 
0 1 0 3 31 884 0 0 0 0 1 19 
0 0 0 0 0 2004 0 0 0 0 0 0 
0 3 0 0 0 0 2 0 0 0 443 0 
0 0 0 0 0 0 0 0 2 0 2775 0 
0 0 0 0 0 0 1 0 0 0 0 787 
76 0 0 0 0 13 0 0 366 0 0 30 
0 0 9 0 584 894 0 3 0 0 0 0 
8 0 1 0 0 0 620 0 0 0 0 0 
