0 0 0 0 195 1585 899 0 0 0 168 0 
0 0 0 0 0 1183 31 0 0 0 0 0 
0 0 0 0 0 0 0 0 0 3 4695 0 
2 325 0 111 405 0 0 0 0 0 0 0 
0 0 0 0 0 5154 450 64 0 26 1 0 
0 0 0 1 0 3781 0 0 0 0 13 0 
0 0 0 0 0 638 0 0 0 0 0 0 
0 0 0 0 1515 0 0 0 0 0 0 0 
0 0 0 0 1639 809 0 0 0 0 75 0 
3 0 0 542 286 685 0 0 0 0 12 0 
0 0 0 0 0 0 0 706 0 0 0 0 
0 0 0 0 0 0 0 0 0 0 0 1995 
0 0 0 0 0 0 0 0 0 0 967 0 
0 0 0 0 1 0 0 0 0 0 3571 0 
0 0 0 0 0 0 0 0 0 0 1401 0 
2 0 0 0 0 0 0 0 0 0 165 1354 
0 0 0 0 0 0 0 0 0 1437 0 0 
0 0 0 0 0 0 9 0 0 1 722 0 
0 0 0 0 2 0 0 0 0 0 6351 0 
0 0 0 2 0 5001 0 0 0 3 0 0 
0 0 0 0 1 846 0 0 0 0 0 0 
0 0 0 1 0 1637 0 0 0 0 0 0 
0 0 0 15 0 1 0 0 0 0 1845 0 
0 0 0 0 1758 0 0 0 0 0 0 0 
0 0 0 801 0 0 0 0 1 0 0 804 
0 0 0 0 2103 1366 0 0 6 1 0 1 
0 0 1577 0 0 0 0 0 0 0 72 6 
440 0 0 0 0 0 0 0 0 0 0 0 
0 0 2 27 0 47 0 0 0 0 1320 0 
0 0 0 0 0 0 0 0 0 0 322 0 
0 0 0 0 0 0 0 736 0 0 0 0 
0 0 0 0 0 0 0 0 0 0 5511 0 
2 0 0 0 11 0 0 1 0 0 4426 0 
2 114 41 0 1 0 0 19 1437 0 0 2 
0 0 0 0 563 0 0 0 0 0 0 0 
0 0 0 1 0 0 285 0 0 0 0 0 
0 0 35 42 690 67 0 11 0 246 0 0 
0 0 0 0 0 0 0 0 0 0 2842 0 
0 0 0 253 0 0 0 16 0 694 0 0 
0 0 0 0 0 990 0 0 0 0 0 0 
0 78 0 0 0 0 0 0 0 0 0 2344 
0 0 0 0 0 0 0 0 402 0 0 0 
0 483 0 0 0 0 170 0 32 1372 0 520 
0 0 0 0 0 0 0 0 0 0 624 0 
0 0 0 0 0 0 0 0 0 0 1240 0 
0 0 0 0 0 0 0 341 0 0 0 24 
37 451 0 0 32 0 18 0 306 772 0 509 
0 0 1 0 0 0 0 0 0 1711 0 0 
0 0 5 0 0 0 0 6 0 0 2566 0 
0 0 0 0 0 0 0 0 0 0 3147 0 
0 0 0 0 0 1728 0 0 0 0 0 0 
0 0 0 0 0 0 0 0 0 0 2269 0 
0 1 0 0 0 0 0 0 0 560 0 0 
0 0 0 0 1 0 0 0 0 0 0 359 
0 0 0 0 0 998 0 0 0 0 0 0 
0 2 0 1 0 299 1 0 0 0 0 108 
0 0 1 0 2 2 0 1 0 0 798 0 
0 0 0 0 0 549 0 0 0 0 0 0 
0 0 0 0 0 1868 0 0 0 0 0 0 
0 0 0 0 0 0 0 0 0 761 0 0 
0 0 0 0 0 0 0 0 0 2046 0 0 
0 0 0 0 0 2409 0 0 0 139 79 0 
0 0 0 0 0 0 0 0 0 0 3374 0 
0 0 0 0 0 0 0 0 0 0 2824 0 
0 0 0 0 0 0 0 0 0 0 1285 0 
0 0 0 0 0 0 0 0 0 0 1963 0 
0 7 0 0 0 1 242 4 0 749 50 242 
0 0 0 0 0 2327 0 0 0 0 0 0 
0 0 0 0 0 3128 0 0 0 0 0 0 
0 0 0 0 0 1810 0 0 0 0 4 0 
7 0 0 7 0 1420 5 206 0 89 0 0 
331 1 0 0 0 0 5 0 80 3 1 346 
0 0 0 0 0 1089 0 0 0 1 0 0 
0 0 0 0 0 1253 0 0 0 0 0 0 
0 1 0 0 0 0 0 0 0 0 2064 3 
0 0 0 0 0 0 0 0 0 0 3316 0 
65 14 1 0 0 0 39 0 0 0 641 0 
0 0 0 0 0 0 0 0 0 0 2074 2 
30 0 0 0 0 0 0 0 0 0 0 468 
0 0 0 1027 0 35 1 28 0 0 177 0 
0 0 0 0 0 0 0 0 0 0 0 1514 
0 0 0 0 0 791 0 1 0 0 0 0 
623 27 0 0 0 3 0 0 0 0 0 26 
93 908 0 0 0 0 0 0 0 0 0 0 
0 1 0 0 0 2164 0 0 4 0 0 0 
0 0 5 0 0 0 613 0 0 0 0 0 
0 0 1246 0 34 2 0 0 1 0 0 4 
0 2 0 0 0 0 0 0 0 0 1278 0 
0 0 0 0 1 700 0 0 0 0 0 0 
0 0 1 0 0 0 0 0 0 0 1468 0 
0 0 1 0 8 0 0 0 0 461 0 0 
0 0 0 0 0 230 1147 105 10 0 0 0 
0 0 0 0 0 0 0 0 0 0 1021 0 
0 0 0 0 0 0 0 0 0 0 1285 0 
0 14 0 0 0 30 0 0 4 0 1405 0 
0 32 0 0 0 0 108 602 2324 0 30 0 
0 0 0 0 1 624 0 0 0 2 0 2 
0 0 0 0 303 1 0 0 0 0 0 0 
0 0 0 0 0 0 10 0 156 295 0 0 
6 74 516 585 2499 1 0 4 0 4 0 0 
0 0 2 0 0 0 0 6 423 0 0 0 
0 0 0 1 0 0 0 0 0 1 1230 75 
0 0 6 1016 223 1 0 0 0 0 1 1 
0 0 624 0 0 4 1 0 0 0 0 44 
0 0 0 0 0 0 0 0 0 0 632 0 
0 12 0 3 48 0 0 0 4 847 29 3 
0 11 0 0 0 191 6 0 0 617 0 6 
0 0 0 0 0 5 0 0 0 0 1810 0 
2 0 974 0 0 0 0 0 0 0 90 0 
0 0 98 41 278 0 0 0 0 0 0 2 
0 0 0 0 0 0 0 0 0 0 2278 0 
0 0 0 0 0 454 0 0 0 0 0 2 
0 274 0 0 0 0 0 0 0 0 0 0 
0 0 2 0 0 0 0 0 0 0 0 2287 
0 0 0 0 0 1012 0 0 0 0 0 0 
2 2 0 0 274 391 3 0 42 40 2 2 
0 0 1 0 0 1576 0 0 0 0 0 0 
0 2 0 0 0 0 0 0 0 0 2595 2 
0 0 0 0 0 0 0 0 0 0 676 0 
0 0 0 0 0 0 0 0 0 0 1320 0 
10 0 719 0 0 0 87 0 4 152 0 6 
0 1 1 0 0 338 0 0 0 0 0 0 
0 0 0 0 0 507 0 0 0 0 0 0 
0 0 0 0 0 0 0 0 0 2 1773 0 
0 0 0 0 0 0 0 1 0 0 542 0 
0 0 0 0 0 0 0 0 0 0 962 0 
26 2 0 4 0 414 0 109 0 1 0 0 
0 0 0 0 0 917 2 1 0 0 31 0 
0 0 0 0 0 2023 0 0 0 0 0 0 
0 0 0 0 0 0 0 0 0 0 450 0 
0 0 1 0 0 0 0 0 0 0 2817 0 
0 0 0 0 0 0 0 0 0 0 0 793 
0 0 27 0 0 0 0 0 458 0 0 0 
0 1 2 0 502 988 0 0 0 0 0 0 
0 0 0 1 0 0 628 0 0 0 0 0 
0 0 0 0 68 0 0 0 0 0 0 675 
0 48 0 0 0 3 0 0 0 0 1054 0 
