0 13 0 0 358 1240 988 0 0 2 296 0 
0 0 0 0 0 1196 0 0 0 0 0 0 
0 0 0 0 0 0 0 0 0 0 4840 2 
0 321 0 109 437 4 0 0 0 0 0 0 
0 0 0 0 0 5312 474 102 0 24 0 0 
0 0 0 0 0 3883 0 1 0 0 8 0 
0 0 0 0 0 532 0 0 0 0 0 0 
0 0 0 0 1520 1 0 0 0 0 0 0 
0 0 0 0 1702 756 0 1 0 0 58 0 
0 1 14 396 117 843 29 0 0 0 0 32 
0 0 0 0 0 0 0 681 0 0 0 0 
0 0 2 0 0 0 0 0 0 0 0 1993 
0 0 0 0 0 0 0 0 0 0 974 0 
0 0 1 0 0 0 0 0 0 0 3746 0 
0 0 0 0 0 0 0 0 0 0 1401 0 
0 0 0 0 0 0 0 0 0 0 164 1333 
0 0 0 0 0 0 0 0 0 1437 0 0 
7 0 0 0 0 0 1 18 0 1 704 0 
0 0 0 0 0 0 0 0 0 0 6346 0 
0 0 0 0 0 5188 0 0 0 0 0 0 
0 0 0 0 2 881 0 0 0 0 0 0 
0 0 0 0 0 1713 0 0 0 0 0 0 
0 0 0 5 0 0 0 0 0 0 1780 0 
0 0 0 0 1514 0 0 0 0 0 0 0 
0 0 50 231 1 27 111 187 0 0 53 947 
0 6 0 3 2506 1342 2 0 4 0 0 1 
0 0 1565 0 0 0 0 0 0 0 92 0 
440 0 0 0 0 0 0 0 0 0 0 0 
38 6 0 0 13 38 0 0 0 0 1304 0 
0 0 0 0 0 0 0 0 0 0 322 0 
0 0 0 0 0 0 0 736 0 0 0 0 
0 0 0 0 0 0 0 0 0 1 5659 0 
0 0 0 0 5 0 0 0 0 0 4395 0 
17 0 0 0 0 0 0 1 1439 152 7 0 
0 0 0 0 563 0 0 0 0 0 0 0 
0 0 0 0 0 0 286 0 0 0 0 0 
42 0 8 0 851 137 21 0 0 0 35 0 
0 0 0 0 0 0 0 0 0 0 2830 0 
0 0 0 230 0 0 0 13 0 720 0 0 
0 0 0 0 0 986 0 0 0 0 0 0 
0 107 0 0 0 0 0 0 0 0 5 2322 
0 0 0 0 0 0 0 0 400 0 0 0 
0 271 6 0 62 305 59 286 347 560 1 667 
0 2 0 0 1 0 0 0 0 0 620 0 
0 0 0 0 0 0 0 0 0 0 1240 0 
0 0 0 0 0 0 0 322 0 0 0 58 
1 287 0 0 0 0 0 0 424 635 0 790 
0 0 1 0 0 0 0 0 0 1706 0 0 
0 0 3 0 0 0 0 0 0 4 2744 0 
0 0 0 0 0 0 0 0 0 0 3055 0 
0 0 0 0 0 1418 0 0 0 0 0 0 
1 0 0 0 0 0 0 0 0 0 2292 0 
0 0 0 0 0 0 0 0 0 561 0 0 
0 0 0 0 0 0 0 0 0 1 0 363 
0 0 0 0 0 998 0 0 0 0 0 0 
4 6 0 0 4 337 38 0 0 0 0 22 
0 0 0 2 1 13 0 0 0 0 797 1 
0 0 0 0 0 549 0 0 0 0 0 0 
0 0 0 0 0 1877 0 0 0 0 1 0 
0 0 0 0 0 2 0 0 0 764 0 0 
0 0 0 0 0 0 0 0 0 2049 0 0 
0 0 0 0 0 2509 0 0 3 0 0 0 
0 0 0 0 0 0 0 0 0 0 3367 0 
0 0 0 0 0 0 0 0 0 0 2945 0 
0 10 0 0 0 0 0 0 0 2 2377 0 
0 0 0 0 0 0 0 0 0 0 1962 0 
0 0 3 2 1 0 249 9 0 701 0 325 
0 0 0 0 0 2298 0 0 0 0 0 0 
0 0 0 0 0 2676 0 0 0 0 0 0 
0 0 0 0 0 1941 0 0 0 0 1 0 
0 0 0 0 0 1547 0 59 14 101 0 0 
2 1 5 0 0 220 3 0 412 0 0 124 
1 0 0 0 1 1030 0 0 0 0 0 0 
0 0 0 0 0 1257 0 0 0 0 0 0 
0 0 0 0 0 0 0 0 0 0 2072 0 
0 0 0 0 0 0 0 0 0 0 3096 0 
1 0 0 3 62 0 0 0 2 0 686 0 
0 0 0 0 0 0 0 0 0 0 2075 0 
23 0 0 0 0 0 0 0 0 0 0 475 
10 0 12 1024 1 131 38 0 0 0 40 0 
0 0 0 0 0 0 0 0 0 0 0 1554 
0 0 0 0 0 793 0 0 0 0 0 0 
642 21 3 0 0 0 0 0 0 0 0 13 
92 909 0 0 0 0 0 0 0 0 0 0 
0 0 0 0 0 2356 0 0 0 0 0 0 
10 0 0 0 0 4 604 0 0 0 0 0 
0 0 1243 0 46 0 1 0 0 0 4 0 
0 0 0 0 0 0 0 0 0 0 1280 0 
0 0 0 0 0 701 0 0 0 0 0 0 
0 0 0 0 0 0 0 0 0 0 1436 0 
0 0 0 0 0 1 0 0 1 468 0 0 
0 0 0 1 0 273 1111 99 13 0 0 0 
0 0 0 0 0 0 0 0 0 0 986 0 
0 0 0 0 0 0 0 0 0 0 1178 0 
0 0 0 0 4 28 69 0 0 0 1320 1 
0 10 0 0 0 2 107 661 2221 0 85 0 
0 1 0 0 5 620 0 0 0 0 0 2 
0 0 1 0 303 0 0 0 0 0 0 0 
0 0 0 0 0 0 15 0 132 314 0 0 
0 83 570 606 2425 0 0 0 0 0 0 0 
0 0 0 2 0 0 2 0 426 0 0 1 
0 0 0 0 0 0 0 0 1 0 1283 2 
1 0 0 975 264 1 0 1 0 1 0 0 
225 0 0 0 0 0 0 0 0 0 0 441 
0 0 0 0 0 0 0 0 0 0 630 0 
0 0 0 0 1 0 0 0 3 941 0 0 
0 2 1 0 0 8 0 1 1 818 0 0 
0 2 0 0 0 4 0 0 1 0 1811 0 
5 0 953 0 0 0 0 0 0 0 110 6 
0 0 139 89 178 0 0 0 0 12 0 0 
0 0 0 0 0 0 0 1 0 0 2127 0 
0 0 0 0 0 456 0 0 0 0 0 0 
0 273 1 0 0 0 0 0 0 0 0 0 
0 0 0 0 0 0 0 0 0 0 0 2287 
0 0 0 0 0 1166 0 0 1 0 0 0 
0 1 0 1 529 208 0 0 0 0 0 0 
0 0 0 0 0 1577 0 0 0 0 0 0 
0 0 0 0 0 0 0 0 0 0 2588 0 
0 0 0 0 0 0 0 0 0 0 676 0 
0 0 0 0 0 0 0 0 0 0 1332 0 
67 271 0 0 0 0 355 1 2 0 0 282 
21 0 76 1 14 41 0 154 2 6 0 25 
0 0 0 0 1 501 0 1 0 1 3 0 
0 0 0 0 0 0 3 0 0 0 1755 0 
0 0 0 0 0 0 0 0 0 0 529 0 
0 0 0 0 0 0 0 0 0 0 951 0 
0 8 1 0 0 431 0 108 0 0 1 2 
0 0 0 0 0 898 0 0 0 2 0 41 
0 0 0 0 0 2026 0 0 0 0 0 0 
0 0 0 0 0 0 0 1 0 0 446 0 
0 0 0 0 0 0 0 0 0 0 2811 0 
0 0 0 0 0 0 0 0 0 0 0 788 
0 0 3 0 8 0 0 2 472 0 0 0 
0 0 6 0 820 661 1 0 1 0 0 0 
0 0 0 0 0 0 627 1 0 0 0 0 
0 0 0 0 91 0 31 0 0 0 0 632 
