0 0 0 6 324 1446 893 0 1 0 190 0 
0 0 0 0 59 1410 0 0 0 0 0 415 
0 0 0 0 0 0 0 0 0 0 4754 0 
0 201 0 90 230 0 0 1 0 0 0 0 
0 0 2 0 0 5481 465 19 0 18 0 0 
0 0 0 0 0 3853 0 0 0 0 9 0 
0 0 0 0 0 730 0 0 0 0 0 0 
0 0 0 0 1514 0 0 0 0 1 0 0 
0 0 0 0 1673 792 0 0 0 0 37 3 
90 0 0 45 0 1175 0 0 38 0 4 0 
0 0 0 0 0 0 0 732 0 0 0 0 
0 0 0 0 0 0 0 0 0 0 0 1995 
0 0 0 0 0 0 0 0 0 0 971 0 
0 0 0 0 0 0 1 0 0 0 3551 0 
0 0 0 0 0 0 0 0 0 0 1400 0 
0 0 0 0 0 0 0 0 0 0 36 1441 
0 0 0 0 0 0 0 0 0 1437 0 0 
0 0 0 0 9 0 0 0 6 4 712 0 
0 0 2 0 0 0 0 0 0 0 6216 0 
6 1 0 1 0 5117 0 2 1 0 0 0 
0 1 0 0 0 864 0 0 0 2 0 0 
0 0 0 0 0 1757 0 0 0 7 0 0 
0 1 0 10 0 0 0 0 0 0 1757 0 
0 0 0 0 1505 0 0 0 0 0 0 0 
24 3 0 0 0 131 530 99 0 39 0 780 
0 0 0 0 2470 1469 0 0 0 0 0 0 
0 0 1621 0 0 0 0 0 0 0 36 0 
440 0 0 0 0 0 0 0 0 0 0 0 
0 0 0 2 0 0 447 13 0 0 936 0 
0 0 0 0 0 0 0 0 0 0 322 0 
0 0 0 0 0 0 0 736 0 0 0 0 
0 0 0 0 0 0 0 0 0 0 5822 0 
7 0 3 3 0 0 20 0 0 0 4316 1 
0 0 0 0 179 2 149 0 1100 186 0 0 
0 0 0 0 563 0 0 0 0 0 0 0 
0 0 0 0 0 0 286 0 0 0 0 0 
2 0 0 0 557 416 99 0 0 0 0 13 
0 0 0 0 0 0 0 0 0 0 2849 0 
5 0 0 205 0 0 0 13 0 739 2 0 
0 0 0 0 0 993 0 0 0 0 0 0 
0 101 0 0 0 0 0 0 0 0 0 2306 
0 2 0 0 1 0 0 1 431 0 1 0 
0 1035 0 13 0 283 261 90 101 31 0 718 
0 0 0 3 0 0 0 1 0 0 624 7 
0 0 0 0 0 0 0 0 0 0 1240 0 
0 0 0 0 0 0 0 275 0 0 0 157 
0 552 0 18 57 91 26 552 415 8 0 453 
0 0 0 0 1 1 0 0 0 1715 0 0 
46 0 0 0 0 0 0 0 0 0 2690 0 
0 0 0 0 0 0 0 0 0 0 2863 0 
0 0 0 1 0 1559 0 0 0 0 0 0 
0 0 0 0 0 0 0 0 0 0 2378 0 
0 0 0 0 0 3 0 0 0 558 0 0 
0 0 0 0 0 0 0 0 0 0 0 362 
0 0 0 0 0 998 0 0 0 0 0 0 
0 0 38 0 0 212 0 5 0 0 0 156 
0 0 0 0 2 0 1 0 0 0 972 0 
0 0 0 0 0 549 0 0 0 0 0 0 
0 0 0 0 0 1891 0 0 0 0 0 0 
0 0 0 0 0 0 0 0 0 759 0 0 
0 0 0 0 0 0 0 0 0 2054 0 0 
134 29 0 0 18 2337 0 98 0 7 0 2 
0 0 0 1 0 0 0 0 0 0 3502 0 
0 0 0 0 0 0 0 0 0 0 2765 0 
0 20 0 0 1 0 0 0 0 0 2365 0 
0 0 0 0 0 0 0 0 0 0 1963 0 
0 0 0 0 0 0 952 19 1 44 2 271 
0 0 0 0 0 2304 0 0 0 0 0 1 
0 0 0 1 0 2955 0 0 0 0 0 0 
0 1 0 0 0 1779 0 0 3 0 0 0 
0 0 0 0 0 1432 0 97 4 153 0 47 
0 0 0 48 0 3 0 0 0 180 0 536 
0 0 3 0 0 1029 0 0 0 0 0 0 
0 0 0 0 0 1255 0 0 0 0 0 0 
0 0 0 0 0 8 0 0 1 0 2219 4 
0 0 0 0 0 0 0 0 0 0 3154 0 
11 0 0 1 0 0 0 0 0 0 760 0 
0 0 0 0 0 0 1 0 0 0 2013 0 
23 0 0 0 0 0 0 0 0 0 0 475 
1 0 0 1225 0 21 0 0 0 0 0 9 
0 0 0 0 0 0 0 0 0 0 0 1555 
0 0 0 0 1 789 0 2 0 0 2 0 
626 29 0 0 1 0 0 0 0 0 4 13 
0 0 0 0 316 0 0 0 0 0 0 7 
89 919 0 0 0 0 0 0 0 0 0 0 
0 0 0 0 0 2215 0 0 0 0 0 0 
0 2 0 0 9 4 600 0 3 0 0 0 
0 0 1220 0 75 0 0 0 0 0 0 0 
0 0 0 0 0 0 0 0 0 0 1280 0 
0 0 0 0 0 701 0 0 0 0 0 0 
0 0 0 0 0 0 0 0 0 0 1488 0 
0 0 0 2 0 0 13 0 0 455 0 0 
0 0 0 0 0 258 1127 88 14 0 0 0 
0 0 0 0 0 0 0 0 0 0 986 0 
0 0 0 0 0 0 0 0 0 0 1116 0 
0 0 0 1 0 0 50 0 2 0 1400 0 
0 29 0 0 0 2 70 707 2216 0 45 0 
0 0 0 0 0 627 1 0 0 0 0 0 
0 0 0 0 304 0 0 0 0 0 0 0 
0 4 0 0 0 0 12 0 139 306 0 0 
0 32 699 599 2361 0 0 0 0 0 0 0 
0 0 1 0 0 0 0 0 430 0 0 0 
0 0 0 0 0 0 0 0 0 0 1272 6 
0 0 1 1038 193 2 0 0 0 0 1 3 
263 62 0 21 206 0 0 19 0 0 0 95 
0 0 0 0 0 0 0 0 0 0 640 0 
5 0 56 0 28 1 0 0 0 857 0 0 
0 0 0 2 0 0 0 0 0 830 0 0 
0 0 0 0 0 6 0 0 0 0 1792 0 
0 0 928 0 0 0 0 0 0 0 143 0 
0 0 138 51 224 0 4 0 0 0 0 0 
0 0 0 0 0 0 0 0 0 1 2322 0 
0 0 0 0 0 438 0 0 1 0 0 0 
0 274 0 0 0 0 0 0 0 0 0 0 
0 0 0 0 0 0 0 0 0 1 0 2302 
0 0 0 0 0 809 0 0 0 0 0 0 
0 0 0 0 606 160 0 0 0 0 0 0 
0 0 0 0 0 1410 0 0 0 0 0 0 
0 0 0 0 0 4 0 0 0 0 2647 0 
0 0 0 0 0 0 0 0 0 0 675 0 
0 0 0 0 0 0 0 0 0 0 1349 0 
21 296 2 0 549 47 58 1 0 4 0 0 
0 0 0 27 0 0 0 306 0 6 0 1 
0 0 3 0 0 504 0 0 0 0 0 0 
0 0 0 0 1 0 1 0 0 0 1624 0 
0 0 0 0 0 0 0 0 0 0 529 0 
0 0 0 0 0 0 0 0 0 0 1053 1 
0 1 0 0 0 434 0 119 0 1 0 1 
0 2 0 0 3 932 0 1 0 0 0 0 
0 0 0 0 0 2037 0 0 0 0 0 0 
0 0 0 0 0 0 0 0 0 0 448 0 
0 0 0 0 0 0 0 0 0 1 2768 0 
0 0 0 0 0 0 0 0 0 1 0 787 
7 0 0 53 0 5 10 0 410 0 0 0 
0 0 0 0 754 737 0 0 0 0 0 0 
0 0 0 0 7 4 618 0 0 0 0 0 
