0 0 0 330 76 31 0 0 0 0 2418 3 
0 789 0 760 32 0 295 0 0 0 0 0 
0 0 0 0 59 4843 0 0 0 25 1 0 
0 0 0 464 0 1 7 9 0 0 0 0 
0 12 0 0 0 138 543 0 1 4863 537 7 
0 4 0 1 0 12 0 0 0 3802 75 3 
0 0 0 0 1 0 0 0 0 0 696 0 
0 0 0 0 0 0 0 0 0 0 0 1520 
0 0 0 116 0 57 0 0 0 0 2280 2 
7 0 0 0 0 0 0 0 0 0 1673 0 
0 0 0 0 0 0 0 0 0 732 0 0 
0 0 2780 1 0 1 0 0 0 0 0 0 
0 0 0 0 0 960 0 0 0 0 0 0 
0 0 0 0 3710 0 0 4 0 0 0 0 
0 0 0 0 0 1361 0 0 0 0 0 0 
0 0 1 0 1550 0 0 0 0 0 6 1 
0 0 0 0 0 1437 0 0 0 0 0 0 
0 0 0 1 0 0 0 0 0 0 576 0 
0 3 1 5 4829 1670 1 1 7 0 35 1 
0 0 0 0 2 0 0 0 0 0 5311 0 
4 0 0 3 0 0 0 0 0 862 0 0 
0 0 0 0 0 0 0 0 0 2 1626 0 
0 0 0 0 1743 0 0 0 0 0 0 0 
0 0 0 0 0 0 0 0 0 0 1290 0 
0 0 0 0 0 0 0 0 0 0 1606 0 
0 511 298 1274 0 67 417 0 0 0 1500 105 
0 0 0 0 0 0 0 0 341 47 1269 0 
0 0 0 0 0 0 440 0 0 0 0 0 
0 0 0 0 0 0 2041 0 0 4 1 0 
0 0 0 0 0 0 0 0 322 0 0 0 
4 0 0 0 2 2 5 627 0 0 0 92 
0 0 0 0 0 5379 0 0 27 2 6 0 
0 0 0 0 32 4650 0 0 1 0 6 0 
0 0 0 0 0 0 0 0 0 1616 0 0 
0 0 0 0 0 0 0 0 0 0 563 0 
0 37 0 0 0 7 0 3 239 0 0 0 
0 0 0 0 0 2269 0 0 0 0 0 0 
0 0 0 0 0 2866 0 0 0 0 0 0 
0 0 0 12 0 0 0 950 0 0 1 0 
0 0 0 0 0 0 0 0 0 0 1002 0 
0 129 0 9 2208 0 0 0 0 1 0 37 
0 0 0 0 0 3 0 0 407 0 0 0 
0 0 0 0 0 0 0 0 0 0 2580 0 
0 0 2 0 0 0 0 0 0 0 636 0 
0 0 0 0 0 697 0 0 0 0 0 0 
0 430 0 0 0 0 0 0 0 0 0 0 
0 3 0 0 0 0 0 0 0 0 2119 0 
0 0 0 2 0 1702 0 0 0 0 0 0 
4 0 3 0 2653 129 1 0 0 0 0 0 
0 0 0 0 2990 26 0 0 0 0 0 6 
0 0 0 0 0 0 0 0 0 1418 0 0 
0 0 0 61 492 1822 67 13 0 0 0 0 
0 0 0 0 0 561 0 0 0 0 0 0 
0 0 0 362 0 0 0 0 0 0 0 0 
0 0 3 0 0 0 0 0 0 995 0 0 
0 0 0 0 411 0 0 0 0 0 0 0 
18 1 0 0 984 0 0 0 1 0 0 0 
0 0 0 0 0 0 0 0 0 0 549 0 
0 0 0 0 0 0 0 0 0 0 1878 0 
0 0 2 0 0 754 0 0 0 0 0 11 
0 0 0 0 0 937 0 1107 3 0 0 0 
0 0 0 0 0 1 2 0 0 0 2436 0 
0 0 0 14 0 3699 0 0 0 0 0 0 
1 0 0 0 0 2919 0 0 0 0 0 0 
0 0 23 2339 59 0 0 0 0 1 0 0 
0 0 0 0 1961 0 0 0 0 0 0 0 
0 0 0 0 0 0 0 0 0 1266 0 0 
73 342 0 348 245 0 0 749 42 0 558 0 
0 0 0 0 0 377 0 0 0 0 0 0 
0 2 0 0 7 4 0 0 0 0 2816 0 
0 0 0 0 0 0 0 0 0 1878 0 0 
0 0 0 0 0 1845 27 319 1 0 0 0 
0 0 0 0 0 0 0 0 0 0 767 0 
0 0 0 0 0 0 0 0 0 1032 0 0 
0 0 0 0 0 0 0 0 0 1186 0 0 
2 0 0 0 2178 0 0 0 0 0 1 0 
0 0 0 0 0 3099 0 0 0 0 0 0 
0 0 0 1 0 0 0 0 0 0 775 0 
0 0 0 26 1850 53 0 0 0 0 0 0 
469 0 14 0 0 0 0 0 0 0 0 15 
0 0 0 0 1257 0 0 0 0 0 0 0 
0 65 0 36 164 377 505 1 0 0 7 403 
0 1 84 30 2 453 227 0 0 0 0 0 
560 75 6 31 0 0 0 0 8 0 0 0 
0 0 0 324 0 0 0 0 0 0 0 0 
0 917 75 0 2 0 0 0 0 0 0 0 
1 0 0 0 0 0 0 0 0 0 2107 0 
0 0 0 0 0 616 0 0 0 0 0 0 
0 0 309 496 548 0 0 0 0 11 0 0 
0 0 0 0 1280 0 0 0 0 0 0 0 
0 0 0 0 1 0 0 0 0 0 700 0 
0 0 0 0 0 1260 0 0 0 0 0 0 
1 0 0 0 3 0 0 508 21 0 0 0 
0 0 0 0 0 0 211 185 1098 0 0 0 
1 13 0 23 0 0 0 364 0 582 0 3 
0 0 49 24 115 832 0 0 0 0 101 34 
0 0 0 0 0 0 0 0 0 0 1611 0 
2245 93 1 0 3 0 0 366 104 0 224 0 
0 4 0 0 0 0 0 0 0 0 624 0 
12 18 2 0 0 41 120 0 0 0 0 111 
0 0 0 3 0 0 443 0 14 0 1 0 
0 215 0 47 0 0 0 0 0 0 0 3435 
0 0 10 0 0 0 0 0 368 2 0 0 
8 2 0 0 0 1184 27 0 0 0 0 56 
0 0 0 0 1222 0 0 0 0 0 0 0 
46 0 189 0 1 0 0 143 2 64 1 220 
0 0 0 4 722 7 0 0 1 0 0 0 
0 0 0 0 0 0 0 0 0 552 0 0 
0 0 1 0 0 0 0 0 0 0 831 0 
0 0 0 2 0 1800 0 0 0 0 0 0 
0 1 5 1 0 0 0 0 0 0 1065 0 
0 0 375 0 0 0 0 9 0 0 0 0 
0 0 0 0 2171 0 0 0 2 0 0 0 
0 0 0 0 0 0 0 0 0 497 0 0 
0 0 0 0 0 0 0 0 0 0 274 0 
0 0 0 0 2261 0 0 0 0 0 0 0 
0 0 0 2 0 229 0 51 476 51 0 0 
0 0 0 0 768 0 0 0 0 0 0 0 
0 0 0 0 0 0 0 0 0 0 1410 0 
0 6 0 0 269 2186 0 95 303 0 90 0 
0 0 0 0 532 0 0 0 0 79 64 0 
0 0 0 0 795 0 0 0 0 0 0 0 
0 0 0 0 0 978 0 0 0 0 0 0 
0 12 0 0 36 0 289 0 0 3 0 0 
0 2 0 38 263 0 0 0 0 0 211 0 
0 0 0 0 1718 0 0 0 4 0 0 0 
0 0 0 0 448 0 0 0 0 0 0 0 
0 0 0 0 943 0 0 0 0 0 0 0 
0 0 0 0 0 0 0 187 6 364 7 0 
6 423 79 334 0 0 93 0 4 0 3 0 
0 0 0 0 0 1 0 0 0 4 2016 0 
0 0 0 0 0 0 0 38 0 358 0 0 
0 0 0 0 435 0 0 0 0 0 0 0 
0 0 0 0 2752 65 0 0 0 7 0 0 
