0 0 1 361 57 79 0 0 0 0 2342 0 
0 0 0 790 0 0 425 0 0 0 0 0 
0 0 0 0 424 4578 0 1 0 1 0 4 
0 0 0 830 13 0 0 0 0 1 2 0 
0 5 0 0 5 25 2 8 0 5495 173 0 
0 0 0 0 2 34 0 0 0 3744 11 0 
0 0 0 0 0 0 0 0 0 0 703 0 
0 0 0 0 0 0 0 0 0 0 0 1516 
0 0 0 0 0 313 0 0 1 0 2202 7 
0 0 0 3 0 0 0 0 5 0 1506 6 
0 0 0 0 0 0 0 0 0 703 0 0 
0 0 1994 0 0 0 0 0 0 0 1 0 
0 0 0 0 0 964 0 0 0 0 0 0 
0 0 0 0 3649 1 0 0 0 0 0 0 
0 0 0 0 0 1403 0 0 0 0 0 0 
0 0 0 0 1541 0 0 0 0 0 0 0 
0 0 0 0 0 1497 0 0 0 0 0 0 
0 0 0 0 0 0 0 0 0 0 731 0 
10 0 0 0 3944 2275 0 0 0 0 2 0 
0 0 0 0 0 0 0 0 4 0 5032 17 
0 0 0 0 8 0 0 0 0 853 1 0 
0 0 0 0 0 0 0 0 0 0 1676 4 
0 0 0 0 1885 0 0 0 0 0 0 0 
0 0 0 0 0 0 0 0 0 0 1679 0 
0 0 0 0 0 0 0 0 0 0 1606 0 
0 0 11 0 0 6 0 0 0 0 3528 0 
0 0 0 0 0 0 0 0 333 45 1276 0 
0 0 0 0 0 0 440 0 0 0 0 0 
0 0 0 0 0 0 1396 0 0 0 0 0 
0 0 0 0 0 0 0 0 322 0 0 0 
0 10 0 0 0 0 1 724 0 0 0 1 
0 1 0 1 4 5501 0 0 0 0 0 85 
0 0 0 0 31 4294 0 1 0 0 0 0 
0 0 0 0 0 0 0 0 0 1616 0 0 
0 0 0 0 0 0 0 0 0 0 563 0 
0 10 139 1 0 0 134 0 0 0 0 2 
0 0 0 0 0 1092 0 0 0 0 0 0 
0 0 0 0 0 2817 0 0 0 0 0 0 
0 0 0 14 0 0 0 949 0 0 0 0 
0 0 0 0 0 0 0 0 0 0 982 0 
0 189 1 38 2176 0 0 1 0 0 0 20 
0 0 0 120 39 5 0 0 214 0 24 0 
0 0 0 0 0 0 0 0 0 0 2580 0 
0 0 0 0 0 0 0 0 0 0 627 0 
0 0 0 0 0 1240 0 0 0 0 0 0 
0 371 0 0 0 0 0 0 0 0 0 0 
0 0 0 0 0 0 0 0 0 0 2123 0 
0 0 0 0 0 1703 0 0 0 0 0 0 
0 0 0 0 2439 129 0 0 0 0 0 0 
0 1 0 0 3107 7 0 0 0 0 0 1 
0 0 0 0 0 0 0 1 0 1720 0 0 
0 0 0 0 508 1794 0 0 4 0 1 0 
0 0 3 1 0 525 0 1 0 0 1 0 
0 0 0 361 0 0 0 0 0 0 0 0 
0 0 0 0 0 0 0 0 0 998 0 0 
0 0 0 0 411 0 0 0 0 0 0 0 
0 6 3 45 893 1 0 0 15 0 0 1 
0 0 0 0 0 0 0 0 0 0 549 0 
1 0 0 0 0 0 0 0 0 0 1890 0 
0 0 0 1 0 679 0 4 34 0 10 0 
1 2 4 0 0 833 3 1210 0 0 0 0 
0 0 0 0 0 0 0 0 0 0 2481 0 
0 0 0 0 0 3355 0 0 0 0 0 0 
0 0 0 0 7 2959 0 0 0 0 0 0 
0 28 0 1190 66 0 0 0 5 0 0 0 
0 0 0 0 1962 0 0 0 0 0 0 0 
0 0 0 0 0 0 0 0 0 1297 0 0 
0 0 4 220 198 142 35 1018 0 684 20 0 
0 0 0 0 0 0 0 0 0 0 3154 0 
0 0 0 0 0 0 0 1 0 1795 0 0 
0 0 0 0 0 1453 35 258 0 0 0 0 
0 1 0 0 0 0 0 0 0 0 766 0 
0 1 0 0 0 0 0 0 0 1089 0 0 
0 0 0 0 0 0 0 0 0 1244 0 0 
0 0 0 0 2088 5 0 0 0 1 0 1 
1 0 0 0 0 3075 0 0 0 0 0 0 
0 0 0 0 0 0 0 0 0 0 763 0 
0 2 0 0 2053 0 0 0 28 0 0 0 
480 0 9 0 0 0 0 0 0 0 0 9 
0 0 0 0 1267 0 0 0 0 0 0 0 
17 46 0 0 108 1371 0 0 0 0 0 14 
0 0 0 464 197 4 29 1 0 41 56 0 
583 91 5 0 0 0 0 0 0 0 0 0 
0 903 86 0 0 0 3 0 2 0 0 0 
0 0 0 0 0 2 0 0 0 0 2075 0 
0 0 0 0 0 617 0 0 1 0 0 0 
0 0 84 389 806 6 0 0 0 2 0 0 
0 0 0 0 1280 0 0 0 0 0 0 0 
0 0 0 0 0 0 0 0 0 0 701 0 
0 0 0 0 0 1479 0 0 0 0 0 0 
0 0 1 3 0 0 0 464 0 0 0 2 
0 0 0 0 0 0 271 201 1025 0 0 1 
316 10 0 14 0 85 4 356 112 0 122 0 
0 0 0 0 0 1275 0 0 1 4 0 0 
0 0 0 0 0 0 0 0 0 0 1453 0 
2372 120 14 9 6 10 0 298 156 0 112 0 
0 0 0 0 1 0 0 0 0 0 627 0 
0 0 235 60 3 0 0 0 0 0 0 6 
0 2 0 0 0 0 424 0 34 0 0 1 
0 225 0 40 0 0 0 0 0 0 0 3425 
0 0 0 1 0 0 0 0 185 245 0 0 
5 1 0 0 32 1217 5 7 0 0 0 0 
0 0 0 0 1252 0 0 0 0 0 0 0 
0 0 0 489 0 0 16 0 4 135 21 8 
0 0 0 0 630 1 0 0 0 0 0 0 
0 0 0 0 0 0 0 0 0 946 0 0 
0 0 0 0 0 0 0 0 0 0 831 0 
1 0 0 0 3 1778 3 0 0 0 0 0 
0 0 0 0 0 0 1 0 5 0 1008 64 
0 0 414 0 2 1 0 0 0 0 0 0 
0 0 0 1 2162 0 0 0 0 0 0 0 
0 0 0 0 0 0 0 0 0 439 0 0 
0 0 0 2 0 0 0 0 1 0 271 0 
0 0 0 1 2296 0 0 0 1 0 0 1 
9 0 8 8 0 0 0 0 0 0 1060 0 
0 0 0 0 753 0 0 0 0 0 0 0 
0 0 0 0 0 0 0 0 0 0 1577 0 
7 0 51 0 1 2516 42 0 0 0 0 0 
11 0 520 142 0 0 0 3 0 0 0 0 
0 0 0 0 1321 0 0 0 0 0 0 0 
0 0 0 0 0 978 0 0 0 0 0 0 
59 14 0 7 41 0 0 0 61 2 0 156 
446 0 18 0 0 14 0 0 0 8 21 0 
0 0 0 0 1610 0 1 0 0 1 0 1 
0 0 0 0 528 0 0 0 0 0 0 1 
0 1 0 0 929 0 0 0 0 0 0 0 
0 1 0 0 0 0 4 129 0 422 0 0 
0 0 873 2 47 0 0 0 0 0 27 0 
0 0 0 0 0 0 0 0 0 30 2003 0 
0 0 0 0 448 0 0 0 0 0 0 0 
0 0 0 10 2639 118 3 16 0 11 0 0 
220 100 109 73 0 0 0 0 212 0 78 0 
13 0 29 0 44 246 0 0 0 153 0 0 
0 0 0 0 0 1490 0 0 0 0 0 0 
0 0 0 0 0 0 627 0 2 0 0 0 
0 704 0 0 0 1 36 0 1 0 1 0 
0 0 58 1018 18 4 0 3 0 0 3 0 
