1 1 0 509 62 28 0 0 0 0 2235 0 
0 0 0 728 0 0 487 0 0 0 0 0 
0 0 1 0 313 4541 0 1 7 3 8 0 
0 0 0 835 13 0 0 0 0 0 0 0 
0 0 0 0 0 155 1 8 0 5286 212 3 
0 3 0 0 0 39 0 0 0 3765 10 6 
0 1 0 0 0 0 0 0 0 0 655 0 
0 0 0 1 0 0 0 0 0 0 0 1515 
1 1 0 0 0 392 0 15 0 0 2126 12 
0 0 0 0 0 0 0 0 2 0 1516 0 
0 0 0 0 0 0 0 0 0 733 1 0 
0 0 1995 0 0 0 0 0 0 0 0 0 
0 0 0 0 0 972 0 0 0 0 0 0 
1 0 0 0 3546 0 0 0 0 0 0 0 
0 0 0 0 0 1399 0 0 0 0 0 0 
0 2 0 0 1544 1 0 0 0 0 0 0 
0 0 0 0 0 1437 0 0 0 0 0 0 
0 0 0 0 0 0 0 0 0 0 731 0 
32 7 0 0 4334 1992 0 7 0 1 1 0 
0 0 0 0 0 0 0 0 0 1 5091 1 
0 0 0 2 0 0 0 0 0 846 0 0 
0 0 0 0 0 0 0 0 0 0 1738 0 
0 0 0 0 1891 0 0 0 0 0 0 0 
0 0 0 0 0 0 0 0 0 0 1685 0 
0 0 0 0 0 0 0 0 0 0 1606 0 
0 0 0 0 0 0 0 0 0 0 3522 2 
0 0 0 0 0 0 0 0 341 49 1258 9 
0 0 0 0 0 0 440 0 0 0 0 0 
0 0 0 0 0 1 1395 0 0 0 0 0 
0 0 0 0 0 0 0 0 322 0 0 0 
1 0 5 0 0 0 0 726 0 0 0 0 
14 0 1 0 6 5640 0 2 0 0 0 38 
19 1 0 0 50 4239 0 0 0 0 9 0 
0 0 0 0 0 0 0 0 0 1616 0 0 
0 0 0 0 0 0 0 0 0 0 563 0 
0 8 181 6 0 0 91 0 0 0 0 0 
0 0 0 0 0 1091 0 0 0 0 0 0 
0 0 0 0 0 2870 0 0 0 0 0 0 
0 0 0 8 0 0 0 955 0 0 0 0 
0 0 0 0 0 0 2 0 0 0 983 0 
0 142 0 16 2216 0 0 0 0 1 0 42 
0 0 0 121 0 23 0 4 157 1 96 0 
0 0 0 0 0 0 0 1 0 1 2570 0 
0 0 0 0 0 0 0 0 1 0 625 0 
0 0 0 0 0 1240 0 0 0 0 0 0 
0 379 0 0 0 0 0 0 0 0 0 0 
0 0 0 0 0 2 0 2 0 0 2127 0 
0 0 0 0 0 1706 0 0 0 0 0 0 
1 0 0 5 2342 201 0 0 1 0 0 0 
0 0 0 0 3114 6 0 0 0 3 0 0 
0 0 0 0 0 0 0 0 1 1768 0 3 
0 34 0 0 513 1684 0 5 0 7 12 0 
0 0 0 0 0 514 0 0 0 0 47 0 
0 0 0 362 0 0 0 0 0 0 0 0 
0 0 3 0 0 0 0 0 0 995 0 0 
0 0 0 0 411 0 0 0 0 0 0 0 
0 0 0 53 763 7 0 0 0 0 0 0 
0 0 0 0 0 0 0 0 0 0 549 0 
0 0 0 0 0 0 0 0 0 0 1858 0 
0 0 0 0 0 762 0 0 0 0 0 0 
0 0 0 0 0 553 0 1443 1 18 0 37 
0 0 0 0 0 0 0 0 0 0 2608 0 
0 8 0 0 0 3352 0 0 0 15 0 0 
0 0 0 0 0 2868 0 0 0 0 0 0 
0 27 0 1045 156 0 0 2 0 0 0 55 
0 0 0 0 1964 0 0 0 0 0 0 0 
0 0 0 0 0 0 0 0 0 1296 0 0 
0 0 1 293 143 109 49 1333 0 389 0 0 
0 0 0 0 0 0 0 0 0 1 2871 0 
0 0 0 0 0 0 0 0 0 1764 0 0 
4 0 0 0 0 1461 22 253 0 0 1 0 
0 0 0 0 2 0 1 0 0 1 763 0 
0 0 0 0 0 0 0 0 0 1090 0 0 
0 0 0 0 0 0 0 0 0 1253 0 0 
0 0 1 0 2121 0 0 0 0 2 0 0 
0 0 0 0 0 3086 0 0 0 0 0 0 
0 0 0 0 0 0 0 0 0 0 763 0 
0 0 0 19 2065 0 0 0 0 0 0 2 
477 0 11 0 0 0 0 0 0 0 0 10 
0 0 0 0 1276 0 0 0 0 0 0 0 
15 32 0 0 80 1320 1 0 0 14 0 93 
2 0 4 431 146 0 51 0 0 0 158 0 
634 28 0 1 0 0 4 0 0 0 0 5 
0 939 68 0 0 0 0 0 0 0 0 0 
0 0 0 0 0 0 0 0 0 0 2382 0 
0 0 0 0 0 617 0 0 0 0 0 0 
0 0 101 393 799 0 0 0 0 0 0 0 
0 0 0 0 1280 0 0 0 0 0 0 0 
0 1 0 0 0 0 0 0 0 0 700 0 
0 3 0 0 0 1391 0 0 0 2 0 0 
0 0 10 0 0 0 0 460 0 0 0 0 
0 1 0 0 0 0 217 217 1063 0 0 0 
233 20 0 1 3 312 8 260 118 0 31 0 
0 3 1 0 0 1243 0 0 0 0 0 0 
0 0 0 0 0 0 0 0 0 0 1453 0 
2432 64 0 7 5 0 1 289 160 0 132 0 
0 0 2 0 0 2 3 0 0 0 620 2 
0 0 258 44 0 0 1 0 0 1 0 0 
0 0 0 0 0 2 434 0 25 0 0 0 
1 224 0 42 0 0 0 1 0 0 0 3422 
0 0 0 0 0 0 0 0 181 250 0 0 
6 0 0 26 0 1208 0 0 1 45 0 1 
0 0 0 0 1252 0 0 0 0 0 0 0 
0 0 6 497 6 0 0 7 0 127 23 0 
0 0 2 0 627 0 0 0 0 0 0 0 
0 0 0 0 0 0 0 0 0 946 0 0 
0 0 0 0 0 0 0 0 0 0 831 0 
16 0 3 0 0 1758 0 0 0 1 23 9 
0 0 0 0 0 0 0 0 0 0 906 171 
0 0 417 0 0 0 0 0 0 0 0 0 
0 0 0 0 2301 0 0 0 0 0 0 0 
0 0 0 0 0 0 0 0 0 439 0 0 
0 0 0 0 0 0 0 0 0 0 274 0 
0 0 0 0 2279 0 0 0 0 0 0 3 
0 0 0 0 0 0 0 0 0 0 1067 10 
0 0 0 0 753 0 0 0 0 0 0 0 
0 0 0 0 0 0 0 0 0 0 1410 0 
0 0 8 0 0 2575 15 0 0 0 7 0 
2 0 299 356 19 0 0 0 0 0 0 0 
0 0 0 0 1322 0 0 0 0 0 0 0 
0 0 0 0 0 978 0 0 0 0 0 0 
118 0 0 3 18 0 0 0 64 0 0 137 
500 0 0 0 6 0 0 0 0 0 1 0 
0 0 0 0 1801 0 0 0 0 0 0 0 
0 0 1 0 543 0 0 0 0 0 0 0 
0 0 0 0 936 0 0 0 0 0 1 0 
0 0 0 0 0 0 0 212 0 344 0 0 
0 0 819 1 127 0 0 0 0 0 1 0 
0 0 0 0 0 0 0 0 0 2 2015 0 
0 0 0 0 446 0 0 0 0 0 0 0 
0 0 0 0 2683 42 6 0 5 0 0 0 
267 63 200 29 0 0 0 0 162 0 71 0 
7 0 0 1 12 138 0 0 1 325 1 0 
0 0 0 0 0 1492 0 0 0 0 0 0 
0 0 0 0 0 2 627 0 0 0 0 0 
0 716 0 0 0 0 27 0 0 0 0 0 
0 0 41 1015 48 0 0 0 0 0 1 0 
