3 4 0 0 34 306 231 0 0 0 2983 0 
0 0 0 5 118 2131 0 0 0 0 0 623 
0 0 0 0 0 0 0 0 0 0 5635 0 
0 202 0 13 237 0 0 0 0 0 0 0 
1 0 1 0 0 6711 693 106 0 29 0 0 
0 0 0 0 0 3945 0 0 0 0 8 0 
0 0 0 0 0 633 0 0 0 0 0 0 
0 0 1 0 1434 0 0 0 0 0 0 0 
1 0 19 1 1889 937 0 0 0 0 80 2 
232 63 3 0 27 967 199 1168 46 165 19 218 
0 0 0 0 0 0 0 702 0 0 0 0 
0 0 0 0 0 0 0 0 0 0 0 2361 
0 0 0 0 0 0 0 0 0 0 1 601 
0 0 0 0 0 0 0 0 0 0 891 0 
0 0 0 0 0 0 0 0 0 0 2701 0 
0 0 0 0 0 0 0 0 0 0 1499 0 
3 0 0 0 0 0 0 0 0 0 3958 1145 
0 0 0 0 0 0 0 1 0 1493 0 0 
0 0 0 2 0 0 0 21 0 3 573 0 
0 0 0 0 0 0 0 0 0 0 5995 0 
0 0 0 0 0 7730 0 0 0 0 1 7 
0 0 0 0 1 905 4 0 1 0 0 0 
0 0 0 0 0 635 0 0 0 0 0 0 
1 98 22 17 0 107 38 25 58 424 114 99 
0 0 0 0 1290 0 0 0 0 0 0 0 
81 123 86 136 89 264 51 0 194 94 140 465 
0 2 0 0 3438 1200 0 0 2 0 0 0 
0 362 1411 0 0 157 0 0 0 0 43 1 
440 0 0 0 0 0 0 0 0 0 0 0 
2 0 0 8 4 54 1506 0 4 0 462 17 
0 0 0 0 0 0 0 0 0 0 322 0 
0 0 0 0 0 0 0 736 0 0 0 0 
1 0 1 0 0 1 0 1 0 0 4294 0 
73 61 5 90 25 111 29 208 73 17 8121 109 
0 0 0 0 0 0 0 0 0 0 281 179 
20 286 208 99 219 267 18 57 31 128 191 89 
0 0 0 0 563 0 0 0 0 0 0 0 
0 0 0 0 0 0 286 0 0 0 0 0 
133 4 112 0 881 1064 58 59 0 0 26 0 
0 0 0 0 0 0 0 0 0 0 2272 0 
0 0 0 603 1 0 16 39 0 260 0 0 
0 0 0 0 0 1003 0 0 0 0 0 0 
0 135 1 0 0 0 1 6 0 0 6 2278 
0 0 0 0 0 0 0 0 436 0 0 0 
252 389 76 29 22 340 137 692 114 71 0 339 
0 0 0 0 0 0 1 0 0 1 2954 0 
0 0 0 0 0 0 0 0 0 0 697 0 
1 0 0 0 0 0 0 286 0 1 0 128 
0 0 0 0 0 360 0 0 0 0 0 0 
196 71 263 42 252 487 167 265 159 110 435 325 
0 0 0 0 0 0 0 1 0 1742 0 0 
0 9 157 1 58 14 1 0 0 0 3138 0 
0 0 0 0 0 0 0 0 0 0 2770 0 
0 0 0 0 0 1223 0 0 0 0 0 0 
0 0 0 0 0 0 0 0 0 0 2340 0 
0 0 0 0 0 0 0 0 0 564 0 1 
0 0 0 0 0 0 0 0 0 0 0 364 
0 0 0 0 0 998 0 0 0 0 0 0 
2 131 73 3 0 84 0 0 0 116 0 2 
0 0 0 0 0 4 0 0 0 2 3958 0 
0 2 0 1 0 74 3 3 0 3 1190 43 
0 0 0 0 0 549 0 0 0 0 0 0 
0 8 925 0 1 0 2 0 0 9 31 0 
0 0 0 0 0 0 0 0 0 210 0 0 
0 0 0 44 0 0 0 0 0 0 790 78 
0 0 0 0 0 2028 0 0 0 0 0 0 
0 0 0 0 0 0 0 0 0 768 0 1 
0 0 0 0 0 0 0 0 0 1831 0 0 
17 165 149 104 371 496 326 59 4 125 32 265 
0 0 0 0 0 1 0 0 0 0 3275 0 
0 0 0 0 0 0 0 0 0 0 1189 0 
0 22 0 0 0 0 0 4 0 0 2301 0 
0 0 0 0 0 0 0 0 0 0 1918 0 
69 49 0 101 260 114 130 210 17 64 80 263 
0 0 0 0 0 2352 0 0 0 0 0 0 
50 48 91 138 72 68 171 1 101 150 281 131 
0 0 1 0 0 3211 0 0 0 0 0 0 
0 0 0 0 0 686 0 0 59 0 0 0 
35 143 52 115 45 187 19 245 352 782 112 54 
0 1 129 66 90 108 0 0 50 399 0 91 
0 0 0 0 0 1058 0 0 0 0 0 0 
0 0 0 0 0 1186 0 0 0 0 0 0 
0 0 0 0 0 0 0 0 0 0 783 0 
216 263 727 251 4 198 118 110 412 51 380 348 
0 0 0 0 0 0 0 0 0 0 1005 0 
7 1 109 0 70 62 2 158 0 3 272 86 
0 0 0 0 0 0 0 0 0 0 1898 0 
0 0 0 0 0 0 0 0 0 0 694 0 
31 0 0 0 0 0 0 0 0 0 0 484 
109 130 14 658 577 364 10 36 0 125 116 38 
0 0 0 0 0 0 0 0 0 0 0 2072 
0 0 0 0 0 1555 0 0 0 0 0 0 
0 0 0 0 0 0 0 0 0 0 768 0 
905 64 0 0 0 0 0 0 0 0 0 33 
60 0 0 0 252 0 0 0 5 0 4 3 
95 1028 0 0 0 0 1 0 0 0 0 1 
0 0 0 0 0 1380 0 0 0 0 0 0 
2 0 0 0 0 4 608 1 0 0 0 0 
0 0 0 0 0 0 0 0 0 0 1276 0 
0 0 1013 245 57 0 0 0 0 0 0 0 
0 29 83 33 97 0 73 80 6 104 92 209 
0 0 0 0 0 543 0 0 0 0 0 0 
0 0 0 0 0 0 0 0 0 0 0 675 
0 0 0 0 0 0 0 0 0 0 769 0 
6 0 1 4 0 0 1 0 0 786 29 2 
0 0 0 0 0 1049 0 0 0 0 0 0 
0 0 0 0 0 245 1158 72 4 0 0 0 
0 0 0 0 0 0 0 0 0 0 986 0 
0 0 0 0 0 0 0 0 0 0 886 0 
150 0 47 195 323 20 89 40 0 184 495 109 
7 9 204 0 0 0 120 508 2151 0 46 0 
0 13 0 0 6 1185 0 0 0 4 0 0 
0 0 0 0 276 0 0 0 0 0 0 0 
0 0 0 1 0 0 12 0 129 296 0 0 
1 69 698 659 2352 0 11 1 0 0 0 0 
0 96 276 0 0 7 0 0 0 0 0 2 
0 0 0 3 0 0 0 1 0 0 1369 0 
0 16 157 443 396 0 4 6 0 0 19 40 
0 0 0 0 0 0 0 0 0 0 2896 0 
0 0 0 0 438 160 0 0 0 0 26 0 
0 0 0 0 0 0 0 0 0 0 579 0 
0 0 0 0 0 0 0 0 0 0 764 0 
7 59 82 21 89 66 1 19 25 44 99 9 
