0 0 0 365 47 79 0 10 0 5 2986 1 
0 1135 0 949 2 337 416 16 0 0 0 0 
3 73 0 0 259 5132 0 17 9 16 150 2 
0 4 0 405 0 0 9 0 41 0 2 0 
0 3 0 0 29 152 365 19 14 5510 155 0 
0 0 0 0 0 55 0 0 0 3875 32 0 
0 0 0 0 0 0 0 0 0 0 532 0 
0 0 0 0 0 0 0 0 0 0 0 1515 
0 20 0 223 9 395 0 0 1 0 1854 0 
0 3 0 0 2 0 0 29 0 59 2983 4 
0 0 0 0 0 1 0 0 0 723 0 0 
0 0 2810 0 0 0 0 0 3 0 0 0 
0 0 0 0 0 865 0 0 0 0 0 0 
0 0 0 0 4005 0 2 0 0 0 1 0 
0 0 0 0 0 1517 0 0 0 0 0 0 
1 8 0 0 2334 10 0 0 0 0 7 0 
0 0 0 0 0 1467 0 0 0 0 0 0 
0 0 0 0 0 0 0 0 0 0 655 0 
54 24 48 19 2588 3090 0 344 43 141 42 55 
3 5 1 38 29 0 0 13 0 0 5892 54 
0 0 0 0 0 0 0 0 0 854 0 0 
0 0 0 0 0 0 0 0 0 0 850 0 
0 0 0 0 1003 0 0 0 0 0 0 0 
0 0 0 0 0 0 0 0 0 0 1290 0 
0 0 0 0 0 0 0 0 0 0 1606 0 
0 490 230 541 0 505 329 65 266 48 1183 613 
0 0 0 0 0 0 0 0 330 43 1329 0 
0 0 0 0 0 0 440 0 0 0 0 0 
1 0 0 0 0 0 2037 0 0 9 0 1 
0 0 0 0 0 0 0 0 322 0 0 0 
0 0 1 0 44 9 0 557 125 0 0 0 
26 37 0 114 341 4728 6 7 0 6 5 8 
0 48 14 40 539 5083 0 4 5 0 0 0 
0 0 0 0 0 0 0 0 0 1616 0 0 
0 0 0 0 0 0 0 0 0 0 563 0 
0 54 0 108 0 0 26 0 97 0 0 1 
0 0 0 0 0 2311 0 0 0 0 0 0 
0 0 0 0 0 2854 0 0 0 0 0 0 
0 0 0 13 0 0 2 1114 0 0 0 0 
0 2 0 0 0 0 0 0 0 0 997 0 
0 124 0 2 2374 6 8 0 0 0 0 35 
1 0 0 0 0 2 0 0 404 2 0 0 
0 0 0 0 0 0 0 0 0 0 2396 0 
6 2 0 248 495 686 215 104 10 31 1186 70 
0 0 0 0 0 737 0 0 0 0 0 0 
0 410 0 0 0 0 0 0 0 0 0 0 
0 0 0 0 0 3 0 0 0 0 2762 0 
0 0 0 0 1 1730 0 0 0 0 0 0 
0 1 4 2 2399 477 0 29 13 45 49 29 
0 0 0 0 2739 15 1 0 0 0 0 0 
0 0 0 0 0 0 0 0 0 1209 0 0 
24 0 0 0 488 1772 0 0 0 0 0 3 
0 1 0 21 0 380 0 1 0 131 0 38 
0 0 0 364 0 0 0 0 0 0 0 0 
0 0 0 2 0 0 0 0 0 996 0 0 
0 0 0 0 411 0 0 0 0 0 0 0 
0 3 0 4 970 56 3 84 16 14 13 4 
0 0 0 0 0 0 0 0 0 0 549 0 
0 0 0 0 0 0 0 0 0 27 2559 0 
0 0 0 45 0 624 0 65 0 0 0 0 
0 20 0 1 4 800 0 1044 34 19 43 0 
0 0 0 0 0 0 0 0 0 0 1954 0 
141 1 17 57 876 1026 113 64 56 305 318 138 
0 0 0 2 0 2120 0 3 0 0 0 0 
0 1 99 2261 60 0 1 0 0 0 3 0 
0 0 0 0 1918 0 0 0 0 0 0 0 
0 0 0 0 0 0 0 0 0 1340 0 0 
1 439 0 238 922 78 83 214 70 205 285 15 
0 0 0 0 0 1302 0 0 0 0 0 0 
512 0 5 203 20 7 282 600 95 298 1193 0 
0 0 0 0 0 0 0 0 0 1647 0 0 
0 0 0 0 0 1775 29 315 0 0 0 0 
0 0 0 0 0 0 0 0 0 0 767 0 
0 0 0 0 0 0 0 0 0 1158 0 0 
0 0 0 0 0 0 0 0 0 1259 0 0 
0 0 0 0 0 653 0 0 1 0 0 0 
2 0 0 0 3092 0 0 0 0 0 0 0 
0 2 0 0 0 2933 0 0 0 0 0 0 
0 0 0 0 0 0 0 0 0 0 771 0 
2 29 0 154 1007 156 107 115 59 7 85 171 
488 0 11 0 0 0 0 0 0 0 1 15 
0 0 0 0 2187 0 0 0 0 0 0 0 
141 84 3 199 89 532 325 26 159 0 123 141 
0 0 81 76 84 311 137 20 16 0 32 0 
0 0 1 0 1586 0 0 0 0 0 0 0 
804 163 0 0 0 11 13 0 0 0 0 11 
0 0 0 324 0 0 0 0 0 0 0 0 
0 922 99 0 0 0 0 0 0 0 0 0 
0 0 0 0 0 0 0 0 0 0 1570 0 
0 0 0 0 0 616 0 0 0 0 0 0 
0 1 0 0 1630 0 0 0 0 0 0 1 
0 0 389 471 468 0 0 0 0 0 1 0 
0 0 0 0 808 0 0 0 0 0 0 0 
0 0 0 0 0 0 0 0 0 0 2033 0 
0 0 0 0 0 1107 0 0 0 0 0 0 
0 0 0 1 3 0 0 691 0 156 0 0 
0 0 0 0 0 5 207 210 1055 0 6 0 
0 331 0 0 1 285 0 369 0 0 0 0 
39 23 38 0 321 88 31 22 61 8 117 162 
0 0 0 0 0 0 0 0 0 0 1654 0 
2260 51 5 0 0 0 0 290 164 0 238 23 
0 0 0 0 0 0 0 4 0 0 645 0 
0 2 23 0 0 0 0 9 0 0 1 237 
0 0 0 1 0 1 432 4 20 0 0 3 
0 238 0 89 0 0 0 0 0 0 0 3367 
0 0 1 0 0 0 0 0 365 0 15 0 
0 0 0 0 3 1528 0 0 0 3 0 0 
0 0 0 0 1081 0 0 0 0 0 0 0 
0 0 0 0 2472 46 0 2 0 0 27 1 
28 1 91 2 10 67 0 0 83 11 373 0 
0 0 0 0 526 4 0 0 0 0 0 0 
0 0 0 0 0 0 0 0 0 515 0 0 
0 0 0 0 0 0 0 0 0 0 696 0 
14 0 0 2 0 1854 0 2 0 0 0 0 
47 2 18 0 27 19 31 22 0 180 736 3 
0 3 362 0 8 0 0 0 0 0 3 0 
0 0 0 0 2186 0 0 0 0 0 0 0 
0 0 0 0 633 0 0 0 0 0 0 0 
0 0 0 0 0 0 0 0 0 489 0 0 
0 0 0 2 0 0 0 0 0 1 271 0 
0 0 0 0 494 0 0 0 0 0 0 0 
0 0 1 0 1606 1 0 0 0 0 0 1 
0 0 0 0 0 0 0 0 0 0 1049 0 
0 0 118 130 85 365 96 42 14 0 14 0 
